 obs_sequence
obs_kind_definitions
       3
    25          LAND_SFC_U_WIND_COMPONENT   
    26          LAND_SFC_V_WIND_COMPONENT   
    27          LAND_SFC_TEMPERATURE   
  num_copies:            2  num_qc:            1
 num_obs:       225  max_num_obs:       225
observations
truth
QC radar
  first:            1  last:       225
 OBS            1
       4.84427192122044
       4.74640165939609
       1.00000000000000
 -1 2 -1
obdef
loc3d
        4.90540352515539              0.69194112440599            606.33142089843750     -1
kind
     25     
    75600          153963     
       12.25000000000000  
 OBS            2
      -3.18132985106654
      -2.74746714906454
       1.00000000000000
 1 3 -1
obdef
loc3d
        4.94546412681761              0.68348353984884             17.75631332397461     -1
kind
     25     
    75600          153963     
       12.25000000000000  
 OBS            3
      -3.48777166461285
      -1.15550029860525
       1.00000000000000
 2 4 -1
obdef
loc3d
        4.94660974174000              0.67744857875853             29.35406684875488     -1
kind
     25     
    75600          153963     
       12.25000000000000  
 OBS            4
       2.02633540233695
      -0.08788861078015
       1.00000000000000
 3 5 -1
obdef
loc3d
        4.94648126630843              0.68652865419204             54.82812500000000     -1
kind
     25     
    75600          153963     
       12.25000000000000  
 OBS            5
      -0.78044317148704
      -1.62953392067567
       1.00000000000000
 4 6 -1
obdef
loc3d
        4.94445426011379              0.68507566758975             62.61011505126953     -1
kind
     25     
    75600          153963     
       12.25000000000000  
 OBS            6
       1.10473601397878
      -2.33566149256579
       1.00000000000000
 5 7 -1
obdef
loc3d
        4.94602055174578              0.68752162087271            134.15721130371091     -1
kind
     25     
    75600          153963     
       12.25000000000000  
 OBS            7
      -6.20425197921454
      -3.36808240664376
       1.00000000000000
 6 8 -1
obdef
loc3d
        4.94603912728501              0.67254511985829             35.00297546386719     -1
kind
     25     
    75600          153963     
       12.25000000000000  
 OBS            8
       4.60459509044978
       2.69182803137581
       1.00000000000000
 7 9 -1
obdef
loc3d
        4.95877904994953              0.67986585977255             17.04111671447754     -1
kind
     25     
    75600          153963     
       12.25000000000000  
 OBS            9
       0.29198991465348
       1.25370067060072
       1.00000000000000
 8 10 -1
obdef
loc3d
        4.93958042817759              0.69095160998657            226.13127136230469     -1
kind
     25     
    75600          153963     
       12.25000000000000  
 OBS            10
       0.55768272983849
       2.71735891449859
       1.00000000000000
 9 11 -1
obdef
loc3d
        4.95756313665553              0.69181797222864             89.84997558593750     -1
kind
     25     
    75600          153963     
       12.25000000000000  
 OBS            11
       6.31266947083094
       4.06730960824385
       1.00000000000000
 10 12 -1
obdef
loc3d
        4.94078657111844              0.67409210989409             60.81152343750000     -1
kind
     25     
    75600          153963     
       12.25000000000000  
 OBS            12
       5.84659694247158
       1.62475572955839
       1.00000000000000
 11 13 -1
obdef
loc3d
        4.95557846691255              0.67267262139613              1.00000000000000     -1
kind
     25     
    75600          153963     
       12.25000000000000  
 OBS            13
      -2.93517511179833
      -0.03698664413473
       1.00000000000000
 12 14 -1
obdef
loc3d
        4.93193348448080              0.68856418981073            106.00000000000000     -1
kind
     25     
    75600          153963     
       12.25000000000000  
 OBS            14
       4.05697939282420
       4.75804094366275
       1.00000000000000
 13 15 -1
obdef
loc3d
        4.89970838141578              0.68765245249877            785.09423828125000     -1
kind
     25     
    75600          153963     
       12.25000000000000  
 OBS            15
      -1.44294839236351
      -0.82099955595380
       1.00000000000000
 14 16 -1
obdef
loc3d
        4.95026814558372              0.68993059237416             93.11567687988281     -1
kind
     25     
    75600          153963     
       12.25000000000000  
 OBS            16
      -2.95826820951524
      -0.52141354717055
       1.00000000000000
 15 17 -1
obdef
loc3d
        4.94174512165160              0.68484635226999            116.56585693359381     -1
kind
     25     
    75600          153963     
       12.25000000000000  
 OBS            17
      -1.57444703874877
       3.34467564659344
       1.00000000000000
 16 18 -1
obdef
loc3d
        4.95420735021482              0.68473663912788             15.00000000000000     -1
kind
     25     
    75600          153963     
       12.25000000000000  
 OBS            18
      -0.91902323923639
      -0.50350193085680
       1.00000000000000
 17 19 -1
obdef
loc3d
        4.93477042118681              0.68310638816012            118.89588928222661     -1
kind
     25     
    75600          153963     
       12.25000000000000  
 OBS            19
       1.91375399810858
      -0.67686966331873
       1.00000000000000
 18 20 -1
obdef
loc3d
        4.93795631029682              0.68276407673392            144.94107055664060     -1
kind
     25     
    75600          153963     
       12.25000000000000  
 OBS            20
       0.90536019726782
       0.98542764759970
       1.00000000000000
 19 21 -1
obdef
loc3d
        4.94001671685736              0.68064929967652             43.67281723022461     -1
kind
     25     
    75600          153963     
       12.25000000000000  
 OBS            21
       2.91675576472030
       3.94546001318591
       1.00000000000000
 20 22 -1
obdef
loc3d
        4.94058460161740              0.67807181314514             70.17810058593750     -1
kind
     25     
    75600          153963     
       12.25000000000000  
 OBS            22
       1.50129712164219
       2.85542107253908
       1.00000000000000
 21 23 -1
obdef
loc3d
        4.95423295419494              0.68033176843505              3.71636104583740     -1
kind
     25     
    75600          153963     
       12.25000000000000  
 OBS            23
      -9.95140946471761
      -3.72821476190591
       1.00000000000000
 22 24 -1
obdef
loc3d
        4.94926894458696              0.66642585587446             10.91526031494141     -1
kind
     25     
    75600          153963     
       12.25000000000000  
 OBS            24
       0.21768954420778
       2.93852998960767
       1.00000000000000
 23 25 -1
obdef
loc3d
        4.96223480186848              0.66700036066835              5.00000000000000     -1
kind
     25     
    75600          153963     
       12.25000000000000  
 OBS            25
       0.75065762977261
       1.67680857145443
       1.00000000000000
 24 26 -1
obdef
loc3d
        4.95546148971009              0.67729393735082              6.17724800109863     -1
kind
     25     
    75600          153963     
       12.25000000000000  
 OBS            26
      -1.61431008074261
       0.43950487650348
       1.00000000000000
 25 27 -1
obdef
loc3d
        4.92652723985629              0.69051382381431            146.04148864746091     -1
kind
     25     
    75600          153963     
       12.25000000000000  
 OBS            27
      -3.13512183542576
      -3.03682765392730
       1.00000000000000
 26 28 -1
obdef
loc3d
        4.96366005344362              0.66920346185787              6.00000000000000     -1
kind
     25     
    75600          153963     
       12.25000000000000  
 OBS            28
       2.13425751028800
      -1.86865086951080
       1.00000000000000
 27 29 -1
obdef
loc3d
        4.97052949833720              0.66907739847133              8.84140872955322     -1
kind
     25     
    75600          153963     
       12.25000000000000  
 OBS            29
      -5.35669882901534
      -1.86640235295910
       1.00000000000000
 28 30 -1
obdef
loc3d
        4.95245337490985              0.69269329908122            116.45774841308589     -1
kind
     25     
    75600          153963     
       12.25000000000000  
 OBS            30
      -3.94356010654783
      -2.06776269192600
       1.00000000000000
 29 31 -1
obdef
loc3d
        4.94885353278042              0.69277717633329            144.09075927734381     -1
kind
     25     
    75600          153963     
       12.25000000000000  
 OBS            31
      -4.45112736560534
      -2.57591649364752
       1.00000000000000
 30 32 -1
obdef
loc3d
        4.94336975041274              0.69009669144632            168.92642211914060     -1
kind
     25     
    75600          153963     
       12.25000000000000  
 OBS            32
       0.13223166712928
       2.44194129574707
       1.00000000000000
 31 33 -1
obdef
loc3d
        4.93556788041953              0.67027828664670             15.00000000000000     -1
kind
     25     
    75600          153963     
       12.25000000000000  
 OBS            33
       4.58503710796048
       5.43819864874511
       1.00000000000000
 32 34 -1
obdef
loc3d
        4.94033180527593              0.67113295277478             15.00000000000000     -1
kind
     25     
    75600          153963     
       12.25000000000000  
 OBS            34
       5.40966362421548
       5.64180708482913
       1.00000000000000
 33 35 -1
obdef
loc3d
        4.94303858410231              0.67245219021673             45.31371688842773     -1
kind
     25     
    75600          153963     
       12.25000000000000  
 OBS            35
       2.26061418223806
       6.04116550803005
       1.00000000000000
 34 36 -1
obdef
loc3d
        4.94353452184302              0.67563108019985             33.40631103515625     -1
kind
     25     
    75600          153963     
       12.25000000000000  
 OBS            36
       3.53850780422054
       1.54136020734212
       1.00000000000000
 35 37 -1
obdef
loc3d
        4.94374389829480              0.67833415521310             29.86422538757324     -1
kind
     25     
    75600          153963     
       12.25000000000000  
 OBS            37
      -0.31238589188957
       1.65023998716710
       1.00000000000000
 36 38 -1
obdef
loc3d
        4.94273365028682              0.68737244152012            176.80966186523440     -1
kind
     25     
    75600          153963     
       12.25000000000000  
 OBS            38
       4.08241140033735
       0.83890651707381
       1.00000000000000
 37 39 -1
obdef
loc3d
        4.92701506510552              0.68724654189208            235.55827331542969     -1
kind
     25     
    75600          153963     
       12.25000000000000  
 OBS            39
      -5.07948888595823
      -1.21668711510909
       1.00000000000000
 38 40 -1
obdef
loc3d
        4.93770287749180              0.68559892863867            149.84144592285159     -1
kind
     25     
    75600          153963     
       12.25000000000000  
 OBS            40
       0.94988810824615
      -0.29084188980754
       1.00000000000000
 39 41 -1
obdef
loc3d
        4.92849072850511              0.69275166570057            196.64169311523440     -1
kind
     25     
    75600          153963     
       12.25000000000000  
 OBS            41
       4.37201352994351
       1.66753336679967
       1.00000000000000
 40 42 -1
obdef
loc3d
        4.94704606827608              0.66890083993760             30.00000000000000     -1
kind
     25     
    75600          153963     
       12.25000000000000  
 OBS            42
      11.38348268391618
       5.88521365470240
       1.00000000000000
 41 43 -1
obdef
loc3d
        4.93215285315783              0.69272179551745            405.54205322265619     -1
kind
     25     
    75600          153963     
       12.25000000000000  
 OBS            43
      -4.50107576629022
      -0.39491944383205
       1.00000000000000
 42 44 -1
obdef
loc3d
        4.93041137291484              0.68610286792166             95.01055908203125     -1
kind
     25     
    75600          153963     
       12.25000000000000  
 OBS            44
       0.75159417615396
      -0.38353439703916
       1.00000000000000
 43 45 -1
obdef
loc3d
        4.94340662813579              0.66912283370227             30.00000000000000     -1
kind
     25     
    75600          153963     
       12.25000000000000  
 OBS            45
       0.13107403516985
      -3.33518143485218
       1.00000000000000
 44 46 -1
obdef
loc3d
        4.94246051140049              0.69284522685509            232.15176391601560     -1
kind
     25     
    75600          153963     
       12.25000000000000  
 OBS            46
       1.84888618090511
      -0.60011321122229
       1.00000000000000
 45 47 -1
obdef
loc3d
        4.94897278262263              0.68784055253573             58.60614395141602     -1
kind
     25     
    75600          153963     
       12.25000000000000  
 OBS            47
      -6.68725915301959
      -1.66532575917087
       1.00000000000000
 46 48 -1
obdef
loc3d
        4.94541527617556              0.68071005727643             33.77826690673828     -1
kind
     25     
    75600          153963     
       12.25000000000000  
 OBS            48
       6.09887932038486
       2.92965132361066
       1.00000000000000
 47 49 -1
obdef
loc3d
        4.93748800785195              0.67296050504062             44.45593643188477     -1
kind
     25     
    75600          153963     
       12.25000000000000  
 OBS            49
       0.50070722294460
       1.60360301460159
       1.00000000000000
 48 50 -1
obdef
loc3d
        4.93696530791536              0.69256666762304            156.90283203125000     -1
kind
     25     
    75600          153963     
       12.25000000000000  
 OBS            50
      -1.16124198133553
      -0.15863320244904
       1.00000000000000
 49 51 -1
obdef
loc3d
        4.92145179475246              0.69276808226809            165.77503967285159     -1
kind
     25     
    75600          153963     
       12.25000000000000  
 OBS            51
      -0.91185550116375
       0.63012785170607
       1.00000000000000
 50 52 -1
obdef
loc3d
        4.93950672299123              0.68813471885857            177.40441894531250     -1
kind
     25     
    75600          153963     
       12.25000000000000  
 OBS            52
      -5.38806053269747
      -1.29752212206425
       1.00000000000000
 51 53 -1
obdef
loc3d
        4.93611382531472              0.68823817566222            173.73840332031250     -1
kind
     25     
    75600          153963     
       12.25000000000000  
 OBS            53
       2.60890972760590
      -2.98702935028931
       1.00000000000000
 52 54 -1
obdef
loc3d
        4.94685988234341              0.69028594514941            170.37097167968750     -1
kind
     25     
    75600          153963     
       12.25000000000000  
 OBS            54
       8.17863571263403
       2.39950292556760
       1.00000000000000
 53 55 -1
obdef
loc3d
        4.93440797857224              0.69076858072881            137.08886718750000     -1
kind
     25     
    75600          153963     
       12.25000000000000  
 OBS            55
       0.03147815840116
      -0.11969989066506
       1.00000000000000
 54 56 -1
obdef
loc3d
        4.93397023736678              0.68569719666510            120.48287200927730     -1
kind
     25     
    75600          153963     
       12.25000000000000  
 OBS            56
       5.24302542232686
       3.78043998735502
       1.00000000000000
 55 57 -1
obdef
loc3d
        4.96098036034072              0.67790128169477             17.24609375000000     -1
kind
     25     
    75600          153963     
       12.25000000000000  
 OBS            57
      -2.12895468084116
       1.58205571751820
       1.00000000000000
 56 58 -1
obdef
loc3d
        4.95746178551042              0.68576241061300             17.20619201660156     -1
kind
     25     
    75600          153963     
       12.25000000000000  
 OBS            58
      -0.54278350845265
      -2.95563019954312
       1.00000000000000
 57 59 -1
obdef
loc3d
        4.96821528454312              0.66626811336639              8.93466186523438     -1
kind
     25     
    75600          153963     
       12.25000000000000  
 OBS            59
       5.97176573767555
       2.37292448140070
       1.00000000000000
 58 60 -1
obdef
loc3d
        4.95821139545160              0.68356985009176             15.00000000000000     -1
kind
     25     
    75600          153963     
       12.25000000000000  
 OBS            60
       6.73544484442824
       1.86590794177822
       1.00000000000000
 59 61 -1
obdef
loc3d
        4.95929084301108              0.67289450711582              9.91464328765869     -1
kind
     25     
    75600          153963     
       12.25000000000000  
 OBS            61
      -1.74132993374418
       1.87747952029471
       1.00000000000000
 60 62 -1
obdef
loc3d
        4.95884231318174              0.67566319569297             12.79061889648438     -1
kind
     25     
    75600          153963     
       12.25000000000000  
 OBS            62
       5.58921395329453
       3.67481734344998
       1.00000000000000
 61 63 -1
obdef
loc3d
        4.96068172506451              0.68176493518182             14.00000000000000     -1
kind
     25     
    75600          153963     
       12.25000000000000  
 OBS            63
       6.99186293412699
       4.29179453072964
       1.00000000000000
 62 64 -1
obdef
loc3d
        4.96044430349621              0.68522255501691             15.00000000000000     -1
kind
     25     
    75600          153963     
       12.25000000000000  
 OBS            64
       2.94616675414054
       0.16702158109042
       1.00000000000000
 63 65 -1
obdef
loc3d
        4.95653505007277              0.68174821287482             15.07347202301025     -1
kind
     25     
    75600          153963     
       12.25000000000000  
 OBS            65
       0.60990068232969
      -3.12875111901240
       1.00000000000000
 64 66 -1
obdef
loc3d
        4.96521948188739              0.66389255790081              6.10258388519287     -1
kind
     25     
    75600          153963     
       12.25000000000000  
 OBS            66
      -1.64587274494909
      -2.66302836561701
       1.00000000000000
 65 67 -1
obdef
loc3d
        4.96720461139216              0.67033432936439             12.91210937500000     -1
kind
     25     
    75600          153963     
       12.25000000000000  
 OBS            67
       0.07474543310802
       3.87779149746069
       1.00000000000000
 66 68 -1
obdef
loc3d
        4.96018888249816              0.68814255256013             15.00000000000000     -1
kind
     25     
    75600          153963     
       12.25000000000000  
 OBS            68
       5.07102335061368
       0.46127571236228
       1.00000000000000
 67 69 -1
obdef
loc3d
        4.95410557213704              0.69029785801799             54.42578125000000     -1
kind
     25     
    75600          153963     
       12.25000000000000  
 OBS            69
       0.25541398915389
       3.15539280603927
       1.00000000000000
 68 70 -1
obdef
loc3d
        4.95508230192316              0.68705689194968              9.08530712127686     -1
kind
     25     
    75600          153963     
       12.25000000000000  
 OBS            70
       6.45332333755448
       4.17056786228984
       1.00000000000000
 69 71 -1
obdef
loc3d
        4.89659470219302              0.68517541625982            824.84875488281250     -1
kind
     25     
    75600          153963     
       12.25000000000000  
 OBS            71
       6.44417039128070
       3.82499678721633
       1.00000000000000
 70 72 -1
obdef
loc3d
        4.89719607397323              0.69286120068011            493.76440429687500     -1
kind
     25     
    75600          153963     
       12.25000000000000  
 OBS            72
       4.12949954510684
       2.22182051704468
       1.00000000000000
 71 73 -1
obdef
loc3d
        4.91562721585699              0.69268557315466            290.85858154296881     -1
kind
     25     
    75600          153963     
       12.25000000000000  
 OBS            73
       2.90308652604181
       4.37797781868691
       1.00000000000000
 72 74 -1
obdef
loc3d
        4.89650463462054              0.68965598658767            806.96582031250000     -1
kind
     25     
    75600          153963     
       12.25000000000000  
 OBS            74
       4.10613812576484
       4.96186151765716
       1.00000000000000
 73 75 -1
obdef
loc3d
        4.90117724149658              0.69117926561099            769.23168945312500     -1
kind
     25     
    75600          153963     
       12.25000000000000  
 OBS            75
      -0.98996402161903
       2.95861868055206
       1.00000000000000
 74 76 -1
obdef
loc3d
        4.91058697772938              0.69047364022544            228.45222473144531     -1
kind
     25     
    75600          153963     
       12.25000000000000  
 OBS            76
      -1.43833051171687
      -0.60064331444329
       1.00000000000000
 75 77 -1
obdef
loc3d
        4.90540352515539              0.69194112440599            606.33142089843750     -1
kind
     26     
    75600          153963     
       12.25000000000000  
 OBS            77
       0.76094682453749
      -0.80447057821323
       1.00000000000000
 76 78 -1
obdef
loc3d
        4.94546412681761              0.68348353984884             17.75631332397461     -1
kind
     26     
    75600          153963     
       12.25000000000000  
 OBS            78
       1.54892872176053
       2.72328991763849
       1.00000000000000
 77 79 -1
obdef
loc3d
        4.94660974174000              0.67744857875853             29.35406684875488     -1
kind
     26     
    75600          153963     
       12.25000000000000  
 OBS            79
       3.46280915912106
       4.11259962819760
       1.00000000000000
 78 80 -1
obdef
loc3d
        4.94648126630843              0.68652865419204             54.82812500000000     -1
kind
     26     
    75600          153963     
       12.25000000000000  
 OBS            80
       1.76274593471174
       1.46276689756607
       1.00000000000000
 79 81 -1
obdef
loc3d
        4.94445426011379              0.68507566758975             62.61011505126953     -1
kind
     26     
    75600          153963     
       12.25000000000000  
 OBS            81
      -0.98297786079454
       2.49697168570953
       1.00000000000000
 80 82 -1
obdef
loc3d
        4.94602055174578              0.68752162087271            134.15721130371091     -1
kind
     26     
    75600          153963     
       12.25000000000000  
 OBS            82
       4.71191040079878
       3.70550034085618
       1.00000000000000
 81 83 -1
obdef
loc3d
        4.94603912728501              0.67254511985829             35.00297546386719     -1
kind
     26     
    75600          153963     
       12.25000000000000  
 OBS            83
      -0.86686174130967
       1.91282372492210
       1.00000000000000
 82 84 -1
obdef
loc3d
        4.95877904994953              0.67986585977255             17.04111671447754     -1
kind
     26     
    75600          153963     
       12.25000000000000  
 OBS            84
       4.95568680761294
       5.74782772439460
       1.00000000000000
 83 85 -1
obdef
loc3d
        4.93958042817759              0.69095160998657            226.13127136230469     -1
kind
     26     
    75600          153963     
       12.25000000000000  
 OBS            85
       1.16961837134656
      -1.21918634896575
       1.00000000000000
 84 86 -1
obdef
loc3d
        4.95756313665553              0.69181797222864             89.84997558593750     -1
kind
     26     
    75600          153963     
       12.25000000000000  
 OBS            86
      -2.10524348784186
      -2.28122236910974
       1.00000000000000
 85 87 -1
obdef
loc3d
        4.94078657111844              0.67409210989409             60.81152343750000     -1
kind
     26     
    75600          153963     
       12.25000000000000  
 OBS            87
      -0.73357410043687
       3.26125982682799
       1.00000000000000
 86 88 -1
obdef
loc3d
        4.95557846691255              0.67267262139613              1.00000000000000     -1
kind
     26     
    75600          153963     
       12.25000000000000  
 OBS            88
       3.96121398662197
       3.84767571000505
       1.00000000000000
 87 89 -1
obdef
loc3d
        4.93193348448080              0.68856418981073            106.00000000000000     -1
kind
     26     
    75600          153963     
       12.25000000000000  
 OBS            89
      -5.78290297132557
      -0.57720667094250
       1.00000000000000
 88 90 -1
obdef
loc3d
        4.89970838141578              0.68765245249877            785.09423828125000     -1
kind
     26     
    75600          153963     
       12.25000000000000  
 OBS            90
       5.42690047187821
       1.93638292135556
       1.00000000000000
 89 91 -1
obdef
loc3d
        4.95026814558372              0.68993059237416             93.11567687988281     -1
kind
     26     
    75600          153963     
       12.25000000000000  
 OBS            91
      -0.96673384893350
       2.83022120401197
       1.00000000000000
 90 92 -1
obdef
loc3d
        4.94174512165160              0.68484635226999            116.56585693359381     -1
kind
     26     
    75600          153963     
       12.25000000000000  
 OBS            92
      -3.56095278279191
      -4.90922054305616
       1.00000000000000
 91 93 -1
obdef
loc3d
        4.95420735021482              0.68473663912788             15.00000000000000     -1
kind
     26     
    75600          153963     
       12.25000000000000  
 OBS            93
       2.88500603221561
       2.60989633393152
       1.00000000000000
 92 94 -1
obdef
loc3d
        4.93477042118681              0.68310638816012            118.89588928222661     -1
kind
     26     
    75600          153963     
       12.25000000000000  
 OBS            94
      -3.19257217485969
       1.83040357672085
       1.00000000000000
 93 95 -1
obdef
loc3d
        4.93795631029682              0.68276407673392            144.94107055664060     -1
kind
     26     
    75600          153963     
       12.25000000000000  
 OBS            95
      -1.18460089206352
       0.23314411337066
       1.00000000000000
 94 96 -1
obdef
loc3d
        4.94001671685736              0.68064929967652             43.67281723022461     -1
kind
     26     
    75600          153963     
       12.25000000000000  
 OBS            96
       1.00775299772183
       1.23427652721439
       1.00000000000000
 95 97 -1
obdef
loc3d
        4.94058460161740              0.67807181314514             70.17810058593750     -1
kind
     26     
    75600          153963     
       12.25000000000000  
 OBS            97
       4.62975592032399
       1.82653249179951
       1.00000000000000
 96 98 -1
obdef
loc3d
        4.95423295419494              0.68033176843505              3.71636104583740     -1
kind
     26     
    75600          153963     
       12.25000000000000  
 OBS            98
       5.86194456827100
       2.87839927060236
       1.00000000000000
 97 99 -1
obdef
loc3d
        4.94926894458696              0.66642585587446             10.91526031494141     -1
kind
     26     
    75600          153963     
       12.25000000000000  
 OBS            99
       1.86508792865451
       0.77025735057909
       1.00000000000000
 98 100 -1
obdef
loc3d
        4.96223480186848              0.66700036066835              5.00000000000000     -1
kind
     26     
    75600          153963     
       12.25000000000000  
 OBS            100
       3.88026947409380
       2.86235948208253
       1.00000000000000
 99 101 -1
obdef
loc3d
        4.95546148971009              0.67729393735082              6.17724800109863     -1
kind
     26     
    75600          153963     
       12.25000000000000  
 OBS            101
      -1.82310535327854
      -0.56590880988448
       1.00000000000000
 100 102 -1
obdef
loc3d
        4.92652723985629              0.69051382381431            146.04148864746091     -1
kind
     26     
    75600          153963     
       12.25000000000000  
 OBS            102
      -2.05988206456260
       3.10120451118429
       1.00000000000000
 101 103 -1
obdef
loc3d
        4.96366005344362              0.66920346185787              6.00000000000000     -1
kind
     26     
    75600          153963     
       12.25000000000000  
 OBS            103
       5.23566490475617
       4.13159427528262
       1.00000000000000
 102 104 -1
obdef
loc3d
        4.97052949833720              0.66907739847133              8.84140872955322     -1
kind
     26     
    75600          153963     
       12.25000000000000  
 OBS            104
      -1.80596523823762
       1.03032490857825
       1.00000000000000
 103 105 -1
obdef
loc3d
        4.95245337490985              0.69269329908122            116.45774841308589     -1
kind
     26     
    75600          153963     
       12.25000000000000  
 OBS            105
       0.26224130347466
       2.56207225324500
       1.00000000000000
 104 106 -1
obdef
loc3d
        4.94885353278042              0.69277717633329            144.09075927734381     -1
kind
     26     
    75600          153963     
       12.25000000000000  
 OBS            106
       5.52966670942445
       2.74330358856982
       1.00000000000000
 105 107 -1
obdef
loc3d
        4.94336975041274              0.69009669144632            168.92642211914060     -1
kind
     26     
    75600          153963     
       12.25000000000000  
 OBS            107
       2.03111093096302
       0.19295615565454
       1.00000000000000
 106 108 -1
obdef
loc3d
        4.93556788041953              0.67027828664670             15.00000000000000     -1
kind
     26     
    75600          153963     
       12.25000000000000  
 OBS            108
      -4.37975162271743
      -2.18913079679174
       1.00000000000000
 107 109 -1
obdef
loc3d
        4.94033180527593              0.67113295277478             15.00000000000000     -1
kind
     26     
    75600          153963     
       12.25000000000000  
 OBS            109
      -5.70749786539841
      -3.71047832245521
       1.00000000000000
 108 110 -1
obdef
loc3d
        4.94303858410231              0.67245219021673             45.31371688842773     -1
kind
     26     
    75600          153963     
       12.25000000000000  
 OBS            110
      -1.40675058610797
      -1.83218130649984
       1.00000000000000
 109 111 -1
obdef
loc3d
        4.94353452184302              0.67563108019985             33.40631103515625     -1
kind
     26     
    75600          153963     
       12.25000000000000  
 OBS            111
       0.44422469705646
      -1.73601496939598
       1.00000000000000
 110 112 -1
obdef
loc3d
        4.94374389829480              0.67833415521310             29.86422538757324     -1
kind
     26     
    75600          153963     
       12.25000000000000  
 OBS            112
       4.55762929287783
       3.37495262570622
       1.00000000000000
 111 113 -1
obdef
loc3d
        4.94273365028682              0.68737244152012            176.80966186523440     -1
kind
     26     
    75600          153963     
       12.25000000000000  
 OBS            113
      -2.12749586058093
       0.90489860494485
       1.00000000000000
 112 114 -1
obdef
loc3d
        4.92701506510552              0.68724654189208            235.55827331542969     -1
kind
     26     
    75600          153963     
       12.25000000000000  
 OBS            114
       7.14304485018669
       3.29597235339055
       1.00000000000000
 113 115 -1
obdef
loc3d
        4.93770287749180              0.68559892863867            149.84144592285159     -1
kind
     26     
    75600          153963     
       12.25000000000000  
 OBS            115
      -2.75919266828800
       0.19576015946576
       1.00000000000000
 114 116 -1
obdef
loc3d
        4.92849072850511              0.69275166570057            196.64169311523440     -1
kind
     26     
    75600          153963     
       12.25000000000000  
 OBS            116
      -0.35576036974441
       3.43976533424611
       1.00000000000000
 115 117 -1
obdef
loc3d
        4.94704606827608              0.66890083993760             30.00000000000000     -1
kind
     26     
    75600          153963     
       12.25000000000000  
 OBS            117
      -4.11057064088575
       0.86156834628327
       1.00000000000000
 116 118 -1
obdef
loc3d
        4.93215285315783              0.69272179551745            405.54205322265619     -1
kind
     26     
    75600          153963     
       12.25000000000000  
 OBS            118
       3.88448499634328
       4.49797170495089
       1.00000000000000
 117 119 -1
obdef
loc3d
        4.93041137291484              0.68610286792166             95.01055908203125     -1
kind
     26     
    75600          153963     
       12.25000000000000  
 OBS            119
       2.11114528969059
       3.91601770708464
       1.00000000000000
 118 120 -1
obdef
loc3d
        4.94340662813579              0.66912283370227             30.00000000000000     -1
kind
     26     
    75600          153963     
       12.25000000000000  
 OBS            120
       0.88688192592574
       2.96572698871307
       1.00000000000000
 119 121 -1
obdef
loc3d
        4.94246051140049              0.69284522685509            232.15176391601560     -1
kind
     26     
    75600          153963     
       12.25000000000000  
 OBS            121
       1.92514365427295
       2.51641608901951
       1.00000000000000
 120 122 -1
obdef
loc3d
        4.94897278262263              0.68784055253573             58.60614395141602     -1
kind
     26     
    75600          153963     
       12.25000000000000  
 OBS            122
       0.15763794992379
       0.70033396359478
       1.00000000000000
 121 123 -1
obdef
loc3d
        4.94541527617556              0.68071005727643             33.77826690673828     -1
kind
     26     
    75600          153963     
       12.25000000000000  
 OBS            123
      -2.70477762492968
      -0.67435658487011
       1.00000000000000
 122 124 -1
obdef
loc3d
        4.93748800785195              0.67296050504062             44.45593643188477     -1
kind
     26     
    75600          153963     
       12.25000000000000  
 OBS            124
       1.54935812039959
       5.40323395193571
       1.00000000000000
 123 125 -1
obdef
loc3d
        4.93696530791536              0.69256666762304            156.90283203125000     -1
kind
     26     
    75600          153963     
       12.25000000000000  
 OBS            125
       4.92481642723236
       1.68097240540260
       1.00000000000000
 124 126 -1
obdef
loc3d
        4.92145179475246              0.69276808226809            165.77503967285159     -1
kind
     26     
    75600          153963     
       12.25000000000000  
 OBS            126
       5.67972159664295
       4.66796943726832
       1.00000000000000
 125 127 -1
obdef
loc3d
        4.93950672299123              0.68813471885857            177.40441894531250     -1
kind
     26     
    75600          153963     
       12.25000000000000  
 OBS            127
       9.17796321136968
       4.82089404474731
       1.00000000000000
 126 128 -1
obdef
loc3d
        4.93611382531472              0.68823817566222            173.73840332031250     -1
kind
     26     
    75600          153963     
       12.25000000000000  
 OBS            128
       5.80399163818260
       2.86606227879986
       1.00000000000000
 127 129 -1
obdef
loc3d
        4.94685988234341              0.69028594514941            170.37097167968750     -1
kind
     26     
    75600          153963     
       12.25000000000000  
 OBS            129
       4.06741034854780
       3.17672743867881
       1.00000000000000
 128 130 -1
obdef
loc3d
        4.93440797857224              0.69076858072881            137.08886718750000     -1
kind
     26     
    75600          153963     
       12.25000000000000  
 OBS            130
       3.22883866946672
       4.20677641999402
       1.00000000000000
 129 131 -1
obdef
loc3d
        4.93397023736678              0.68569719666510            120.48287200927730     -1
kind
     26     
    75600          153963     
       12.25000000000000  
 OBS            131
       1.84645053287486
       2.66421712227352
       1.00000000000000
 130 132 -1
obdef
loc3d
        4.96098036034072              0.67790128169477             17.24609375000000     -1
kind
     26     
    75600          153963     
       12.25000000000000  
 OBS            132
     -12.01210732872932
      -6.03088009416600
       1.00000000000000
 131 133 -1
obdef
loc3d
        4.95746178551042              0.68576241061300             17.20619201660156     -1
kind
     26     
    75600          153963     
       12.25000000000000  
 OBS            133
       4.78708626560848
       3.36826102543142
       1.00000000000000
 132 134 -1
obdef
loc3d
        4.96821528454312              0.66626811336639              8.93466186523438     -1
kind
     26     
    75600          153963     
       12.25000000000000  
 OBS            134
       1.92188041609288
       0.33396600347345
       1.00000000000000
 133 135 -1
obdef
loc3d
        4.95821139545160              0.68356985009176             15.00000000000000     -1
kind
     26     
    75600          153963     
       12.25000000000000  
 OBS            135
      -3.95617584634117
       2.77762078520110
       1.00000000000000
 134 136 -1
obdef
loc3d
        4.95929084301108              0.67289450711582              9.91464328765869     -1
kind
     26     
    75600          153963     
       12.25000000000000  
 OBS            136
       2.89576118607865
       3.02509909556834
       1.00000000000000
 135 137 -1
obdef
loc3d
        4.95884231318174              0.67566319569297             12.79061889648438     -1
kind
     26     
    75600          153963     
       12.25000000000000  
 OBS            137
       4.36513805825404
       1.89076655527461
       1.00000000000000
 136 138 -1
obdef
loc3d
        4.96068172506451              0.68176493518182             14.00000000000000     -1
kind
     26     
    75600          153963     
       12.25000000000000  
 OBS            138
       1.28535779122573
      -0.82060230798698
       1.00000000000000
 137 139 -1
obdef
loc3d
        4.96044430349621              0.68522255501691             15.00000000000000     -1
kind
     26     
    75600          153963     
       12.25000000000000  
 OBS            139
      -1.83612044429370
       2.28849394229636
       1.00000000000000
 138 140 -1
obdef
loc3d
        4.95653505007277              0.68174821287482             15.07347202301025     -1
kind
     26     
    75600          153963     
       12.25000000000000  
 OBS            140
       6.71686583807164
       4.64195624802443
       1.00000000000000
 139 141 -1
obdef
loc3d
        4.96521948188739              0.66389255790081              6.10258388519287     -1
kind
     26     
    75600          153963     
       12.25000000000000  
 OBS            141
       6.49497418717423
       3.80890432411374
       1.00000000000000
 140 142 -1
obdef
loc3d
        4.96720461139216              0.67033432936439             12.91210937500000     -1
kind
     26     
    75600          153963     
       12.25000000000000  
 OBS            142
      -4.88874449234682
      -4.09355197061244
       1.00000000000000
 141 143 -1
obdef
loc3d
        4.96018888249816              0.68814255256013             15.00000000000000     -1
kind
     26     
    75600          153963     
       12.25000000000000  
 OBS            143
       0.40456470907634
       0.95743775525700
       1.00000000000000
 142 144 -1
obdef
loc3d
        4.95410557213704              0.69029785801799             54.42578125000000     -1
kind
     26     
    75600          153963     
       12.25000000000000  
 OBS            144
      -5.37618291595731
      -4.56800387468577
       1.00000000000000
 143 145 -1
obdef
loc3d
        4.95508230192316              0.68705689194968              9.08530712127686     -1
kind
     26     
    75600          153963     
       12.25000000000000  
 OBS            145
       1.48785850774792
       0.65010456707250
       1.00000000000000
 144 146 -1
obdef
loc3d
        4.89659470219302              0.68517541625982            824.84875488281250     -1
kind
     26     
    75600          153963     
       12.25000000000000  
 OBS            146
       0.11804595547090
       1.17856627189425
       1.00000000000000
 145 147 -1
obdef
loc3d
        4.89719607397323              0.69286120068011            493.76440429687500     -1
kind
     26     
    75600          153963     
       12.25000000000000  
 OBS            147
      -0.10425092529487
       1.73997615245212
       1.00000000000000
 146 148 -1
obdef
loc3d
        4.91562721585699              0.69268557315466            290.85858154296881     -1
kind
     26     
    75600          153963     
       12.25000000000000  
 OBS            148
      -0.03495076757112
      -0.39463542513499
       1.00000000000000
 147 149 -1
obdef
loc3d
        4.89650463462054              0.68965598658767            806.96582031250000     -1
kind
     26     
    75600          153963     
       12.25000000000000  
 OBS            149
      -0.49534505695998
      -0.65690196193328
       1.00000000000000
 148 150 -1
obdef
loc3d
        4.90117724149658              0.69117926561099            769.23168945312500     -1
kind
     26     
    75600          153963     
       12.25000000000000  
 OBS            150
       1.45705872461207
       1.10153956995905
       1.00000000000000
 149 151 -1
obdef
loc3d
        4.91058697772938              0.69047364022544            228.45222473144531     -1
kind
     26     
    75600          153963     
       12.25000000000000  
 OBS            151
     302.30621342214295
     301.62110663752202
       1.00000000000000
 150 152 -1
obdef
loc3d
        4.90540352515539              0.69194112440599            606.33142089843750     -1
kind
     27     
    75600          153963     
        6.25000000000000  
 OBS            152
     298.34133901430346
     297.99457892941598
       1.00000000000000
 151 153 -1
obdef
loc3d
        4.94546412681761              0.68348353984884             17.75631332397461     -1
kind
     27     
    75600          153963     
        6.25000000000000  
 OBS            153
     299.14534862172542
     301.57353217009103
       1.00000000000000
 152 154 -1
obdef
loc3d
        4.94660974174000              0.67744857875853             29.35406684875488     -1
kind
     27     
    75600          153963     
        6.25000000000000  
 OBS            154
     299.21588563205751
     298.17981075668700
       1.00000000000000
 153 155 -1
obdef
loc3d
        4.94648126630843              0.68652865419204             54.82812500000000     -1
kind
     27     
    75600          153963     
        6.25000000000000  
 OBS            155
     300.50225496303972
     299.39565421670602
       1.00000000000000
 154 156 -1
obdef
loc3d
        4.94445426011379              0.68507566758975             62.61011505126953     -1
kind
     27     
    75600          153963     
        6.25000000000000  
 OBS            156
     299.24393447255017
     298.37954896690900
       1.00000000000000
 155 157 -1
obdef
loc3d
        4.94602055174578              0.68752162087271            134.15721130371091     -1
kind
     27     
    75600          153963     
        6.25000000000000  
 OBS            157
     303.01624089264294
     303.23832730770903
       1.00000000000000
 156 158 -1
obdef
loc3d
        4.94603912728501              0.67254511985829             35.00297546386719     -1
kind
     27     
    75600          153963     
        6.25000000000000  
 OBS            158
     304.63605535736951
     305.76451129934998
       1.00000000000000
 157 159 -1
obdef
loc3d
        4.95877904994953              0.67986585977255             17.04111671447754     -1
kind
     27     
    75600          153963     
        6.25000000000000  
 OBS            159
     302.59666409130858
     302.33632907323999
       1.00000000000000
 158 160 -1
obdef
loc3d
        4.93958042817759              0.69095160998657            226.13127136230469     -1
kind
     27     
    75600          153963     
        6.25000000000000  
 OBS            160
     299.66498643957101
     298.63813187393299
       1.00000000000000
 159 161 -1
obdef
loc3d
        4.95756313665553              0.69181797222864             89.84997558593750     -1
kind
     27     
    75600          153963     
        6.25000000000000  
 OBS            161
     301.81029341335784
     300.54101363108100
       1.00000000000000
 160 162 -1
obdef
loc3d
        4.94078657111844              0.67409210989409             60.81152343750000     -1
kind
     27     
    75600          153963     
        6.25000000000000  
 OBS            162
     308.42470559009911
     306.00200583958099
       1.00000000000000
 161 163 -1
obdef
loc3d
        4.95557846691255              0.67267262139613              1.00000000000000     -1
kind
     27     
    75600          153963     
        6.25000000000000  
 OBS            163
     303.13250944224552
     302.78909073486000
       1.00000000000000
 162 164 -1
obdef
loc3d
        4.93193348448080              0.68856418981073            106.00000000000000     -1
kind
     27     
    75600          153963     
        6.25000000000000  
 OBS            164
     296.95271200765768
     298.77487089463898
       1.00000000000000
 163 165 -1
obdef
loc3d
        4.89970838141578              0.68765245249877            785.09423828125000     -1
kind
     27     
    75600          153963     
        6.25000000000000  
 OBS            165
     298.23974425950439
     298.18480877434700
       1.00000000000000
 164 166 -1
obdef
loc3d
        4.95026814558372              0.68993059237416             93.11567687988281     -1
kind
     27     
    75600          153963     
        6.25000000000000  
 OBS            166
     299.80157961674939
     300.44793319154201
       1.00000000000000
 165 167 -1
obdef
loc3d
        4.94174512165160              0.68484635226999            116.56585693359381     -1
kind
     27     
    75600          153963     
        6.25000000000000  
 OBS            167
     300.94269299372689
     299.60235867568701
       1.00000000000000
 166 168 -1
obdef
loc3d
        4.95420735021482              0.68473663912788             15.00000000000000     -1
kind
     27     
    75600          153963     
        6.25000000000000  
 OBS            168
     301.18902915765125
     301.35488108477603
       1.00000000000000
 167 169 -1
obdef
loc3d
        4.93477042118681              0.68310638816012            118.89588928222661     -1
kind
     27     
    75600          153963     
        6.25000000000000  
 OBS            169
     300.57760977074065
     299.55437857926700
       1.00000000000000
 168 170 -1
obdef
loc3d
        4.93795631029682              0.68276407673392            144.94107055664060     -1
kind
     27     
    75600          153963     
        6.25000000000000  
 OBS            170
     300.89503288616794
     300.18656857624097
       1.00000000000000
 169 171 -1
obdef
loc3d
        4.94001671685736              0.68064929967652             43.67281723022461     -1
kind
     27     
    75600          153963     
        6.25000000000000  
 OBS            171
     301.40129912586445
     300.60863895159400
       1.00000000000000
 170 172 -1
obdef
loc3d
        4.94058460161740              0.67807181314514             70.17810058593750     -1
kind
     27     
    75600          153963     
        6.25000000000000  
 OBS            172
     306.41663059111147
     304.26331992746799
       1.00000000000000
 171 173 -1
obdef
loc3d
        4.95423295419494              0.68033176843505              3.71636104583740     -1
kind
     27     
    75600          153963     
        6.25000000000000  
 OBS            173
     305.14497385648650
     304.40514309973099
       1.00000000000000
 172 174 -1
obdef
loc3d
        4.94926894458696              0.66642585587446             10.91526031494141     -1
kind
     27     
    75600          153963     
        6.25000000000000  
 OBS            174
     305.08380302818688
     306.29854054476800
       1.00000000000000
 173 175 -1
obdef
loc3d
        4.96223480186848              0.66700036066835              5.00000000000000     -1
kind
     27     
    75600          153963     
        6.25000000000000  
 OBS            175
     306.63335300763907
     306.52068296927399
       1.00000000000000
 174 176 -1
obdef
loc3d
        4.95546148971009              0.67729393735082              6.17724800109863     -1
kind
     27     
    75600          153963     
        6.25000000000000  
 OBS            176
     301.75997277049225
     302.38089071696402
       1.00000000000000
 175 177 -1
obdef
loc3d
        4.92652723985629              0.69051382381431            146.04148864746091     -1
kind
     27     
    75600          153963     
        6.25000000000000  
 OBS            177
     302.43508095273364
     303.36021632505799
       1.00000000000000
 176 178 -1
obdef
loc3d
        4.96366005344362              0.66920346185787              6.00000000000000     -1
kind
     27     
    75600          153963     
        6.25000000000000  
 OBS            178
     300.81524756571179
     300.75947814780000
       1.00000000000000
 177 179 -1
obdef
loc3d
        4.97052949833720              0.66907739847133              8.84140872955322     -1
kind
     27     
    75600          153963     
        6.25000000000000  
 OBS            179
     299.73365184042171
     299.90700036839399
       1.00000000000000
 178 180 -1
obdef
loc3d
        4.95245337490985              0.69269329908122            116.45774841308589     -1
kind
     27     
    75600          153963     
        6.25000000000000  
 OBS            180
     299.00904609689985
     299.16004016303299
       1.00000000000000
 179 181 -1
obdef
loc3d
        4.94885353278042              0.69277717633329            144.09075927734381     -1
kind
     27     
    75600          153963     
        6.25000000000000  
 OBS            181
     300.53062754618821
     300.00732172000500
       1.00000000000000
 180 182 -1
obdef
loc3d
        4.94336975041274              0.69009669144632            168.92642211914060     -1
kind
     27     
    75600          153963     
        6.25000000000000  
 OBS            182
     301.01213172550854
     299.29887415692502
       1.00000000000000
 181 183 -1
obdef
loc3d
        4.93556788041953              0.67027828664670             15.00000000000000     -1
kind
     27     
    75600          153963     
        6.25000000000000  
 OBS            183
     299.55785133793347
     301.11484902115598
       1.00000000000000
 182 184 -1
obdef
loc3d
        4.94033180527593              0.67113295277478             15.00000000000000     -1
kind
     27     
    75600          153963     
        6.25000000000000  
 OBS            184
     304.54453781431971
     303.57750482484801
       1.00000000000000
 183 185 -1
obdef
loc3d
        4.94303858410231              0.67245219021673             45.31371688842773     -1
kind
     27     
    75600          153963     
        6.25000000000000  
 OBS            185
     301.37140736277047
     301.86369654756402
       1.00000000000000
 184 186 -1
obdef
loc3d
        4.94353452184302              0.67563108019985             33.40631103515625     -1
kind
     27     
    75600          153963     
        6.25000000000000  
 OBS            186
     300.78099664187897
     300.50411070895098
       1.00000000000000
 185 187 -1
obdef
loc3d
        4.94374389829480              0.67833415521310             29.86422538757324     -1
kind
     27     
    75600          153963     
        6.25000000000000  
 OBS            187
     299.98344056306155
     300.61551419817403
       1.00000000000000
 186 188 -1
obdef
loc3d
        4.94273365028682              0.68737244152012            176.80966186523440     -1
kind
     27     
    75600          153963     
        6.25000000000000  
 OBS            188
     302.09642022086621
     300.44059027487498
       1.00000000000000
 187 189 -1
obdef
loc3d
        4.92701506510552              0.68724654189208            235.55827331542969     -1
kind
     27     
    75600          153963     
        6.25000000000000  
 OBS            189
     298.83267163992207
     300.36398087327899
       1.00000000000000
 188 190 -1
obdef
loc3d
        4.93770287749180              0.68559892863867            149.84144592285159     -1
kind
     27     
    75600          153963     
        6.25000000000000  
 OBS            190
     300.51937980943870
     298.99911020342603
       1.00000000000000
 189 191 -1
obdef
loc3d
        4.92849072850511              0.69275166570057            196.64169311523440     -1
kind
     27     
    75600          153963     
        6.25000000000000  
 OBS            191
     306.70852066202156
     306.99545914911602
       1.00000000000000
 190 192 -1
obdef
loc3d
        4.94704606827608              0.66890083993760             30.00000000000000     -1
kind
     27     
    75600          153963     
        6.25000000000000  
 OBS            192
     300.25736699736740
     298.96926007682902
       1.00000000000000
 191 193 -1
obdef
loc3d
        4.93215285315783              0.69272179551745            405.54205322265619     -1
kind
     27     
    75600          153963     
        6.25000000000000  
 OBS            193
     301.48814470636023
     302.44490650552200
       1.00000000000000
 192 194 -1
obdef
loc3d
        4.93041137291484              0.68610286792166             95.01055908203125     -1
kind
     27     
    75600          153963     
        6.25000000000000  
 OBS            194
     305.99795718883587
     306.46221191699300
       1.00000000000000
 193 195 -1
obdef
loc3d
        4.94340662813579              0.66912283370227             30.00000000000000     -1
kind
     27     
    75600          153963     
        6.25000000000000  
 OBS            195
     302.55414378482953
     300.64573413913001
       1.00000000000000
 194 196 -1
obdef
loc3d
        4.94246051140049              0.69284522685509            232.15176391601560     -1
kind
     27     
    75600          153963     
        6.25000000000000  
 OBS            196
     298.32904179119203
     298.08359449058702
       1.00000000000000
 195 197 -1
obdef
loc3d
        4.94897278262263              0.68784055253573             58.60614395141602     -1
kind
     27     
    75600          153963     
        6.25000000000000  
 OBS            197
     299.17476126372196
     300.42350839248599
       1.00000000000000
 196 198 -1
obdef
loc3d
        4.94541527617556              0.68071005727643             33.77826690673828     -1
kind
     27     
    75600          153963     
        6.25000000000000  
 OBS            198
     297.36605333491013
     299.63875242965503
       1.00000000000000
 197 199 -1
obdef
loc3d
        4.93748800785195              0.67296050504062             44.45593643188477     -1
kind
     27     
    75600          153963     
        6.25000000000000  
 OBS            199
     303.94949236829791
     303.87225887294301
       1.00000000000000
 198 200 -1
obdef
loc3d
        4.93696530791536              0.69256666762304            156.90283203125000     -1
kind
     27     
    75600          153963     
        6.25000000000000  
 OBS            200
     301.85278152546277
     302.49084145913997
       1.00000000000000
 199 201 -1
obdef
loc3d
        4.92145179475246              0.69276808226809            165.77503967285159     -1
kind
     27     
    75600          153963     
        6.25000000000000  
 OBS            201
     299.03201387279796
     299.68767431668198
       1.00000000000000
 200 202 -1
obdef
loc3d
        4.93950672299123              0.68813471885857            177.40441894531250     -1
kind
     27     
    75600          153963     
        6.25000000000000  
 OBS            202
     302.92992595207585
     300.96329161603802
       1.00000000000000
 201 203 -1
obdef
loc3d
        4.93611382531472              0.68823817566222            173.73840332031250     -1
kind
     27     
    75600          153963     
        6.25000000000000  
 OBS            203
     299.43983557355085
     299.42240686918899
       1.00000000000000
 202 204 -1
obdef
loc3d
        4.94685988234341              0.69028594514941            170.37097167968750     -1
kind
     27     
    75600          153963     
        6.25000000000000  
 OBS            204
     305.18093889351184
     304.91040638458099
       1.00000000000000
 203 205 -1
obdef
loc3d
        4.93440797857224              0.69076858072881            137.08886718750000     -1
kind
     27     
    75600          153963     
        6.25000000000000  
 OBS            205
     301.17976130016859
     302.49516241285500
       1.00000000000000
 204 206 -1
obdef
loc3d
        4.93397023736678              0.68569719666510            120.48287200927730     -1
kind
     27     
    75600          153963     
        6.25000000000000  
 OBS            206
     306.09723423769032
     307.02656403472503
       1.00000000000000
 205 207 -1
obdef
loc3d
        4.96098036034072              0.67790128169477             17.24609375000000     -1
kind
     27     
    75600          153963     
        6.25000000000000  
 OBS            207
     298.92945865599995
     300.45444400994597
       1.00000000000000
 206 208 -1
obdef
loc3d
        4.95746178551042              0.68576241061300             17.20619201660156     -1
kind
     27     
    75600          153963     
        6.25000000000000  
 OBS            208
     301.09851736905915
     300.67930954417301
       1.00000000000000
 207 209 -1
obdef
loc3d
        4.96821528454312              0.66626811336639              8.93466186523438     -1
kind
     27     
    75600          153963     
        6.25000000000000  
 OBS            209
     306.02259136273864
     306.30108204749700
       1.00000000000000
 208 210 -1
obdef
loc3d
        4.95821139545160              0.68356985009176             15.00000000000000     -1
kind
     27     
    75600          153963     
        6.25000000000000  
 OBS            210
     305.03817703764639
     306.01876999198703
       1.00000000000000
 209 211 -1
obdef
loc3d
        4.95929084301108              0.67289450711582              9.91464328765869     -1
kind
     27     
    75600          153963     
        6.25000000000000  
 OBS            211
     307.53675415190173
     305.80567889719498
       1.00000000000000
 210 212 -1
obdef
loc3d
        4.95884231318174              0.67566319569297             12.79061889648438     -1
kind
     27     
    75600          153963     
        6.25000000000000  
 OBS            212
     307.48074320348911
     306.48549664068702
       1.00000000000000
 211 213 -1
obdef
loc3d
        4.96068172506451              0.68176493518182             14.00000000000000     -1
kind
     27     
    75600          153963     
        6.25000000000000  
 OBS            213
     306.98319159362700
     306.28890569146699
       1.00000000000000
 212 214 -1
obdef
loc3d
        4.96044430349621              0.68522255501691             15.00000000000000     -1
kind
     27     
    75600          153963     
        6.25000000000000  
 OBS            214
     307.02743221681880
     305.53780794224099
       1.00000000000000
 213 215 -1
obdef
loc3d
        4.95653505007277              0.68174821287482             15.07347202301025     -1
kind
     27     
    75600          153963     
        6.25000000000000  
 OBS            215
     304.68333339060547
     303.21175507876399
       1.00000000000000
 214 216 -1
obdef
loc3d
        4.96521948188739              0.66389255790081              6.10258388519287     -1
kind
     27     
    75600          153963     
        6.25000000000000  
 OBS            216
     300.95578448392371
     302.32141120435801
       1.00000000000000
 215 217 -1
obdef
loc3d
        4.96720461139216              0.67033432936439             12.91210937500000     -1
kind
     27     
    75600          153963     
        6.25000000000000  
 OBS            217
     300.38247437364248
     301.00278529089701
       1.00000000000000
 216 218 -1
obdef
loc3d
        4.96018888249816              0.68814255256013             15.00000000000000     -1
kind
     27     
    75600          153963     
        6.25000000000000  
 OBS            218
     297.94973390994642
     298.29471918892000
       1.00000000000000
 217 219 -1
obdef
loc3d
        4.95410557213704              0.69029785801799             54.42578125000000     -1
kind
     27     
    75600          153963     
        6.25000000000000  
 OBS            219
     296.66957635920409
     298.98738203779698
       1.00000000000000
 218 220 -1
obdef
loc3d
        4.95508230192316              0.68705689194968              9.08530712127686     -1
kind
     27     
    75600          153963     
        6.25000000000000  
 OBS            220
     298.44545703069804
     297.66575424522199
       1.00000000000000
 219 221 -1
obdef
loc3d
        4.89659470219302              0.68517541625982            824.84875488281250     -1
kind
     27     
    75600          153963     
        6.25000000000000  
 OBS            221
     297.87114927343129
     300.09734030184802
       1.00000000000000
 220 222 -1
obdef
loc3d
        4.89719607397323              0.69286120068011            493.76440429687500     -1
kind
     27     
    75600          153963     
        6.25000000000000  
 OBS            222
     303.33026104881719
     303.74225703407001
       1.00000000000000
 221 223 -1
obdef
loc3d
        4.91562721585699              0.69268557315466            290.85858154296881     -1
kind
     27     
    75600          153963     
        6.25000000000000  
 OBS            223
     298.96517920780002
     298.37786409210702
       1.00000000000000
 222 224 -1
obdef
loc3d
        4.89650463462054              0.68965598658767            806.96582031250000     -1
kind
     27     
    75600          153963     
        6.25000000000000  
 OBS            224
     298.69270101299071
     299.02660731517000
       1.00000000000000
 223 225 -1
obdef
loc3d
        4.90117724149658              0.69117926561099            769.23168945312500     -1
kind
     27     
    75600          153963     
        6.25000000000000  
 OBS            225
     304.92954356064297
     304.40186594153602
       1.00000000000000
 224 -1 -1
obdef
loc3d
        4.91058697772938              0.69047364022544            228.45222473144531     -1
kind
     27     
    75600          153963     
        6.25000000000000  
