 obs_sequence
obs_kind_definitions
       3
    25          LAND_SFC_U_WIND_COMPONENT   
    26          LAND_SFC_V_WIND_COMPONENT   
    27          LAND_SFC_TEMPERATURE   
  num_copies:            2  num_qc:            1
 num_obs:       225  max_num_obs:       225
observations
truth
QC radar
  first:            1  last:       225
 OBS            1
       0.76186882050555
       4.48588718256163
       1.00000000000000
 -1 2 -1
obdef
loc3d
        4.90540352515539              0.69194112440599            606.33142089843750     -1
kind
     25     
    70200          153963     
       12.25000000000000  
 OBS            2
       1.75463847410836
      -2.57152032977492
       1.00000000000000
 1 3 -1
obdef
loc3d
        4.94546412681761              0.68348353984884             17.75631332397461     -1
kind
     25     
    70200          153963     
       12.25000000000000  
 OBS            3
     -12.93266038486817
      -3.68460088716884
       1.00000000000000
 2 4 -1
obdef
loc3d
        4.94660974174000              0.67744857875853             29.35406684875488     -1
kind
     25     
    70200          153963     
       12.25000000000000  
 OBS            4
      -6.62979625533817
      -1.44676059098565
       1.00000000000000
 3 5 -1
obdef
loc3d
        4.94648126630843              0.68652865419204             54.82812500000000     -1
kind
     25     
    70200          153963     
       12.25000000000000  
 OBS            5
      -2.10669693105075
      -0.29874624797348
       1.00000000000000
 4 6 -1
obdef
loc3d
        4.94445426011379              0.68507566758975             62.61011505126953     -1
kind
     25     
    70200          153963     
       12.25000000000000  
 OBS            6
      -1.41545055928473
      -3.98818986117618
       1.00000000000000
 5 7 -1
obdef
loc3d
        4.94602055174578              0.68752162087271            134.15721130371091     -1
kind
     25     
    70200          153963     
       12.25000000000000  
 OBS            7
      -2.76106080662360
       0.08099528992009
       1.00000000000000
 6 8 -1
obdef
loc3d
        4.94603912728501              0.67254511985829             35.00297546386719     -1
kind
     25     
    70200          153963     
       12.25000000000000  
 OBS            8
       0.72573164434701
       3.54302253174652
       1.00000000000000
 7 9 -1
obdef
loc3d
        4.95877904994953              0.67986585977255             17.04111671447754     -1
kind
     25     
    70200          153963     
       12.25000000000000  
 OBS            9
      -2.70243100691591
       1.06725282714516
       1.00000000000000
 8 10 -1
obdef
loc3d
        4.93958042817759              0.69095160998657            226.13127136230469     -1
kind
     25     
    70200          153963     
       12.25000000000000  
 OBS            10
       7.74319859972652
       2.18008675990998
       1.00000000000000
 9 11 -1
obdef
loc3d
        4.95756313665553              0.69181797222864             89.84997558593750     -1
kind
     25     
    70200          153963     
       12.25000000000000  
 OBS            11
       5.40915016559121
       3.23657362100927
       1.00000000000000
 10 12 -1
obdef
loc3d
        4.94078657111844              0.67409210989409             60.81152343750000     -1
kind
     25     
    70200          153963     
       12.25000000000000  
 OBS            12
       5.42568748192236
       1.66237941227690
       1.00000000000000
 11 13 -1
obdef
loc3d
        4.95557846691255              0.67267262139613              1.00000000000000     -1
kind
     25     
    70200          153963     
       12.25000000000000  
 OBS            13
       5.39195022712711
       3.79437238344251
       1.00000000000000
 12 14 -1
obdef
loc3d
        4.93193348448080              0.68856418981073            106.00000000000000     -1
kind
     25     
    70200          153963     
       12.25000000000000  
 OBS            14
       5.54808259057479
       4.80404032908117
       1.00000000000000
 13 15 -1
obdef
loc3d
        4.89970838141578              0.68765245249877            785.09423828125000     -1
kind
     25     
    70200          153963     
       12.25000000000000  
 OBS            15
       2.28391312745935
      -2.46765480291243
       1.00000000000000
 14 16 -1
obdef
loc3d
        4.95026814558372              0.68993059237416             93.11567687988281     -1
kind
     25     
    70200          153963     
       12.25000000000000  
 OBS            16
      -1.52879914403941
       0.53714177748408
       1.00000000000000
 15 17 -1
obdef
loc3d
        4.94174512165160              0.68484635226999            116.56585693359381     -1
kind
     25     
    70200          153963     
       12.25000000000000  
 OBS            17
       2.91108854505533
       0.77068768001660
       1.00000000000000
 16 18 -1
obdef
loc3d
        4.95420735021482              0.68473663912788             15.00000000000000     -1
kind
     25     
    70200          153963     
       12.25000000000000  
 OBS            18
       1.37411167026370
      -0.69731587125430
       1.00000000000000
 17 19 -1
obdef
loc3d
        4.93477042118681              0.68310638816012            118.89588928222661     -1
kind
     25     
    70200          153963     
       12.25000000000000  
 OBS            19
       2.99042266659218
       4.21239818527883
       1.00000000000000
 18 20 -1
obdef
loc3d
        4.93795631029682              0.68276407673392            144.94107055664060     -1
kind
     25     
    70200          153963     
       12.25000000000000  
 OBS            20
       6.39448747469454
       2.88020491877551
       1.00000000000000
 19 21 -1
obdef
loc3d
        4.94001671685736              0.68064929967652             43.67281723022461     -1
kind
     25     
    70200          153963     
       12.25000000000000  
 OBS            21
       3.41914412664631
       4.15120910769286
       1.00000000000000
 20 22 -1
obdef
loc3d
        4.94058460161740              0.67807181314514             70.17810058593750     -1
kind
     25     
    70200          153963     
       12.25000000000000  
 OBS            22
      -1.54120555241844
       1.73514318768533
       1.00000000000000
 21 23 -1
obdef
loc3d
        4.95423295419494              0.68033176843505              3.71636104583740     -1
kind
     25     
    70200          153963     
       12.25000000000000  
 OBS            23
      -5.11081832032226
      -2.77029396347750
       1.00000000000000
 22 24 -1
obdef
loc3d
        4.94926894458696              0.66642585587446             10.91526031494141     -1
kind
     25     
    70200          153963     
       12.25000000000000  
 OBS            24
       0.05531890547024
       4.39533115294335
       1.00000000000000
 23 25 -1
obdef
loc3d
        4.96223480186848              0.66700036066835              5.00000000000000     -1
kind
     25     
    70200          153963     
       12.25000000000000  
 OBS            25
       3.14215485122655
       3.29102232237512
       1.00000000000000
 24 26 -1
obdef
loc3d
        4.95546148971009              0.67729393735082              6.17724800109863     -1
kind
     25     
    70200          153963     
       12.25000000000000  
 OBS            26
      -0.73632668143923
       2.34601046440488
       1.00000000000000
 25 27 -1
obdef
loc3d
        4.92652723985629              0.69051382381431            146.04148864746091     -1
kind
     25     
    70200          153963     
       12.25000000000000  
 OBS            27
      -4.23284580164037
      -3.42658402239076
       1.00000000000000
 26 28 -1
obdef
loc3d
        4.96366005344362              0.66920346185787              6.00000000000000     -1
kind
     25     
    70200          153963     
       12.25000000000000  
 OBS            28
      -3.73979864710870
      -2.00556115428600
       1.00000000000000
 27 29 -1
obdef
loc3d
        4.97052949833720              0.66907739847133              8.84140872955322     -1
kind
     25     
    70200          153963     
       12.25000000000000  
 OBS            29
      -3.75438738035054
       1.13652502291553
       1.00000000000000
 28 30 -1
obdef
loc3d
        4.93727739535368              0.69277976810143            187.24655151367190     -1
kind
     25     
    70200          153963     
       12.25000000000000  
 OBS            30
      -4.06560208754009
      -2.11377462139059
       1.00000000000000
 29 31 -1
obdef
loc3d
        4.94575592838423              0.68143846111579             35.01654815673828     -1
kind
     25     
    70200          153963     
       12.25000000000000  
 OBS            31
       4.20866951330883
       2.34794328216098
       1.00000000000000
 30 32 -1
obdef
loc3d
        4.93184075890513              0.68784163962489             92.58054351806641     -1
kind
     25     
    70200          153963     
       12.25000000000000  
 OBS            32
       5.32565326813605
      -0.19110290506789
       1.00000000000000
 31 33 -1
obdef
loc3d
        4.94081711590956              0.68854862967758            162.55853271484381     -1
kind
     25     
    70200          153963     
       12.25000000000000  
 OBS            33
       6.14103766474797
       3.68404097538993
       1.00000000000000
 32 34 -1
obdef
loc3d
        4.94249854456299              0.67650785339572             60.39866638183594     -1
kind
     25     
    70200          153963     
       12.25000000000000  
 OBS            34
      -1.92600264973271
      -2.14819909976369
       1.00000000000000
 33 35 -1
obdef
loc3d
        4.93162931041089              0.68282844530430             93.04485321044922     -1
kind
     25     
    70200          153963     
       12.25000000000000  
 OBS            35
       1.12065552919300
       1.63688813405799
       1.00000000000000
 34 36 -1
obdef
loc3d
        4.93293180012842              0.69147876068069            106.50605773925780     -1
kind
     25     
    70200          153963     
       12.25000000000000  
 OBS            36
       4.48219662671169
       4.04528556324018
       1.00000000000000
 35 37 -1
obdef
loc3d
        4.94231542915734              0.67925336633936             45.80761718750000     -1
kind
     25     
    70200          153963     
       12.25000000000000  
 OBS            37
       1.08743949099488
       1.31318903217185
       1.00000000000000
 36 38 -1
obdef
loc3d
        4.94267046375275              0.67009027494016             28.73577499389648     -1
kind
     25     
    70200          153963     
       12.25000000000000  
 OBS            38
       3.48718938784662
       2.54103095853421
       1.00000000000000
 37 39 -1
obdef
loc3d
        4.95301390972552              0.69283749825579             93.74549102783203     -1
kind
     25     
    70200          153963     
       12.25000000000000  
 OBS            39
       1.52377246852735
       2.89589125984672
       1.00000000000000
 38 40 -1
obdef
loc3d
        4.93993476658470              0.67588412939320             29.35707092285156     -1
kind
     25     
    70200          153963     
       12.25000000000000  
 OBS            40
       4.34701161575725
       1.42261111770698
       1.00000000000000
 39 41 -1
obdef
loc3d
        4.93755681423869              0.67212761520231             23.80049896240234     -1
kind
     25     
    70200          153963     
       12.25000000000000  
 OBS            41
       5.15470230163864
       0.94497705076387
       1.00000000000000
 40 42 -1
obdef
loc3d
        4.93524778363115              0.68687961042640            201.53530883789060     -1
kind
     25     
    70200          153963     
       12.25000000000000  
 OBS            42
      -4.43815517730045
      -2.59589266502821
       1.00000000000000
 41 43 -1
obdef
loc3d
        4.94487715611266              0.69284945127485            184.54177856445310     -1
kind
     25     
    70200          153963     
       12.25000000000000  
 OBS            43
       5.15769284166340
       4.02393384328527
       1.00000000000000
 42 44 -1
obdef
loc3d
        4.93574679201688              0.68074234291388             92.12267303466797     -1
kind
     25     
    70200          153963     
       12.25000000000000  
 OBS            44
       3.63504819148924
       0.67867255677064
       1.00000000000000
 43 45 -1
obdef
loc3d
        4.93948311897746              0.68677523412020            143.54531860351560     -1
kind
     25     
    70200          153963     
       12.25000000000000  
 OBS            45
      -7.72816639436095
       0.92769190307798
       1.00000000000000
 44 46 -1
obdef
loc3d
        4.93535147134114              0.68874818734546            154.91955566406250     -1
kind
     25     
    70200          153963     
       12.25000000000000  
 OBS            46
       4.11927299437595
       2.49568352357215
       1.00000000000000
 45 47 -1
obdef
loc3d
        4.93998720508067              0.67099618858999             15.00000000000000     -1
kind
     25     
    70200          153963     
       12.25000000000000  
 OBS            47
      -3.05724165028768
       2.03149123985717
       1.00000000000000
 46 48 -1
obdef
loc3d
        4.95377154670010              0.68841616298427              1.00000000000000     -1
kind
     25     
    70200          153963     
       12.25000000000000  
 OBS            48
       2.49963773579103
       1.37752299453550
       1.00000000000000
 47 49 -1
obdef
loc3d
        4.94369600674710              0.67424831199146             56.55799865722656     -1
kind
     25     
    70200          153963     
       12.25000000000000  
 OBS            49
      11.50655421244773
       3.38787208539859
       1.00000000000000
 48 50 -1
obdef
loc3d
        4.94554915949750              0.67592825057405             27.37830162048340     -1
kind
     25     
    70200          153963     
       12.25000000000000  
 OBS            50
      -4.22698921696306
       0.73062149000004
       1.00000000000000
 49 51 -1
obdef
loc3d
        4.93817225910204              0.68863985936718            220.11502075195310     -1
kind
     25     
    70200          153963     
       12.25000000000000  
 OBS            51
       0.37978645058974
      -3.44828002570888
       1.00000000000000
 50 52 -1
obdef
loc3d
        4.94679227765370              0.67424304503817             25.38815879821777     -1
kind
     25     
    70200          153963     
       12.25000000000000  
 OBS            52
       7.31605384337519
       3.12088259741426
       1.00000000000000
 51 53 -1
obdef
loc3d
        4.93825175772606              0.67415674930066             45.00000000000000     -1
kind
     25     
    70200          153963     
       12.25000000000000  
 OBS            53
      -0.79725532215173
      -0.72573560562559
       1.00000000000000
 52 54 -1
obdef
loc3d
        4.94311892630401              0.68721450203000            155.69055175781250     -1
kind
     25     
    70200          153963     
       12.25000000000000  
 OBS            54
      -9.93620547636487
      -2.12829196159793
       1.00000000000000
 53 55 -1
obdef
loc3d
        4.94449382724881              0.67792071808206             14.15527343750000     -1
kind
     25     
    70200          153963     
       12.25000000000000  
 OBS            55
       0.02934811442989
       0.75950510235769
       1.00000000000000
 54 56 -1
obdef
loc3d
        4.94565692959859              0.66987151098961             30.00000000000000     -1
kind
     25     
    70200          153963     
       12.25000000000000  
 OBS            56
      -6.44997466126197
      -0.39248550582359
       1.00000000000000
 55 57 -1
obdef
loc3d
        4.93623940611723              0.68485115788194            160.48159790039060     -1
kind
     25     
    70200          153963     
       12.25000000000000  
 OBS            57
       1.63715552471913
       1.82295733961739
       1.00000000000000
 56 58 -1
obdef
loc3d
        4.93207688179052              0.69191340558627            266.88421630859381     -1
kind
     25     
    70200          153963     
       12.25000000000000  
 OBS            58
      -1.83483598395829
      -2.10318402924895
       1.00000000000000
 57 59 -1
obdef
loc3d
        4.94337184525690              0.69048472086632            168.92642211914060     -1
kind
     25     
    70200          153963     
       12.25000000000000  
 OBS            59
      -3.43432245573815
       2.21101812134070
       1.00000000000000
 58 60 -1
obdef
loc3d
        4.93083275656657              0.69156409584246            530.37139892578125     -1
kind
     25     
    70200          153963     
       12.25000000000000  
 OBS            60
      -3.02168677759554
      -0.91503537428705
       1.00000000000000
 59 61 -1
obdef
loc3d
        4.93576715774405              0.67026358084744             15.00000000000000     -1
kind
     25     
    70200          153963     
       12.25000000000000  
 OBS            61
      -6.19892486338896
      -4.00829857869544
       1.00000000000000
 60 62 -1
obdef
loc3d
        4.94676264345478              0.69035499858378            170.37097167968750     -1
kind
     25     
    70200          153963     
       12.25000000000000  
 OBS            62
      -0.26459670812638
       0.65745907300971
       1.00000000000000
 61 63 -1
obdef
loc3d
        4.94046883892718              0.69230960363225            232.29916381835940     -1
kind
     25     
    70200          153963     
       12.25000000000000  
 OBS            63
       1.90377603363317
       0.75134108449490
       1.00000000000000
 62 64 -1
obdef
loc3d
        4.94668005348904              0.66792517272334             30.00000000000000     -1
kind
     25     
    70200          153963     
       12.25000000000000  
 OBS            64
      -2.63697232925574
       1.61065381887210
       1.00000000000000
 63 65 -1
obdef
loc3d
        4.93142664351951              0.69067116425814            352.18109130859381     -1
kind
     25     
    70200          153963     
       12.25000000000000  
 OBS            65
      -1.42945323353775
       1.57935419211288
       1.00000000000000
 64 66 -1
obdef
loc3d
        4.93315860158957              0.69236546390432            148.09797668457031     -1
kind
     25     
    70200          153963     
       12.25000000000000  
 OBS            66
       7.61602924595021
       4.21465459996167
       1.00000000000000
 65 67 -1
obdef
loc3d
        4.94330474517536              0.68101851702487             28.94674682617188     -1
kind
     25     
    70200          153963     
       12.25000000000000  
 OBS            67
       5.83903484206973
       6.26420686107592
       1.00000000000000
 66 68 -1
obdef
loc3d
        4.93900329796962              0.68465687192145            135.10733032226560     -1
kind
     25     
    70200          153963     
       12.25000000000000  
 OBS            68
      -0.95779960664822
       3.45780541812829
       1.00000000000000
 67 69 -1
obdef
loc3d
        4.94044166392076              0.68262352587105            131.77731323242190     -1
kind
     25     
    70200          153963     
       12.25000000000000  
 OBS            69
       0.87627202321514
       2.47617185021064
       1.00000000000000
 68 70 -1
obdef
loc3d
        4.92619210793233              0.68978851614430            140.91706848144531     -1
kind
     25     
    70200          153963     
       12.25000000000000  
 OBS            70
      -0.62852125811482
      -3.21554105439963
       1.00000000000000
 69 71 -1
obdef
loc3d
        4.94963312081941              0.66996996266355             29.99300956726074     -1
kind
     25     
    70200          153963     
       12.25000000000000  
 OBS            71
       4.98789818982517
       2.02194372801603
       1.00000000000000
 70 72 -1
obdef
loc3d
        4.92700392971737              0.68887132383449            128.38885498046881     -1
kind
     25     
    70200          153963     
       12.25000000000000  
 OBS            72
       4.18426192995743
       0.94929245213861
       1.00000000000000
 71 73 -1
obdef
loc3d
        4.94246333188258              0.67229541033138             45.31371688842773     -1
kind
     25     
    70200          153963     
       12.25000000000000  
 OBS            73
       6.89567484524140
       2.67473141102290
       1.00000000000000
 72 74 -1
obdef
loc3d
        4.94297820410103              0.68302629331082             53.72113800048828     -1
kind
     25     
    70200          153963     
       12.25000000000000  
 OBS            74
      -0.63443145063625
      -2.56019450961107
       1.00000000000000
 73 75 -1
obdef
loc3d
        4.94625467437127              0.67931016686449             42.11843872070312     -1
kind
     25     
    70200          153963     
       12.25000000000000  
 OBS            75
      -2.67424808225832
       1.66604151334175
       1.00000000000000
 74 76 -1
obdef
loc3d
        4.93718236751881              0.69150375136553            153.15858459472659     -1
kind
     25     
    70200          153963     
       12.25000000000000  
 OBS            76
       2.76653706083754
       1.24939781149641
       1.00000000000000
 75 77 -1
obdef
loc3d
        4.90540352515539              0.69194112440599            606.33142089843750     -1
kind
     26     
    70200          153963     
       12.25000000000000  
 OBS            77
       4.79052279276658
       3.24684236905697
       1.00000000000000
 76 78 -1
obdef
loc3d
        4.94546412681761              0.68348353984884             17.75631332397461     -1
kind
     26     
    70200          153963     
       12.25000000000000  
 OBS            78
       0.77605765593969
       3.60200685941158
       1.00000000000000
 77 79 -1
obdef
loc3d
        4.94660974174000              0.67744857875853             29.35406684875488     -1
kind
     26     
    70200          153963     
       12.25000000000000  
 OBS            79
      -7.15485638303082
      -2.17950759977055
       1.00000000000000
 78 80 -1
obdef
loc3d
        4.94648126630843              0.68652865419204             54.82812500000000     -1
kind
     26     
    70200          153963     
       12.25000000000000  
 OBS            80
      -3.29141742251957
      -3.38221529210702
       1.00000000000000
 79 81 -1
obdef
loc3d
        4.94445426011379              0.68507566758975             62.61011505126953     -1
kind
     26     
    70200          153963     
       12.25000000000000  
 OBS            81
      -2.62138478070603
      -0.26095128819381
       1.00000000000000
 80 82 -1
obdef
loc3d
        4.94602055174578              0.68752162087271            134.15721130371091     -1
kind
     26     
    70200          153963     
       12.25000000000000  
 OBS            82
      -3.61348998328656
       3.54539238059928
       1.00000000000000
 81 83 -1
obdef
loc3d
        4.94603912728501              0.67254511985829             35.00297546386719     -1
kind
     26     
    70200          153963     
       12.25000000000000  
 OBS            83
      -1.26163140144047
       1.81894362794173
       1.00000000000000
 82 84 -1
obdef
loc3d
        4.95877904994953              0.67986585977255             17.04111671447754     -1
kind
     26     
    70200          153963     
       12.25000000000000  
 OBS            84
       8.82166576563967
       3.60570938589579
       1.00000000000000
 83 85 -1
obdef
loc3d
        4.93958042817759              0.69095160998657            226.13127136230469     -1
kind
     26     
    70200          153963     
       12.25000000000000  
 OBS            85
      -0.01148245381527
       2.03422087773226
       1.00000000000000
 84 86 -1
obdef
loc3d
        4.95756313665553              0.69181797222864             89.84997558593750     -1
kind
     26     
    70200          153963     
       12.25000000000000  
 OBS            86
       6.18506704859059
       3.09804355229334
       1.00000000000000
 85 87 -1
obdef
loc3d
        4.94078657111844              0.67409210989409             60.81152343750000     -1
kind
     26     
    70200          153963     
       12.25000000000000  
 OBS            87
      -5.21530880742489
       3.13435844199981
       1.00000000000000
 86 88 -1
obdef
loc3d
        4.95557846691255              0.67267262139613              1.00000000000000     -1
kind
     26     
    70200          153963     
       12.25000000000000  
 OBS            88
      -3.18569827692771
       3.16533671719969
       1.00000000000000
 87 89 -1
obdef
loc3d
        4.93193348448080              0.68856418981073            106.00000000000000     -1
kind
     26     
    70200          153963     
       12.25000000000000  
 OBS            89
      -2.06399182305027
       0.31469034076363
       1.00000000000000
 88 90 -1
obdef
loc3d
        4.89970838141578              0.68765245249877            785.09423828125000     -1
kind
     26     
    70200          153963     
       12.25000000000000  
 OBS            90
      -5.73647917086457
      -3.23285616042041
       1.00000000000000
 89 91 -1
obdef
loc3d
        4.95026814558372              0.68993059237416             93.11567687988281     -1
kind
     26     
    70200          153963     
       12.25000000000000  
 OBS            91
      -6.99216746347600
      -4.03261465135820
       1.00000000000000
 90 92 -1
obdef
loc3d
        4.94174512165160              0.68484635226999            116.56585693359381     -1
kind
     26     
    70200          153963     
       12.25000000000000  
 OBS            92
       5.88117965732992
       3.84033520405075
       1.00000000000000
 91 93 -1
obdef
loc3d
        4.95420735021482              0.68473663912788             15.00000000000000     -1
kind
     26     
    70200          153963     
       12.25000000000000  
 OBS            93
      -3.12665330126337
      -1.65652688727823
       1.00000000000000
 92 94 -1
obdef
loc3d
        4.93477042118681              0.68310638816012            118.89588928222661     -1
kind
     26     
    70200          153963     
       12.25000000000000  
 OBS            94
      -2.41312429354943
      -2.84481648398983
       1.00000000000000
 93 95 -1
obdef
loc3d
        4.93795631029682              0.68276407673392            144.94107055664060     -1
kind
     26     
    70200          153963     
       12.25000000000000  
 OBS            95
      -5.29343748726785
       1.25391186451024
       1.00000000000000
 94 96 -1
obdef
loc3d
        4.94001671685736              0.68064929967652             43.67281723022461     -1
kind
     26     
    70200          153963     
       12.25000000000000  
 OBS            96
       1.36572363032862
       2.05816049983643
       1.00000000000000
 95 97 -1
obdef
loc3d
        4.94058460161740              0.67807181314514             70.17810058593750     -1
kind
     26     
    70200          153963     
       12.25000000000000  
 OBS            97
       0.45135313237274
       3.82896162326808
       1.00000000000000
 96 98 -1
obdef
loc3d
        4.95423295419494              0.68033176843505              3.71636104583740     -1
kind
     26     
    70200          153963     
       12.25000000000000  
 OBS            98
       3.04095275486112
       3.31193122840505
       1.00000000000000
 97 99 -1
obdef
loc3d
        4.94926894458696              0.66642585587446             10.91526031494141     -1
kind
     26     
    70200          153963     
       12.25000000000000  
 OBS            99
      -1.15495550530573
       1.79838329971193
       1.00000000000000
 98 100 -1
obdef
loc3d
        4.96223480186848              0.66700036066835              5.00000000000000     -1
kind
     26     
    70200          153963     
       12.25000000000000  
 OBS            100
       0.83362941027350
       2.98910098173737
       1.00000000000000
 99 101 -1
obdef
loc3d
        4.95546148971009              0.67729393735082              6.17724800109863     -1
kind
     26     
    70200          153963     
       12.25000000000000  
 OBS            101
       1.53120818433311
       4.24754127760011
       1.00000000000000
 100 102 -1
obdef
loc3d
        4.92652723985629              0.69051382381431            146.04148864746091     -1
kind
     26     
    70200          153963     
       12.25000000000000  
 OBS            102
       3.19114295080816
       3.80920446461645
       1.00000000000000
 101 103 -1
obdef
loc3d
        4.96366005344362              0.66920346185787              6.00000000000000     -1
kind
     26     
    70200          153963     
       12.25000000000000  
 OBS            103
       2.64136452542069
       5.01984627272471
       1.00000000000000
 102 104 -1
obdef
loc3d
        4.97052949833720              0.66907739847133              8.84140872955322     -1
kind
     26     
    70200          153963     
       12.25000000000000  
 OBS            104
       4.14419725879264
       2.64467263986090
       1.00000000000000
 103 105 -1
obdef
loc3d
        4.93727739535368              0.69277976810143            187.24655151367190     -1
kind
     26     
    70200          153963     
       12.25000000000000  
 OBS            105
       3.73425305685976
       2.49610139321378
       1.00000000000000
 104 106 -1
obdef
loc3d
        4.94575592838423              0.68143846111579             35.01654815673828     -1
kind
     26     
    70200          153963     
       12.25000000000000  
 OBS            106
       3.78176583230145
       2.98156048748383
       1.00000000000000
 105 107 -1
obdef
loc3d
        4.93184075890513              0.68784163962489             92.58054351806641     -1
kind
     26     
    70200          153963     
       12.25000000000000  
 OBS            107
       4.47612784461575
       1.27265111291201
       1.00000000000000
 106 108 -1
obdef
loc3d
        4.94081711590956              0.68854862967758            162.55853271484381     -1
kind
     26     
    70200          153963     
       12.25000000000000  
 OBS            108
      -0.87865291875384
       2.80278681260251
       1.00000000000000
 107 109 -1
obdef
loc3d
        4.94249854456299              0.67650785339572             60.39866638183594     -1
kind
     26     
    70200          153963     
       12.25000000000000  
 OBS            109
       6.35197813886536
       1.51669917496775
       1.00000000000000
 108 110 -1
obdef
loc3d
        4.93162931041089              0.68282844530430             93.04485321044922     -1
kind
     26     
    70200          153963     
       12.25000000000000  
 OBS            110
       8.45583104556550
       4.89048285984710
       1.00000000000000
 109 111 -1
obdef
loc3d
        4.93293180012842              0.69147876068069            106.50605773925780     -1
kind
     26     
    70200          153963     
       12.25000000000000  
 OBS            111
       3.23681831046073
       1.27121167319082
       1.00000000000000
 110 112 -1
obdef
loc3d
        4.94231542915734              0.67925336633936             45.80761718750000     -1
kind
     26     
    70200          153963     
       12.25000000000000  
 OBS            112
       5.99812532755295
       2.84547107296844
       1.00000000000000
 111 113 -1
obdef
loc3d
        4.94267046375275              0.67009027494016             28.73577499389648     -1
kind
     26     
    70200          153963     
       12.25000000000000  
 OBS            113
      -2.37608480813052
      -1.52461873689130
       1.00000000000000
 112 114 -1
obdef
loc3d
        4.95301390972552              0.69283749825579             93.74549102783203     -1
kind
     26     
    70200          153963     
       12.25000000000000  
 OBS            114
       3.64501880419825
       2.42361457143390
       1.00000000000000
 113 115 -1
obdef
loc3d
        4.93993476658470              0.67588412939320             29.35707092285156     -1
kind
     26     
    70200          153963     
       12.25000000000000  
 OBS            115
       5.96275798255131
       2.32416809295543
       1.00000000000000
 114 116 -1
obdef
loc3d
        4.93755681423869              0.67212761520231             23.80049896240234     -1
kind
     26     
    70200          153963     
       12.25000000000000  
 OBS            116
       1.34662129544577
       4.88011080717952
       1.00000000000000
 115 117 -1
obdef
loc3d
        4.93524778363115              0.68687961042640            201.53530883789060     -1
kind
     26     
    70200          153963     
       12.25000000000000  
 OBS            117
       7.09714162779547
       2.53410950067350
       1.00000000000000
 116 118 -1
obdef
loc3d
        4.94487715611266              0.69284945127485            184.54177856445310     -1
kind
     26     
    70200          153963     
       12.25000000000000  
 OBS            118
      -3.52945443975058
      -1.24313684372877
       1.00000000000000
 117 119 -1
obdef
loc3d
        4.93574679201688              0.68074234291388             92.12267303466797     -1
kind
     26     
    70200          153963     
       12.25000000000000  
 OBS            119
      -2.33016801682675
      -0.61983557321163
       1.00000000000000
 118 120 -1
obdef
loc3d
        4.93948311897746              0.68677523412020            143.54531860351560     -1
kind
     26     
    70200          153963     
       12.25000000000000  
 OBS            120
       0.33973358456442
       1.14199520220813
       1.00000000000000
 119 121 -1
obdef
loc3d
        4.93535147134114              0.68874818734546            154.91955566406250     -1
kind
     26     
    70200          153963     
       12.25000000000000  
 OBS            121
       1.91277176597372
       2.30492098667100
       1.00000000000000
 120 122 -1
obdef
loc3d
        4.93998720508067              0.67099618858999             15.00000000000000     -1
kind
     26     
    70200          153963     
       12.25000000000000  
 OBS            122
      -0.67248247279653
       1.42767242062998
       1.00000000000000
 121 123 -1
obdef
loc3d
        4.95377154670010              0.68841616298427              1.00000000000000     -1
kind
     26     
    70200          153963     
       12.25000000000000  
 OBS            123
       4.38244697907613
       1.48193661689116
       1.00000000000000
 122 124 -1
obdef
loc3d
        4.94369600674710              0.67424831199146             56.55799865722656     -1
kind
     26     
    70200          153963     
       12.25000000000000  
 OBS            124
       4.43859186379644
       2.54908053438655
       1.00000000000000
 123 125 -1
obdef
loc3d
        4.94554915949750              0.67592825057405             27.37830162048340     -1
kind
     26     
    70200          153963     
       12.25000000000000  
 OBS            125
       5.99245381590706
       3.11757271184504
       1.00000000000000
 124 126 -1
obdef
loc3d
        4.93817225910204              0.68863985936718            220.11502075195310     -1
kind
     26     
    70200          153963     
       12.25000000000000  
 OBS            126
      -0.70243251769070
       4.28361114989690
       1.00000000000000
 125 127 -1
obdef
loc3d
        4.94679227765370              0.67424304503817             25.38815879821777     -1
kind
     26     
    70200          153963     
       12.25000000000000  
 OBS            127
       3.47267548701660
       1.91439052151807
       1.00000000000000
 126 128 -1
obdef
loc3d
        4.93825175772606              0.67415674930066             45.00000000000000     -1
kind
     26     
    70200          153963     
       12.25000000000000  
 OBS            128
      -2.32065671568100
      -3.63051848790801
       1.00000000000000
 127 129 -1
obdef
loc3d
        4.94311892630401              0.68721450203000            155.69055175781250     -1
kind
     26     
    70200          153963     
       12.25000000000000  
 OBS            129
      -1.53835406597025
       0.58997805871471
       1.00000000000000
 128 130 -1
obdef
loc3d
        4.94449382724881              0.67792071808206             14.15527343750000     -1
kind
     26     
    70200          153963     
       12.25000000000000  
 OBS            130
      -5.86313196286660
       3.03205554574794
       1.00000000000000
 129 131 -1
obdef
loc3d
        4.94565692959859              0.66987151098961             30.00000000000000     -1
kind
     26     
    70200          153963     
       12.25000000000000  
 OBS            131
       2.30538391281769
       2.09263842866074
       1.00000000000000
 130 132 -1
obdef
loc3d
        4.93623940611723              0.68485115788194            160.48159790039060     -1
kind
     26     
    70200          153963     
       12.25000000000000  
 OBS            132
       4.35666440066812
       3.14892422948894
       1.00000000000000
 131 133 -1
obdef
loc3d
        4.93207688179052              0.69191340558627            266.88421630859381     -1
kind
     26     
    70200          153963     
       12.25000000000000  
 OBS            133
       3.08349240999837
       2.55379524719258
       1.00000000000000
 132 134 -1
obdef
loc3d
        4.94337184525690              0.69048472086632            168.92642211914060     -1
kind
     26     
    70200          153963     
       12.25000000000000  
 OBS            134
       3.05895224174144
       3.39006676875191
       1.00000000000000
 133 135 -1
obdef
loc3d
        4.93083275656657              0.69156409584246            530.37139892578125     -1
kind
     26     
    70200          153963     
       12.25000000000000  
 OBS            135
      -3.19830441562275
       1.45234328558988
       1.00000000000000
 134 136 -1
obdef
loc3d
        4.93576715774405              0.67026358084744             15.00000000000000     -1
kind
     26     
    70200          153963     
       12.25000000000000  
 OBS            136
       1.16083566250959
      -1.03207434869446
       1.00000000000000
 135 137 -1
obdef
loc3d
        4.94676264345478              0.69035499858378            170.37097167968750     -1
kind
     26     
    70200          153963     
       12.25000000000000  
 OBS            137
       9.34108295497254
       5.42295964011620
       1.00000000000000
 136 138 -1
obdef
loc3d
        4.94046883892718              0.69230960363225            232.29916381835940     -1
kind
     26     
    70200          153963     
       12.25000000000000  
 OBS            138
       5.03493570408932
       2.64679230782159
       1.00000000000000
 137 139 -1
obdef
loc3d
        4.94668005348904              0.66792517272334             30.00000000000000     -1
kind
     26     
    70200          153963     
       12.25000000000000  
 OBS            139
       8.99258008691921
       3.57738277582742
       1.00000000000000
 138 140 -1
obdef
loc3d
        4.93142664351951              0.69067116425814            352.18109130859381     -1
kind
     26     
    70200          153963     
       12.25000000000000  
 OBS            140
       1.24803218129898
       3.38627603101535
       1.00000000000000
 139 141 -1
obdef
loc3d
        4.93315860158957              0.69236546390432            148.09797668457031     -1
kind
     26     
    70200          153963     
       12.25000000000000  
 OBS            141
       1.64067087603004
       1.64894663535345
       1.00000000000000
 140 142 -1
obdef
loc3d
        4.94330474517536              0.68101851702487             28.94674682617188     -1
kind
     26     
    70200          153963     
       12.25000000000000  
 OBS            142
      -4.38673519390929
       1.32610715227132
       1.00000000000000
 141 143 -1
obdef
loc3d
        4.93900329796962              0.68465687192145            135.10733032226560     -1
kind
     26     
    70200          153963     
       12.25000000000000  
 OBS            143
       1.09773169940228
       2.81585863979868
       1.00000000000000
 142 144 -1
obdef
loc3d
        4.94044166392076              0.68262352587105            131.77731323242190     -1
kind
     26     
    70200          153963     
       12.25000000000000  
 OBS            144
       5.80398662242042
       4.11101167008497
       1.00000000000000
 143 145 -1
obdef
loc3d
        4.92619210793233              0.68978851614430            140.91706848144531     -1
kind
     26     
    70200          153963     
       12.25000000000000  
 OBS            145
       1.63094641483972
       3.57194034060985
       1.00000000000000
 144 146 -1
obdef
loc3d
        4.94963312081941              0.66996996266355             29.99300956726074     -1
kind
     26     
    70200          153963     
       12.25000000000000  
 OBS            146
       4.08184905307918
       3.57559835846669
       1.00000000000000
 145 147 -1
obdef
loc3d
        4.92700392971737              0.68887132383449            128.38885498046881     -1
kind
     26     
    70200          153963     
       12.25000000000000  
 OBS            147
       3.63781086425082
       3.89042058343007
       1.00000000000000
 146 148 -1
obdef
loc3d
        4.94246333188258              0.67229541033138             45.31371688842773     -1
kind
     26     
    70200          153963     
       12.25000000000000  
 OBS            148
       3.87249217087389
       3.08196668372488
       1.00000000000000
 147 149 -1
obdef
loc3d
        4.94297820410103              0.68302629331082             53.72113800048828     -1
kind
     26     
    70200          153963     
       12.25000000000000  
 OBS            149
       3.99185335524606
       4.30394691272240
       1.00000000000000
 148 150 -1
obdef
loc3d
        4.94625467437127              0.67931016686449             42.11843872070312     -1
kind
     26     
    70200          153963     
       12.25000000000000  
 OBS            150
       2.73389405332793
       1.67189582461850
       1.00000000000000
 149 151 -1
obdef
loc3d
        4.93718236751881              0.69150375136553            153.15858459472659     -1
kind
     26     
    70200          153963     
       12.25000000000000  
 OBS            151
     302.13434056259450
     301.37807121145602
       1.00000000000000
 150 152 -1
obdef
loc3d
        4.90540352515539              0.69194112440599            606.33142089843750     -1
kind
     27     
    70200          153963     
        6.25000000000000  
 OBS            152
     304.96062124795895
     303.66762163583002
       1.00000000000000
 151 153 -1
obdef
loc3d
        4.94546412681761              0.68348353984884             17.75631332397461     -1
kind
     27     
    70200          153963     
        6.25000000000000  
 OBS            153
     303.23247657240148
     302.92495902353801
       1.00000000000000
 152 154 -1
obdef
loc3d
        4.94660974174000              0.67744857875853             29.35406684875488     -1
kind
     27     
    70200          153963     
        6.25000000000000  
 OBS            154
     296.65798017716162
     298.07901670183401
       1.00000000000000
 153 155 -1
obdef
loc3d
        4.94648126630843              0.68652865419204             54.82812500000000     -1
kind
     27     
    70200          153963     
        6.25000000000000  
 OBS            155
     303.20807235103564
     302.36114873643498
       1.00000000000000
 154 156 -1
obdef
loc3d
        4.94445426011379              0.68507566758975             62.61011505126953     -1
kind
     27     
    70200          153963     
        6.25000000000000  
 OBS            156
     299.59547839241628
     298.60634470481801
       1.00000000000000
 155 157 -1
obdef
loc3d
        4.94602055174578              0.68752162087271            134.15721130371091     -1
kind
     27     
    70200          153963     
        6.25000000000000  
 OBS            157
     306.35198843522750
     306.23778213667799
       1.00000000000000
 156 158 -1
obdef
loc3d
        4.94603912728501              0.67254511985829             35.00297546386719     -1
kind
     27     
    70200          153963     
        6.25000000000000  
 OBS            158
     305.62406619153228
     305.77636410266899
       1.00000000000000
 157 159 -1
obdef
loc3d
        4.95877904994953              0.67986585977255             17.04111671447754     -1
kind
     27     
    70200          153963     
        6.25000000000000  
 OBS            159
     301.17074533874228
     301.14473553849399
       1.00000000000000
 158 160 -1
obdef
loc3d
        4.93958042817759              0.69095160998657            226.13127136230469     -1
kind
     27     
    70200          153963     
        6.25000000000000  
 OBS            160
     303.20494930121549
     302.77529024406101
       1.00000000000000
 159 161 -1
obdef
loc3d
        4.95756313665553              0.69181797222864             89.84997558593750     -1
kind
     27     
    70200          153963     
        6.25000000000000  
 OBS            161
     309.06093107262672
     306.81068312337101
       1.00000000000000
 160 162 -1
obdef
loc3d
        4.94078657111844              0.67409210989409             60.81152343750000     -1
kind
     27     
    70200          153963     
        6.25000000000000  
 OBS            162
     305.47907785980527
     306.08107219489500
       1.00000000000000
 161 163 -1
obdef
loc3d
        4.95557846691255              0.67267262139613              1.00000000000000     -1
kind
     27     
    70200          153963     
        6.25000000000000  
 OBS            163
     302.55780086229259
     303.58506604953601
       1.00000000000000
 162 164 -1
obdef
loc3d
        4.93193348448080              0.68856418981073            106.00000000000000     -1
kind
     27     
    70200          153963     
        6.25000000000000  
 OBS            164
     297.10929957414362
     298.45183892140398
       1.00000000000000
 163 165 -1
obdef
loc3d
        4.89970838141578              0.68765245249877            785.09423828125000     -1
kind
     27     
    70200          153963     
        6.25000000000000  
 OBS            165
     297.02177474102069
     296.26945411470098
       1.00000000000000
 164 166 -1
obdef
loc3d
        4.95026814558372              0.68993059237416             93.11567687988281     -1
kind
     27     
    70200          153963     
        6.25000000000000  
 OBS            166
     301.43865731090102
     301.66590058275199
       1.00000000000000
 165 167 -1
obdef
loc3d
        4.94174512165160              0.68484635226999            116.56585693359381     -1
kind
     27     
    70200          153963     
        6.25000000000000  
 OBS            167
     305.44103319858158
     304.69047341536498
       1.00000000000000
 166 168 -1
obdef
loc3d
        4.95420735021482              0.68473663912788             15.00000000000000     -1
kind
     27     
    70200          153963     
        6.25000000000000  
 OBS            168
     298.97993410650076
     299.10738178378898
       1.00000000000000
 167 169 -1
obdef
loc3d
        4.93477042118681              0.68310638816012            118.89588928222661     -1
kind
     27     
    70200          153963     
        6.25000000000000  
 OBS            169
     298.32076525902471
     300.61904860734501
       1.00000000000000
 168 170 -1
obdef
loc3d
        4.93795631029682              0.68276407673392            144.94107055664060     -1
kind
     27     
    70200          153963     
        6.25000000000000  
 OBS            170
     305.56227048685378
     304.21430189339998
       1.00000000000000
 169 171 -1
obdef
loc3d
        4.94001671685736              0.68064929967652             43.67281723022461     -1
kind
     27     
    70200          153963     
        6.25000000000000  
 OBS            171
     304.70979834503794
     305.06363839758097
       1.00000000000000
 170 172 -1
obdef
loc3d
        4.94058460161740              0.67807181314514             70.17810058593750     -1
kind
     27     
    70200          153963     
        6.25000000000000  
 OBS            172
     305.39109970397584
     306.16145423526700
       1.00000000000000
 171 173 -1
obdef
loc3d
        4.95423295419494              0.68033176843505              3.71636104583740     -1
kind
     27     
    70200          153963     
        6.25000000000000  
 OBS            173
     305.83598503902607
     305.48144377068598
       1.00000000000000
 172 174 -1
obdef
loc3d
        4.94926894458696              0.66642585587446             10.91526031494141     -1
kind
     27     
    70200          153963     
        6.25000000000000  
 OBS            174
     308.22188668182952
     306.70841905824301
       1.00000000000000
 173 175 -1
obdef
loc3d
        4.96223480186848              0.66700036066835              5.00000000000000     -1
kind
     27     
    70200          153963     
        6.25000000000000  
 OBS            175
     306.06687679219385
     306.44840482465401
       1.00000000000000
 174 176 -1
obdef
loc3d
        4.95546148971009              0.67729393735082              6.17724800109863     -1
kind
     27     
    70200          153963     
        6.25000000000000  
 OBS            176
     301.96353726281700
     304.15142313924400
       1.00000000000000
 175 177 -1
obdef
loc3d
        4.92652723985629              0.69051382381431            146.04148864746091     -1
kind
     27     
    70200          153963     
        6.25000000000000  
 OBS            177
     305.13398260215280
     303.29639232455798
       1.00000000000000
 176 178 -1
obdef
loc3d
        4.96366005344362              0.66920346185787              6.00000000000000     -1
kind
     27     
    70200          153963     
        6.25000000000000  
 OBS            178
     298.01331250931440
     297.95022256536703
       1.00000000000000
 177 179 -1
obdef
loc3d
        4.97052949833720              0.66907739847133              8.84140872955322     -1
kind
     27     
    70200          153963     
        6.25000000000000  
 OBS            179
     302.70426627120656
     301.90932067254602
       1.00000000000000
 178 180 -1
obdef
loc3d
        4.93727739535368              0.69277976810143            187.24655151367190     -1
kind
     27     
    70200          153963     
        6.25000000000000  
 OBS            180
     304.25273555095089
     302.15013652503501
       1.00000000000000
 179 181 -1
obdef
loc3d
        4.94575592838423              0.68143846111579             35.01654815673828     -1
kind
     27     
    70200          153963     
        6.25000000000000  
 OBS            181
     304.33040558581138
     303.73290036737899
       1.00000000000000
 180 182 -1
obdef
loc3d
        4.93184075890513              0.68784163962489             92.58054351806641     -1
kind
     27     
    70200          153963     
        6.25000000000000  
 OBS            182
     299.67752509223925
     299.46727895983503
       1.00000000000000
 181 183 -1
obdef
loc3d
        4.94081711590956              0.68854862967758            162.55853271484381     -1
kind
     27     
    70200          153963     
        6.25000000000000  
 OBS            183
     305.04862762296273
     306.73161225889697
       1.00000000000000
 182 184 -1
obdef
loc3d
        4.94249854456299              0.67650785339572             60.39866638183594     -1
kind
     27     
    70200          153963     
        6.25000000000000  
 OBS            184
     302.62687180897376
     301.97563661935197
       1.00000000000000
 183 185 -1
obdef
loc3d
        4.93162931041089              0.68282844530430             93.04485321044922     -1
kind
     27     
    70200          153963     
        6.25000000000000  
 OBS            185
     304.81549054503614
     304.99868616073098
       1.00000000000000
 184 186 -1
obdef
loc3d
        4.93293180012842              0.69147876068069            106.50605773925780     -1
kind
     27     
    70200          153963     
        6.25000000000000  
 OBS            186
     305.76416915880452
     305.20832263338798
       1.00000000000000
 185 187 -1
obdef
loc3d
        4.94231542915734              0.67925336633936             45.80761718750000     -1
kind
     27     
    70200          153963     
        6.25000000000000  
 OBS            187
     305.90284506469322
     306.66168799423400
       1.00000000000000
 186 188 -1
obdef
loc3d
        4.94267046375275              0.67009027494016             28.73577499389648     -1
kind
     27     
    70200          153963     
        6.25000000000000  
 OBS            188
     297.51452933540094
     297.78923225572800
       1.00000000000000
 187 189 -1
obdef
loc3d
        4.95301390972552              0.69283749825579             93.74549102783203     -1
kind
     27     
    70200          153963     
        6.25000000000000  
 OBS            189
     305.60075873655433
     306.49191312309603
       1.00000000000000
 188 190 -1
obdef
loc3d
        4.93993476658470              0.67588412939320             29.35707092285156     -1
kind
     27     
    70200          153963     
        6.25000000000000  
 OBS            190
     305.43636941782484
     305.96616117003998
       1.00000000000000
 189 191 -1
obdef
loc3d
        4.93755681423869              0.67212761520231             23.80049896240234     -1
kind
     27     
    70200          153963     
        6.25000000000000  
 OBS            191
     301.68333360359048
     301.78612255992698
       1.00000000000000
 190 192 -1
obdef
loc3d
        4.93524778363115              0.68687961042640            201.53530883789060     -1
kind
     27     
    70200          153963     
        6.25000000000000  
 OBS            192
     300.74206507061382
     299.88441663178298
       1.00000000000000
 191 193 -1
obdef
loc3d
        4.94487715611266              0.69284945127485            184.54177856445310     -1
kind
     27     
    70200          153963     
        6.25000000000000  
 OBS            193
     300.17316524274764
     300.68117284628897
       1.00000000000000
 192 194 -1
obdef
loc3d
        4.93574679201688              0.68074234291388             92.12267303466797     -1
kind
     27     
    70200          153963     
        6.25000000000000  
 OBS            194
     299.47718428260487
     301.19935378301602
       1.00000000000000
 193 195 -1
obdef
loc3d
        4.93948311897746              0.68677523412020            143.54531860351560     -1
kind
     27     
    70200          153963     
        6.25000000000000  
 OBS            195
     300.52645523301646
     303.54072634975103
       1.00000000000000
 194 196 -1
obdef
loc3d
        4.93535147134114              0.68874818734546            154.91955566406250     -1
kind
     27     
    70200          153963     
        6.25000000000000  
 OBS            196
     307.58033281806945
     307.22293498138498
       1.00000000000000
 195 197 -1
obdef
loc3d
        4.93998720508067              0.67099618858999             15.00000000000000     -1
kind
     27     
    70200          153963     
        6.25000000000000  
 OBS            197
     304.39034318592462
     303.43737849007402
       1.00000000000000
 196 198 -1
obdef
loc3d
        4.95377154670010              0.68841616298427              1.00000000000000     -1
kind
     27     
    70200          153963     
        6.25000000000000  
 OBS            198
     303.96427172638761
     305.01061186597599
       1.00000000000000
 197 199 -1
obdef
loc3d
        4.94369600674710              0.67424831199146             56.55799865722656     -1
kind
     27     
    70200          153963     
        6.25000000000000  
 OBS            199
     309.01448501928229
     307.50196834140502
       1.00000000000000
 198 200 -1
obdef
loc3d
        4.94554915949750              0.67592825057405             27.37830162048340     -1
kind
     27     
    70200          153963     
        6.25000000000000  
 OBS            200
     301.37051094760056
     300.31410396078797
       1.00000000000000
 199 201 -1
obdef
loc3d
        4.93817225910204              0.68863985936718            220.11502075195310     -1
kind
     27     
    70200          153963     
        6.25000000000000  
 OBS            201
     304.54922315360528
     305.47680824559899
       1.00000000000000
 200 202 -1
obdef
loc3d
        4.94679227765370              0.67424304503817             25.38815879821777     -1
kind
     27     
    70200          153963     
        6.25000000000000  
 OBS            202
     304.45478549840669
     305.94535704964500
       1.00000000000000
 201 203 -1
obdef
loc3d
        4.93825175772606              0.67415674930066             45.00000000000000     -1
kind
     27     
    70200          153963     
        6.25000000000000  
 OBS            203
     300.07866122872946
     299.09067348009302
       1.00000000000000
 202 204 -1
obdef
loc3d
        4.94311892630401              0.68721450203000            155.69055175781250     -1
kind
     27     
    70200          153963     
        6.25000000000000  
 OBS            204
     304.51960376544565
     303.85756222152003
       1.00000000000000
 203 205 -1
obdef
loc3d
        4.94449382724881              0.67792071808206             14.15527343750000     -1
kind
     27     
    70200          153963     
        6.25000000000000  
 OBS            205
     305.38939644118994
     305.74746667771399
       1.00000000000000
 204 206 -1
obdef
loc3d
        4.94565692959859              0.66987151098961             30.00000000000000     -1
kind
     27     
    70200          153963     
        6.25000000000000  
 OBS            206
     298.82622270960820
     298.76388831533001
       1.00000000000000
 205 207 -1
obdef
loc3d
        4.93623940611723              0.68485115788194            160.48159790039060     -1
kind
     27     
    70200          153963     
        6.25000000000000  
 OBS            207
     304.33035962278160
     303.93579692991801
       1.00000000000000
 206 208 -1
obdef
loc3d
        4.93207688179052              0.69191340558627            266.88421630859381     -1
kind
     27     
    70200          153963     
        6.25000000000000  
 OBS            208
     301.32991666495252
     300.08069681862298
       1.00000000000000
 207 209 -1
obdef
loc3d
        4.94337184525690              0.69048472086632            168.92642211914060     -1
kind
     27     
    70200          153963     
        6.25000000000000  
 OBS            209
     301.91677852923323
     301.49567024946100
       1.00000000000000
 208 210 -1
obdef
loc3d
        4.93083275656657              0.69156409584246            530.37139892578125     -1
kind
     27     
    70200          153963     
        6.25000000000000  
 OBS            210
     304.88264658694220
     305.84832888032400
       1.00000000000000
 209 211 -1
obdef
loc3d
        4.93576715774405              0.67026358084744             15.00000000000000     -1
kind
     27     
    70200          153963     
        6.25000000000000  
 OBS            211
     299.01458705171507
     298.82257416657200
       1.00000000000000
 210 212 -1
obdef
loc3d
        4.94676264345478              0.69035499858378            170.37097167968750     -1
kind
     27     
    70200          153963     
        6.25000000000000  
 OBS            212
     300.91899385953394
     300.81260235722402
       1.00000000000000
 211 213 -1
obdef
loc3d
        4.94046883892718              0.69230960363225            232.29916381835940     -1
kind
     27     
    70200          153963     
        6.25000000000000  
 OBS            213
     304.15259028450566
     306.06115202736999
       1.00000000000000
 212 214 -1
obdef
loc3d
        4.94668005348904              0.66792517272334             30.00000000000000     -1
kind
     27     
    70200          153963     
        6.25000000000000  
 OBS            214
     302.31388984733536
     302.71263974549601
       1.00000000000000
 213 215 -1
obdef
loc3d
        4.93142664351951              0.69067116425814            352.18109130859381     -1
kind
     27     
    70200          153963     
        6.25000000000000  
 OBS            215
     303.55981401795555
     303.31677897479602
       1.00000000000000
 214 216 -1
obdef
loc3d
        4.93315860158957              0.69236546390432            148.09797668457031     -1
kind
     27     
    70200          153963     
        6.25000000000000  
 OBS            216
     306.49822997536620
     305.25171365242699
       1.00000000000000
 215 217 -1
obdef
loc3d
        4.94330474517536              0.68101851702487             28.94674682617188     -1
kind
     27     
    70200          153963     
        6.25000000000000  
 OBS            217
     302.53232430559456
     301.99259957926603
       1.00000000000000
 216 218 -1
obdef
loc3d
        4.93900329796962              0.68465687192145            135.10733032226560     -1
kind
     27     
    70200          153963     
        6.25000000000000  
 OBS            218
     305.65532082932771
     304.60933826572102
       1.00000000000000
 217 219 -1
obdef
loc3d
        4.94044166392076              0.68262352587105            131.77731323242190     -1
kind
     27     
    70200          153963     
        6.25000000000000  
 OBS            219
     303.75847366540012
     303.61161635723300
       1.00000000000000
 218 220 -1
obdef
loc3d
        4.92619210793233              0.68978851614430            140.91706848144531     -1
kind
     27     
    70200          153963     
        6.25000000000000  
 OBS            220
     302.02079256032459
     302.19196715713002
       1.00000000000000
 219 221 -1
obdef
loc3d
        4.94963312081941              0.66996996266355             29.99300956726074     -1
kind
     27     
    70200          153963     
        6.25000000000000  
 OBS            221
     303.44158088656440
     303.74092492090301
       1.00000000000000
 220 222 -1
obdef
loc3d
        4.92700392971737              0.68887132383449            128.38885498046881     -1
kind
     27     
    70200          153963     
        6.25000000000000  
 OBS            222
     306.63564757846967
     307.21313562842101
       1.00000000000000
 221 223 -1
obdef
loc3d
        4.94246333188258              0.67229541033138             45.31371688842773     -1
kind
     27     
    70200          153963     
        6.25000000000000  
 OBS            223
     305.61129443733006
     305.76339181083301
       1.00000000000000
 222 224 -1
obdef
loc3d
        4.94297820410103              0.68302629331082             53.72113800048828     -1
kind
     27     
    70200          153963     
        6.25000000000000  
 OBS            224
     303.73558408584921
     303.98034755959497
       1.00000000000000
 223 225 -1
obdef
loc3d
        4.94625467437127              0.67931016686449             42.11843872070312     -1
kind
     27     
    70200          153963     
        6.25000000000000  
 OBS            225
     301.79400355847571
     302.89368323965999
       1.00000000000000
 224 -1 -1
obdef
loc3d
        4.93718236751881              0.69150375136553            153.15858459472659     -1
kind
     27     
    70200          153963     
        6.25000000000000  
