 obs_sequence
obs_kind_definitions
       3
    25          LAND_SFC_U_WIND_COMPONENT   
    26          LAND_SFC_V_WIND_COMPONENT   
    27          LAND_SFC_TEMPERATURE   
  num_copies:            2  num_qc:            1
 num_obs:       225  max_num_obs:       225
observations
truth
QC radar
  first:            1  last:       225
 OBS            1
       4.20240218337926
       4.34827969945646
       1.00000000000000
 -1 2 -1
obdef
loc3d
        4.90540352515539              0.69194112440599            606.33142089843750     -1
kind
     25     
    67500          153963     
       12.25000000000000  
 OBS            2
       0.67555326375330
      -1.92281105924144
       1.00000000000000
 1 3 -1
obdef
loc3d
        4.94546412681761              0.68348353984884             17.75631332397461     -1
kind
     25     
    67500          153963     
       12.25000000000000  
 OBS            3
      -7.62700188852266
      -3.03408136916937
       1.00000000000000
 2 4 -1
obdef
loc3d
        4.94660974174000              0.67744857875853             29.35406684875488     -1
kind
     25     
    67500          153963     
       12.25000000000000  
 OBS            4
       3.18890230541596
      -2.18992060848634
       1.00000000000000
 3 5 -1
obdef
loc3d
        4.94648126630843              0.68652865419204             54.82812500000000     -1
kind
     25     
    67500          153963     
       12.25000000000000  
 OBS            5
      -2.64229381676727
      -0.94275182296598
       1.00000000000000
 4 6 -1
obdef
loc3d
        4.94445426011379              0.68507566758975             62.61011505126953     -1
kind
     25     
    67500          153963     
       12.25000000000000  
 OBS            6
       4.17007389691889
       0.09753735494954
       1.00000000000000
 5 7 -1
obdef
loc3d
        4.94602055174578              0.68752162087271            134.15721130371091     -1
kind
     25     
    67500          153963     
       12.25000000000000  
 OBS            7
      -3.90072532161948
      -0.35070739020123
       1.00000000000000
 6 8 -1
obdef
loc3d
        4.94603912728501              0.67254511985829             35.00297546386719     -1
kind
     25     
    67500          153963     
       12.25000000000000  
 OBS            8
       3.83892095974878
       0.96648969887720
       1.00000000000000
 7 9 -1
obdef
loc3d
        4.95877904994953              0.67986585977255             17.04111671447754     -1
kind
     25     
    67500          153963     
       12.25000000000000  
 OBS            9
       0.90959411873402
      -1.74619655017594
       1.00000000000000
 8 10 -1
obdef
loc3d
        4.93958042817759              0.69095160998657            226.13127136230469     -1
kind
     25     
    67500          153963     
       12.25000000000000  
 OBS            10
       1.27514542158352
       1.85123329642529
       1.00000000000000
 9 11 -1
obdef
loc3d
        4.95756313665553              0.69181797222864             89.84997558593750     -1
kind
     25     
    67500          153963     
       12.25000000000000  
 OBS            11
       5.31324148263048
       2.82076471377110
       1.00000000000000
 10 12 -1
obdef
loc3d
        4.94078657111844              0.67409210989409             60.81152343750000     -1
kind
     25     
    67500          153963     
       12.25000000000000  
 OBS            12
       4.30770534632479
       2.10439927936214
       1.00000000000000
 11 13 -1
obdef
loc3d
        4.95557846691255              0.67267262139613              1.00000000000000     -1
kind
     25     
    67500          153963     
       12.25000000000000  
 OBS            13
       0.18208969900466
       3.81687169180061
       1.00000000000000
 12 14 -1
obdef
loc3d
        4.93193348448080              0.68856418981073            106.00000000000000     -1
kind
     25     
    67500          153963     
       12.25000000000000  
 OBS            14
       8.52304833758483
       4.36212076512184
       1.00000000000000
 13 15 -1
obdef
loc3d
        4.89970838141578              0.68765245249877            785.09423828125000     -1
kind
     25     
    67500          153963     
       12.25000000000000  
 OBS            15
      -1.54584192024478
      -1.26695665240335
       1.00000000000000
 14 16 -1
obdef
loc3d
        4.95026814558372              0.68993059237416             93.11567687988281     -1
kind
     25     
    67500          153963     
       12.25000000000000  
 OBS            16
      -1.12962352767534
       1.32899678640803
       1.00000000000000
 15 17 -1
obdef
loc3d
        4.94174512165160              0.68484635226999            116.56585693359381     -1
kind
     25     
    67500          153963     
       12.25000000000000  
 OBS            17
       0.98610000973769
       2.18663423829028
       1.00000000000000
 16 18 -1
obdef
loc3d
        4.95420735021482              0.68473663912788             15.00000000000000     -1
kind
     25     
    67500          153963     
       12.25000000000000  
 OBS            18
       2.34292094528813
       0.09641858163106
       1.00000000000000
 17 19 -1
obdef
loc3d
        4.93477042118681              0.68310638816012            118.89588928222661     -1
kind
     25     
    67500          153963     
       12.25000000000000  
 OBS            19
       6.82319782852434
       2.47026059454207
       1.00000000000000
 18 20 -1
obdef
loc3d
        4.93795631029682              0.68276407673392            144.94107055664060     -1
kind
     25     
    67500          153963     
       12.25000000000000  
 OBS            20
       1.90619034320286
       3.84234344749160
       1.00000000000000
 19 21 -1
obdef
loc3d
        4.94001671685736              0.68064929967652             43.67281723022461     -1
kind
     25     
    67500          153963     
       12.25000000000000  
 OBS            21
      -0.40603393399023
       3.92899545652229
       1.00000000000000
 20 22 -1
obdef
loc3d
        4.94058460161740              0.67807181314514             70.17810058593750     -1
kind
     25     
    67500          153963     
       12.25000000000000  
 OBS            22
       9.30433467225231
       3.35479246057444
       1.00000000000000
 21 23 -1
obdef
loc3d
        4.95423295419494              0.68033176843505              3.71636104583740     -1
kind
     25     
    67500          153963     
       12.25000000000000  
 OBS            23
       3.89145649207150
       0.22289776259001
       1.00000000000000
 22 24 -1
obdef
loc3d
        4.94926894458696              0.66642585587446             10.91526031494141     -1
kind
     25     
    67500          153963     
       12.25000000000000  
 OBS            24
       9.85997766583142
       4.26959392684859
       1.00000000000000
 23 25 -1
obdef
loc3d
        4.96223480186848              0.66700036066835              5.00000000000000     -1
kind
     25     
    67500          153963     
       12.25000000000000  
 OBS            25
      -0.17958952222712
       3.47164350746846
       1.00000000000000
 24 26 -1
obdef
loc3d
        4.95546148971009              0.67729393735082              6.17724800109863     -1
kind
     25     
    67500          153963     
       12.25000000000000  
 OBS            26
      -1.47307460966274
       1.92857666394188
       1.00000000000000
 25 27 -1
obdef
loc3d
        4.92652723985629              0.69051382381431            146.04148864746091     -1
kind
     25     
    67500          153963     
       12.25000000000000  
 OBS            27
      -1.39923184242570
       1.61815241641128
       1.00000000000000
 26 28 -1
obdef
loc3d
        4.96366005344362              0.66920346185787              6.00000000000000     -1
kind
     25     
    67500          153963     
       12.25000000000000  
 OBS            28
      -5.34205542995790
      -4.53145999149924
       1.00000000000000
 27 29 -1
obdef
loc3d
        4.97052949833720              0.66907739847133              8.84140872955322     -1
kind
     25     
    67500          153963     
       12.25000000000000  
 OBS            29
       6.89633643174943
       3.55303623346812
       1.00000000000000
 28 30 -1
obdef
loc3d
        4.95245337490985              0.69269329908122            116.45774841308589     -1
kind
     25     
    67500          153963     
       12.25000000000000  
 OBS            30
       0.16272179184207
      -2.01157184292781
       1.00000000000000
 29 31 -1
obdef
loc3d
        4.94885353278042              0.69277717633329            144.09075927734381     -1
kind
     25     
    67500          153963     
       12.25000000000000  
 OBS            31
       2.33691925979734
       1.30341959302340
       1.00000000000000
 30 32 -1
obdef
loc3d
        4.94336975041274              0.69009669144632            168.92642211914060     -1
kind
     25     
    67500          153963     
       12.25000000000000  
 OBS            32
      -0.73486941656739
      -1.75182508873307
       1.00000000000000
 31 33 -1
obdef
loc3d
        4.93556788041953              0.67027828664670             15.00000000000000     -1
kind
     25     
    67500          153963     
       12.25000000000000  
 OBS            33
      -2.44470604267292
       0.32078734177461
       1.00000000000000
 32 34 -1
obdef
loc3d
        4.94033180527593              0.67113295277478             15.00000000000000     -1
kind
     25     
    67500          153963     
       12.25000000000000  
 OBS            34
      -1.25929437124263
       1.40502799157556
       1.00000000000000
 33 35 -1
obdef
loc3d
        4.94303858410231              0.67245219021673             45.31371688842773     -1
kind
     25     
    67500          153963     
       12.25000000000000  
 OBS            35
       3.00127036675672
       2.06510283849725
       1.00000000000000
 34 36 -1
obdef
loc3d
        4.94353452184302              0.67563108019985             33.40631103515625     -1
kind
     25     
    67500          153963     
       12.25000000000000  
 OBS            36
      -1.80900484662553
      -0.99459465570615
       1.00000000000000
 35 37 -1
obdef
loc3d
        4.94374389829480              0.67833415521310             29.86422538757324     -1
kind
     25     
    67500          153963     
       12.25000000000000  
 OBS            37
      -2.40875216861718
       0.79643049884140
       1.00000000000000
 36 38 -1
obdef
loc3d
        4.94273365028682              0.68737244152012            176.80966186523440     -1
kind
     25     
    67500          153963     
       12.25000000000000  
 OBS            38
      -2.66394062949600
       0.82250529336345
       1.00000000000000
 37 39 -1
obdef
loc3d
        4.92701506510552              0.68724654189208            235.55827331542969     -1
kind
     25     
    67500          153963     
       12.25000000000000  
 OBS            39
      -0.76956986321427
       1.54447223321989
       1.00000000000000
 38 40 -1
obdef
loc3d
        4.93770287749180              0.68559892863867            149.84144592285159     -1
kind
     25     
    67500          153963     
       12.25000000000000  
 OBS            40
       3.54023092321231
       1.67465202723672
       1.00000000000000
 39 41 -1
obdef
loc3d
        4.92849072850511              0.69275166570057            196.64169311523440     -1
kind
     25     
    67500          153963     
       12.25000000000000  
 OBS            41
       3.54146469315151
       1.51759296041521
       1.00000000000000
 40 42 -1
obdef
loc3d
        4.94704606827608              0.66890083993760             30.00000000000000     -1
kind
     25     
    67500          153963     
       12.25000000000000  
 OBS            42
      -0.39956707455236
       2.15682981812946
       1.00000000000000
 41 43 -1
obdef
loc3d
        4.93215285315783              0.69272179551745            405.54205322265619     -1
kind
     25     
    67500          153963     
       12.25000000000000  
 OBS            43
       6.73631705553580
       3.62588046752778
       1.00000000000000
 42 44 -1
obdef
loc3d
        4.93041137291484              0.68610286792166             95.01055908203125     -1
kind
     25     
    67500          153963     
       12.25000000000000  
 OBS            44
       1.46838932268523
      -0.45505640693282
       1.00000000000000
 43 45 -1
obdef
loc3d
        4.94340662813579              0.66912283370227             30.00000000000000     -1
kind
     25     
    67500          153963     
       12.25000000000000  
 OBS            45
       6.64261396190719
       0.91758219384631
       1.00000000000000
 44 46 -1
obdef
loc3d
        4.94246051140049              0.69284522685509            232.15176391601560     -1
kind
     25     
    67500          153963     
       12.25000000000000  
 OBS            46
      -0.86370305251010
      -1.31853763567886
       1.00000000000000
 45 47 -1
obdef
loc3d
        4.94897278262263              0.68784055253573             58.60614395141602     -1
kind
     25     
    67500          153963     
       12.25000000000000  
 OBS            47
       1.04907787810864
      -1.41135974450703
       1.00000000000000
 46 48 -1
obdef
loc3d
        4.94541527617556              0.68071005727643             33.77826690673828     -1
kind
     25     
    67500          153963     
       12.25000000000000  
 OBS            48
       2.72241618992791
       0.95267757491835
       1.00000000000000
 47 49 -1
obdef
loc3d
        4.93748800785195              0.67296050504062             44.45593643188477     -1
kind
     25     
    67500          153963     
       12.25000000000000  
 OBS            49
       1.81147532654377
       0.42900691813902
       1.00000000000000
 48 50 -1
obdef
loc3d
        4.93696530791536              0.69256666762304            156.90283203125000     -1
kind
     25     
    67500          153963     
       12.25000000000000  
 OBS            50
      -0.03106161252785
      -0.01760979730376
       1.00000000000000
 49 51 -1
obdef
loc3d
        4.92145179475246              0.69276808226809            165.77503967285159     -1
kind
     25     
    67500          153963     
       12.25000000000000  
 OBS            51
      -1.04108854158602
       0.02624737080393
       1.00000000000000
 50 52 -1
obdef
loc3d
        4.93950672299123              0.68813471885857            177.40441894531250     -1
kind
     25     
    67500          153963     
       12.25000000000000  
 OBS            52
      -3.08811004447138
      -1.29438835448395
       1.00000000000000
 51 53 -1
obdef
loc3d
        4.93611382531472              0.68823817566222            173.73840332031250     -1
kind
     25     
    67500          153963     
       12.25000000000000  
 OBS            53
       9.32648419567735
       4.89528143108634
       1.00000000000000
 52 54 -1
obdef
loc3d
        4.94685988234341              0.69028594514941            170.37097167968750     -1
kind
     25     
    67500          153963     
       12.25000000000000  
 OBS            54
      -4.09156341328122
       0.37145792390105
       1.00000000000000
 53 55 -1
obdef
loc3d
        4.93440797857224              0.69076858072881            137.08886718750000     -1
kind
     25     
    67500          153963     
       12.25000000000000  
 OBS            55
       1.48879202341778
       1.90031012098808
       1.00000000000000
 54 56 -1
obdef
loc3d
        4.93397023736678              0.68569719666510            120.48287200927730     -1
kind
     25     
    67500          153963     
       12.25000000000000  
 OBS            56
      -0.64176250729533
       2.48894499185516
       1.00000000000000
 55 57 -1
obdef
loc3d
        4.96098036034072              0.67790128169477             17.24609375000000     -1
kind
     25     
    67500          153963     
       12.25000000000000  
 OBS            57
      -0.64869908508629
       2.02425922822996
       1.00000000000000
 56 58 -1
obdef
loc3d
        4.95746178551042              0.68576241061300             17.20619201660156     -1
kind
     25     
    67500          153963     
       12.25000000000000  
 OBS            58
      -4.94420556920589
      -3.84703239355944
       1.00000000000000
 57 59 -1
obdef
loc3d
        4.96821528454312              0.66626811336639              8.93466186523438     -1
kind
     25     
    67500          153963     
       12.25000000000000  
 OBS            59
       5.70563764500922
       2.42396766556167
       1.00000000000000
 58 60 -1
obdef
loc3d
        4.95821139545160              0.68356985009176             15.00000000000000     -1
kind
     25     
    67500          153963     
       12.25000000000000  
 OBS            60
       1.88890292125017
       1.49441724397840
       1.00000000000000
 59 61 -1
obdef
loc3d
        4.95929084301108              0.67289450711582              9.91464328765869     -1
kind
     25     
    67500          153963     
       12.25000000000000  
 OBS            61
       1.46398500659010
       1.42640866980987
       1.00000000000000
 60 62 -1
obdef
loc3d
        4.95884231318174              0.67566319569297             12.79061889648438     -1
kind
     25     
    67500          153963     
       12.25000000000000  
 OBS            62
       0.31961211764721
       2.45654800018983
       1.00000000000000
 61 63 -1
obdef
loc3d
        4.96068172506451              0.68176493518182             14.00000000000000     -1
kind
     25     
    67500          153963     
       12.25000000000000  
 OBS            63
       2.17897516799238
       3.15718840777152
       1.00000000000000
 62 64 -1
obdef
loc3d
        4.96044430349621              0.68522255501691             15.00000000000000     -1
kind
     25     
    67500          153963     
       12.25000000000000  
 OBS            64
       6.11876223022170
       1.89707944105033
       1.00000000000000
 63 65 -1
obdef
loc3d
        4.95653505007277              0.68174821287482             15.07347202301025     -1
kind
     25     
    67500          153963     
       12.25000000000000  
 OBS            65
       2.60109770139410
      -0.80648551773438
       1.00000000000000
 64 66 -1
obdef
loc3d
        4.96521948188739              0.66389255790081              6.10258388519287     -1
kind
     25     
    67500          153963     
       12.25000000000000  
 OBS            66
      -2.16108072331371
      -0.62596831203316
       1.00000000000000
 65 67 -1
obdef
loc3d
        4.96720461139216              0.67033432936439             12.91210937500000     -1
kind
     25     
    67500          153963     
       12.25000000000000  
 OBS            67
       0.41075084246073
       3.27425746553232
       1.00000000000000
 66 68 -1
obdef
loc3d
        4.96018888249816              0.68814255256013             15.00000000000000     -1
kind
     25     
    67500          153963     
       12.25000000000000  
 OBS            68
       3.62266363617277
       2.61857276855061
       1.00000000000000
 67 69 -1
obdef
loc3d
        4.95410557213704              0.69029785801799             54.42578125000000     -1
kind
     25     
    67500          153963     
       12.25000000000000  
 OBS            69
       9.33331548859518
       4.56571320147903
       1.00000000000000
 68 70 -1
obdef
loc3d
        4.95508230192316              0.68705689194968              9.08530712127686     -1
kind
     25     
    67500          153963     
       12.25000000000000  
 OBS            70
      -0.73431556299453
       4.00175524042587
       1.00000000000000
 69 71 -1
obdef
loc3d
        4.89659470219302              0.68517541625982            824.84875488281250     -1
kind
     25     
    67500          153963     
       12.25000000000000  
 OBS            71
       2.86088608081643
       2.79280742112076
       1.00000000000000
 70 72 -1
obdef
loc3d
        4.89719607397323              0.69286120068011            493.76440429687500     -1
kind
     25     
    67500          153963     
       12.25000000000000  
 OBS            72
       6.70107361738239
       5.63227536086501
       1.00000000000000
 71 73 -1
obdef
loc3d
        4.91562721585699              0.69268557315466            290.85858154296881     -1
kind
     25     
    67500          153963     
       12.25000000000000  
 OBS            73
       1.60867737025630
       4.01364815787498
       1.00000000000000
 72 74 -1
obdef
loc3d
        4.89650463462054              0.68965598658767            806.96582031250000     -1
kind
     25     
    67500          153963     
       12.25000000000000  
 OBS            74
       6.22590375431218
       4.10095131014479
       1.00000000000000
 73 75 -1
obdef
loc3d
        4.90117724149658              0.69117926561099            769.23168945312500     -1
kind
     25     
    67500          153963     
       12.25000000000000  
 OBS            75
      -3.07944371528193
       2.31009045720823
       1.00000000000000
 74 76 -1
obdef
loc3d
        4.91058697772938              0.69047364022544            228.45222473144531     -1
kind
     25     
    67500          153963     
       12.25000000000000  
 OBS            76
       0.35816833498898
       0.30950919635613
       1.00000000000000
 75 77 -1
obdef
loc3d
        4.90540352515539              0.69194112440599            606.33142089843750     -1
kind
     26     
    67500          153963     
       12.25000000000000  
 OBS            77
       3.59582249092410
       4.08891935147303
       1.00000000000000
 76 78 -1
obdef
loc3d
        4.94546412681761              0.68348353984884             17.75631332397461     -1
kind
     26     
    67500          153963     
       12.25000000000000  
 OBS            78
       5.76037921056344
       3.57696005527259
       1.00000000000000
 77 79 -1
obdef
loc3d
        4.94660974174000              0.67744857875853             29.35406684875488     -1
kind
     26     
    67500          153963     
       12.25000000000000  
 OBS            79
       6.15887260826143
       3.97638190976985
       1.00000000000000
 78 80 -1
obdef
loc3d
        4.94648126630843              0.68652865419204             54.82812500000000     -1
kind
     26     
    67500          153963     
       12.25000000000000  
 OBS            80
       7.50151075748717
       4.04091826886575
       1.00000000000000
 79 81 -1
obdef
loc3d
        4.94445426011379              0.68507566758975             62.61011505126953     -1
kind
     26     
    67500          153963     
       12.25000000000000  
 OBS            81
      -4.62747957828233
      -1.52752312237683
       1.00000000000000
 80 82 -1
obdef
loc3d
        4.94602055174578              0.68752162087271            134.15721130371091     -1
kind
     26     
    67500          153963     
       12.25000000000000  
 OBS            82
      -1.07160414353696
       3.36780074680704
       1.00000000000000
 81 83 -1
obdef
loc3d
        4.94603912728501              0.67254511985829             35.00297546386719     -1
kind
     26     
    67500          153963     
       12.25000000000000  
 OBS            83
       4.58134288738404
       1.83132553891987
       1.00000000000000
 82 84 -1
obdef
loc3d
        4.95877904994953              0.67986585977255             17.04111671447754     -1
kind
     26     
    67500          153963     
       12.25000000000000  
 OBS            84
       8.00796501412809
       4.85700936169191
       1.00000000000000
 83 85 -1
obdef
loc3d
        4.93958042817759              0.69095160998657            226.13127136230469     -1
kind
     26     
    67500          153963     
       12.25000000000000  
 OBS            85
       3.22191910356205
       3.57525069470468
       1.00000000000000
 84 86 -1
obdef
loc3d
        4.95756313665553              0.69181797222864             89.84997558593750     -1
kind
     26     
    67500          153963     
       12.25000000000000  
 OBS            86
       1.41728219391352
       3.48645995877262
       1.00000000000000
 85 87 -1
obdef
loc3d
        4.94078657111844              0.67409210989409             60.81152343750000     -1
kind
     26     
    67500          153963     
       12.25000000000000  
 OBS            87
       4.01547300793508
       3.79447743045038
       1.00000000000000
 86 88 -1
obdef
loc3d
        4.95557846691255              0.67267262139613              1.00000000000000     -1
kind
     26     
    67500          153963     
       12.25000000000000  
 OBS            88
       3.27027433565921
       2.54711367036035
       1.00000000000000
 87 89 -1
obdef
loc3d
        4.93193348448080              0.68856418981073            106.00000000000000     -1
kind
     26     
    67500          153963     
       12.25000000000000  
 OBS            89
      -2.89449035737832
       0.22903166695363
       1.00000000000000
 88 90 -1
obdef
loc3d
        4.89970838141578              0.68765245249877            785.09423828125000     -1
kind
     26     
    67500          153963     
       12.25000000000000  
 OBS            90
       4.80246263830901
       4.24314458247434
       1.00000000000000
 89 91 -1
obdef
loc3d
        4.95026814558372              0.68993059237416             93.11567687988281     -1
kind
     26     
    67500          153963     
       12.25000000000000  
 OBS            91
      -1.11749852925264
       3.21256957877018
       1.00000000000000
 90 92 -1
obdef
loc3d
        4.94174512165160              0.68484635226999            116.56585693359381     -1
kind
     26     
    67500          153963     
       12.25000000000000  
 OBS            92
       0.03863703219949
       3.31134803815271
       1.00000000000000
 91 93 -1
obdef
loc3d
        4.95420735021482              0.68473663912788             15.00000000000000     -1
kind
     26     
    67500          153963     
       12.25000000000000  
 OBS            93
       0.81084327216554
       2.96979914011736
       1.00000000000000
 92 94 -1
obdef
loc3d
        4.93477042118681              0.68310638816012            118.89588928222661     -1
kind
     26     
    67500          153963     
       12.25000000000000  
 OBS            94
       1.70278122019110
       3.57691403962152
       1.00000000000000
 93 95 -1
obdef
loc3d
        4.93795631029682              0.68276407673392            144.94107055664060     -1
kind
     26     
    67500          153963     
       12.25000000000000  
 OBS            95
      -1.26809154149844
       2.00297319824054
       1.00000000000000
 94 96 -1
obdef
loc3d
        4.94001671685736              0.68064929967652             43.67281723022461     -1
kind
     26     
    67500          153963     
       12.25000000000000  
 OBS            96
      -0.25959008519619
       2.04026940426342
       1.00000000000000
 95 97 -1
obdef
loc3d
        4.94058460161740              0.67807181314514             70.17810058593750     -1
kind
     26     
    67500          153963     
       12.25000000000000  
 OBS            97
       2.48903105475199
       3.31411975516057
       1.00000000000000
 96 98 -1
obdef
loc3d
        4.95423295419494              0.68033176843505              3.71636104583740     -1
kind
     26     
    67500          153963     
       12.25000000000000  
 OBS            98
       5.20030425000972
       3.11483547434739
       1.00000000000000
 97 99 -1
obdef
loc3d
        4.94926894458696              0.66642585587446             10.91526031494141     -1
kind
     26     
    67500          153963     
       12.25000000000000  
 OBS            99
       1.09674409939379
       2.33692731066824
       1.00000000000000
 98 100 -1
obdef
loc3d
        4.96223480186848              0.66700036066835              5.00000000000000     -1
kind
     26     
    67500          153963     
       12.25000000000000  
 OBS            100
       1.18808285787027
       3.35537752345909
       1.00000000000000
 99 101 -1
obdef
loc3d
        4.95546148971009              0.67729393735082              6.17724800109863     -1
kind
     26     
    67500          153963     
       12.25000000000000  
 OBS            101
       3.93736071696859
       4.62550091158933
       1.00000000000000
 100 102 -1
obdef
loc3d
        4.92652723985629              0.69051382381431            146.04148864746091     -1
kind
     26     
    67500          153963     
       12.25000000000000  
 OBS            102
      -7.34922977674522
       0.13244568334713
       1.00000000000000
 101 103 -1
obdef
loc3d
        4.96366005344362              0.66920346185787              6.00000000000000     -1
kind
     26     
    67500          153963     
       12.25000000000000  
 OBS            103
       7.25320118642310
       3.54288636149080
       1.00000000000000
 102 104 -1
obdef
loc3d
        4.97052949833720              0.66907739847133              8.84140872955322     -1
kind
     26     
    67500          153963     
       12.25000000000000  
 OBS            104
       2.83265516568725
      -2.18285080753329
       1.00000000000000
 103 105 -1
obdef
loc3d
        4.95245337490985              0.69269329908122            116.45774841308589     -1
kind
     26     
    67500          153963     
       12.25000000000000  
 OBS            105
      -1.22882852262526
      -3.97447570878619
       1.00000000000000
 104 106 -1
obdef
loc3d
        4.94885353278042              0.69277717633329            144.09075927734381     -1
kind
     26     
    67500          153963     
       12.25000000000000  
 OBS            106
       3.20128352468174
       1.67518846016757
       1.00000000000000
 105 107 -1
obdef
loc3d
        4.94336975041274              0.69009669144632            168.92642211914060     -1
kind
     26     
    67500          153963     
       12.25000000000000  
 OBS            107
       2.94925520744369
       1.43056260023612
       1.00000000000000
 106 108 -1
obdef
loc3d
        4.93556788041953              0.67027828664670             15.00000000000000     -1
kind
     26     
    67500          153963     
       12.25000000000000  
 OBS            108
       4.02935142675231
       3.18541922249629
       1.00000000000000
 107 109 -1
obdef
loc3d
        4.94033180527593              0.67113295277478             15.00000000000000     -1
kind
     26     
    67500          153963     
       12.25000000000000  
 OBS            109
       0.85032838996092
       3.76193101804304
       1.00000000000000
 108 110 -1
obdef
loc3d
        4.94303858410231              0.67245219021673             45.31371688842773     -1
kind
     26     
    67500          153963     
       12.25000000000000  
 OBS            110
       7.12687578901914
       4.05298373766120
       1.00000000000000
 109 111 -1
obdef
loc3d
        4.94353452184302              0.67563108019985             33.40631103515625     -1
kind
     26     
    67500          153963     
       12.25000000000000  
 OBS            111
       1.53591277566238
       2.83523471300837
       1.00000000000000
 110 112 -1
obdef
loc3d
        4.94374389829480              0.67833415521310             29.86422538757324     -1
kind
     26     
    67500          153963     
       12.25000000000000  
 OBS            112
       0.92780901417576
      -3.42815447159881
       1.00000000000000
 111 113 -1
obdef
loc3d
        4.94273365028682              0.68737244152012            176.80966186523440     -1
kind
     26     
    67500          153963     
       12.25000000000000  
 OBS            113
       0.29992318819007
       3.71878138462277
       1.00000000000000
 112 114 -1
obdef
loc3d
        4.92701506510552              0.68724654189208            235.55827331542969     -1
kind
     26     
    67500          153963     
       12.25000000000000  
 OBS            114
       0.25883552496254
       1.40541727597131
       1.00000000000000
 113 115 -1
obdef
loc3d
        4.93770287749180              0.68559892863867            149.84144592285159     -1
kind
     26     
    67500          153963     
       12.25000000000000  
 OBS            115
      10.08214317464195
       3.76793004932502
       1.00000000000000
 114 116 -1
obdef
loc3d
        4.92849072850511              0.69275166570057            196.64169311523440     -1
kind
     26     
    67500          153963     
       12.25000000000000  
 OBS            116
       3.04993376630469
       2.95036485124460
       1.00000000000000
 115 117 -1
obdef
loc3d
        4.94704606827608              0.66890083993760             30.00000000000000     -1
kind
     26     
    67500          153963     
       12.25000000000000  
 OBS            117
       2.34184406151582
       2.83266405193338
       1.00000000000000
 116 118 -1
obdef
loc3d
        4.93215285315783              0.69272179551745            405.54205322265619     -1
kind
     26     
    67500          153963     
       12.25000000000000  
 OBS            118
       4.17985700158170
       3.17146719358179
       1.00000000000000
 117 119 -1
obdef
loc3d
        4.93041137291484              0.68610286792166             95.01055908203125     -1
kind
     26     
    67500          153963     
       12.25000000000000  
 OBS            119
      -0.34779363910212
       3.52594059660954
       1.00000000000000
 118 120 -1
obdef
loc3d
        4.94340662813579              0.66912283370227             30.00000000000000     -1
kind
     26     
    67500          153963     
       12.25000000000000  
 OBS            120
       4.32978186345163
       5.70185998243702
       1.00000000000000
 119 121 -1
obdef
loc3d
        4.94246051140049              0.69284522685509            232.15176391601560     -1
kind
     26     
    67500          153963     
       12.25000000000000  
 OBS            121
       7.38398641733049
       4.78551770159695
       1.00000000000000
 120 122 -1
obdef
loc3d
        4.94897278262263              0.68784055253573             58.60614395141602     -1
kind
     26     
    67500          153963     
       12.25000000000000  
 OBS            122
       2.57791018433323
       3.24057948123934
       1.00000000000000
 121 123 -1
obdef
loc3d
        4.94541527617556              0.68071005727643             33.77826690673828     -1
kind
     26     
    67500          153963     
       12.25000000000000  
 OBS            123
      -1.52045535804994
       2.81161413669550
       1.00000000000000
 122 124 -1
obdef
loc3d
        4.93748800785195              0.67296050504062             44.45593643188477     -1
kind
     26     
    67500          153963     
       12.25000000000000  
 OBS            124
       3.38618629208392
       4.28812772708857
       1.00000000000000
 123 125 -1
obdef
loc3d
        4.93696530791536              0.69256666762304            156.90283203125000     -1
kind
     26     
    67500          153963     
       12.25000000000000  
 OBS            125
       3.14502788809058
       3.21627362659047
       1.00000000000000
 124 126 -1
obdef
loc3d
        4.92145179475246              0.69276808226809            165.77503967285159     -1
kind
     26     
    67500          153963     
       12.25000000000000  
 OBS            126
       2.07278026250759
      -0.32388538423029
       1.00000000000000
 125 127 -1
obdef
loc3d
        4.93950672299123              0.68813471885857            177.40441894531250     -1
kind
     26     
    67500          153963     
       12.25000000000000  
 OBS            127
       9.76346394257656
       4.91404554157440
       1.00000000000000
 126 128 -1
obdef
loc3d
        4.93611382531472              0.68823817566222            173.73840332031250     -1
kind
     26     
    67500          153963     
       12.25000000000000  
 OBS            128
      -0.04166420892711
      -1.12252925374826
       1.00000000000000
 127 129 -1
obdef
loc3d
        4.94685988234341              0.69028594514941            170.37097167968750     -1
kind
     26     
    67500          153963     
       12.25000000000000  
 OBS            129
       1.01611689107771
       2.60092731100367
       1.00000000000000
 128 130 -1
obdef
loc3d
        4.93440797857224              0.69076858072881            137.08886718750000     -1
kind
     26     
    67500          153963     
       12.25000000000000  
 OBS            130
       5.07130015351426
       3.56854785194317
       1.00000000000000
 129 131 -1
obdef
loc3d
        4.93397023736678              0.68569719666510            120.48287200927730     -1
kind
     26     
    67500          153963     
       12.25000000000000  
 OBS            131
       6.08501597866686
       3.27390754661199
       1.00000000000000
 130 132 -1
obdef
loc3d
        4.96098036034072              0.67790128169477             17.24609375000000     -1
kind
     26     
    67500          153963     
       12.25000000000000  
 OBS            132
      -0.13793084922961
       2.81593941039390
       1.00000000000000
 131 133 -1
obdef
loc3d
        4.95746178551042              0.68576241061300             17.20619201660156     -1
kind
     26     
    67500          153963     
       12.25000000000000  
 OBS            133
       7.67391535675576
       3.80249516898245
       1.00000000000000
 132 134 -1
obdef
loc3d
        4.96821528454312              0.66626811336639              8.93466186523438     -1
kind
     26     
    67500          153963     
       12.25000000000000  
 OBS            134
       8.39801146187884
       2.11409068620863
       1.00000000000000
 133 135 -1
obdef
loc3d
        4.95821139545160              0.68356985009176             15.00000000000000     -1
kind
     26     
    67500          153963     
       12.25000000000000  
 OBS            135
       0.28569380644893
       3.40261593819411
       1.00000000000000
 134 136 -1
obdef
loc3d
        4.95929084301108              0.67289450711582              9.91464328765869     -1
kind
     26     
    67500          153963     
       12.25000000000000  
 OBS            136
       4.15504761702185
       2.63252056310720
       1.00000000000000
 135 137 -1
obdef
loc3d
        4.95884231318174              0.67566319569297             12.79061889648438     -1
kind
     26     
    67500          153963     
       12.25000000000000  
 OBS            137
       0.75794711467722
       1.82601341822089
       1.00000000000000
 136 138 -1
obdef
loc3d
        4.96068172506451              0.68176493518182             14.00000000000000     -1
kind
     26     
    67500          153963     
       12.25000000000000  
 OBS            138
      -0.64621100390085
       1.72208104877564
       1.00000000000000
 137 139 -1
obdef
loc3d
        4.96044430349621              0.68522255501691             15.00000000000000     -1
kind
     26     
    67500          153963     
       12.25000000000000  
 OBS            139
       4.01816720291803
       2.51726683932453
       1.00000000000000
 138 140 -1
obdef
loc3d
        4.95653505007277              0.68174821287482             15.07347202301025     -1
kind
     26     
    67500          153963     
       12.25000000000000  
 OBS            140
       2.95895498912440
       5.68517172233194
       1.00000000000000
 139 141 -1
obdef
loc3d
        4.96521948188739              0.66389255790081              6.10258388519287     -1
kind
     26     
    67500          153963     
       12.25000000000000  
 OBS            141
      -1.34587798460447
      -0.34901789480378
       1.00000000000000
 140 142 -1
obdef
loc3d
        4.96720461139216              0.67033432936439             12.91210937500000     -1
kind
     26     
    67500          153963     
       12.25000000000000  
 OBS            142
       2.20718461902648
       2.34319646074901
       1.00000000000000
 141 143 -1
obdef
loc3d
        4.96018888249816              0.68814255256013             15.00000000000000     -1
kind
     26     
    67500          153963     
       12.25000000000000  
 OBS            143
      10.46233858582673
       3.83879576622239
       1.00000000000000
 142 144 -1
obdef
loc3d
        4.95410557213704              0.69029785801799             54.42578125000000     -1
kind
     26     
    67500          153963     
       12.25000000000000  
 OBS            144
       1.26701989790461
       1.42678670384699
       1.00000000000000
 143 145 -1
obdef
loc3d
        4.95508230192316              0.68705689194968              9.08530712127686     -1
kind
     26     
    67500          153963     
       12.25000000000000  
 OBS            145
      -0.58924738727561
      -0.17687265247558
       1.00000000000000
 144 146 -1
obdef
loc3d
        4.89659470219302              0.68517541625982            824.84875488281250     -1
kind
     26     
    67500          153963     
       12.25000000000000  
 OBS            146
       0.83703878092457
       1.99801030497975
       1.00000000000000
 145 147 -1
obdef
loc3d
        4.89719607397323              0.69286120068011            493.76440429687500     -1
kind
     26     
    67500          153963     
       12.25000000000000  
 OBS            147
      -0.83517669696535
      -1.43028097979545
       1.00000000000000
 146 148 -1
obdef
loc3d
        4.91562721585699              0.69268557315466            290.85858154296881     -1
kind
     26     
    67500          153963     
       12.25000000000000  
 OBS            148
       1.66012816159166
       0.75082240621636
       1.00000000000000
 147 149 -1
obdef
loc3d
        4.89650463462054              0.68965598658767            806.96582031250000     -1
kind
     26     
    67500          153963     
       12.25000000000000  
 OBS            149
       4.13699216436255
       0.48174685741673
       1.00000000000000
 148 150 -1
obdef
loc3d
        4.90117724149658              0.69117926561099            769.23168945312500     -1
kind
     26     
    67500          153963     
       12.25000000000000  
 OBS            150
       1.15260397520582
      -1.15433336004465
       1.00000000000000
 149 151 -1
obdef
loc3d
        4.91058697772938              0.69047364022544            228.45222473144531     -1
kind
     26     
    67500          153963     
       12.25000000000000  
 OBS            151
     301.38403759435084
     301.01534596408101
       1.00000000000000
 150 152 -1
obdef
loc3d
        4.90540352515539              0.69194112440599            606.33142089843750     -1
kind
     27     
    67500          153963     
        6.25000000000000  
 OBS            152
     304.18534217112557
     304.22101012688699
       1.00000000000000
 151 153 -1
obdef
loc3d
        4.94546412681761              0.68348353984884             17.75631332397461     -1
kind
     27     
    67500          153963     
        6.25000000000000  
 OBS            153
     303.29496524519476
     304.26293396145297
       1.00000000000000
 152 154 -1
obdef
loc3d
        4.94660974174000              0.67744857875853             29.35406684875488     -1
kind
     27     
    67500          153963     
        6.25000000000000  
 OBS            154
     305.64723771727154
     303.29531750152000
       1.00000000000000
 153 155 -1
obdef
loc3d
        4.94648126630843              0.68652865419204             54.82812500000000     -1
kind
     27     
    67500          153963     
        6.25000000000000  
 OBS            155
     304.42694868888861
     304.02484710584503
       1.00000000000000
 154 156 -1
obdef
loc3d
        4.94445426011379              0.68507566758975             62.61011505126953     -1
kind
     27     
    67500          153963     
        6.25000000000000  
 OBS            156
     298.99867118232953
     299.72555588416799
       1.00000000000000
 155 157 -1
obdef
loc3d
        4.94602055174578              0.68752162087271            134.15721130371091     -1
kind
     27     
    67500          153963     
        6.25000000000000  
 OBS            157
     303.60194602382944
     305.88779628443302
       1.00000000000000
 156 158 -1
obdef
loc3d
        4.94603912728501              0.67254511985829             35.00297546386719     -1
kind
     27     
    67500          153963     
        6.25000000000000  
 OBS            158
     307.34567159924029
     305.36320084862098
       1.00000000000000
 157 159 -1
obdef
loc3d
        4.95877904994953              0.67986585977255             17.04111671447754     -1
kind
     27     
    67500          153963     
        6.25000000000000  
 OBS            159
     299.81206186407775
     301.00618579792399
       1.00000000000000
 158 160 -1
obdef
loc3d
        4.93958042817759              0.69095160998657            226.13127136230469     -1
kind
     27     
    67500          153963     
        6.25000000000000  
 OBS            160
     304.80893906568593
     303.83535755402499
       1.00000000000000
 159 161 -1
obdef
loc3d
        4.95756313665553              0.69181797222864             89.84997558593750     -1
kind
     27     
    67500          153963     
        6.25000000000000  
 OBS            161
     306.26988639620401
     306.72846293436601
       1.00000000000000
 160 162 -1
obdef
loc3d
        4.94078657111844              0.67409210989409             60.81152343750000     -1
kind
     27     
    67500          153963     
        6.25000000000000  
 OBS            162
     305.65022928237465
     305.88077836417898
       1.00000000000000
 161 163 -1
obdef
loc3d
        4.95557846691255              0.67267262139613              1.00000000000000     -1
kind
     27     
    67500          153963     
        6.25000000000000  
 OBS            163
     302.71073266352636
     304.18945920896499
       1.00000000000000
 162 164 -1
obdef
loc3d
        4.93193348448080              0.68856418981073            106.00000000000000     -1
kind
     27     
    67500          153963     
        6.25000000000000  
 OBS            164
     297.39238798138945
     297.95180955607202
       1.00000000000000
 163 165 -1
obdef
loc3d
        4.89970838141578              0.68765245249877            785.09423828125000     -1
kind
     27     
    67500          153963     
        6.25000000000000  
 OBS            165
     300.52439682290878
     301.98277979781602
       1.00000000000000
 164 166 -1
obdef
loc3d
        4.95026814558372              0.68993059237416             93.11567687988281     -1
kind
     27     
    67500          153963     
        6.25000000000000  
 OBS            166
     306.00970471989103
     304.76272741188097
       1.00000000000000
 165 167 -1
obdef
loc3d
        4.94174512165160              0.68484635226999            116.56585693359381     -1
kind
     27     
    67500          153963     
        6.25000000000000  
 OBS            167
     305.15780640310919
     304.58101322020400
       1.00000000000000
 166 168 -1
obdef
loc3d
        4.95420735021482              0.68473663912788             15.00000000000000     -1
kind
     27     
    67500          153963     
        6.25000000000000  
 OBS            168
     302.77926337520114
     301.72104942875802
       1.00000000000000
 167 169 -1
obdef
loc3d
        4.93477042118681              0.68310638816012            118.89588928222661     -1
kind
     27     
    67500          153963     
        6.25000000000000  
 OBS            169
     303.53624704880804
     303.98273208288600
       1.00000000000000
 168 170 -1
obdef
loc3d
        4.93795631029682              0.68276407673392            144.94107055664060     -1
kind
     27     
    67500          153963     
        6.25000000000000  
 OBS            170
     304.67127364703589
     304.36888602608900
       1.00000000000000
 169 171 -1
obdef
loc3d
        4.94001671685736              0.68064929967652             43.67281723022461     -1
kind
     27     
    67500          153963     
        6.25000000000000  
 OBS            171
     304.81470706989933
     305.23988316439397
       1.00000000000000
 170 172 -1
obdef
loc3d
        4.94058460161740              0.67807181314514             70.17810058593750     -1
kind
     27     
    67500          153963     
        6.25000000000000  
 OBS            172
     304.87897063155748
     305.68387039465603
       1.00000000000000
 171 173 -1
obdef
loc3d
        4.95423295419494              0.68033176843505              3.71636104583740     -1
kind
     27     
    67500          153963     
        6.25000000000000  
 OBS            173
     306.21095678570163
     305.80469832703602
       1.00000000000000
 172 174 -1
obdef
loc3d
        4.94926894458696              0.66642585587446             10.91526031494141     -1
kind
     27     
    67500          153963     
        6.25000000000000  
 OBS            174
     307.80450832541845
     306.73684747806499
       1.00000000000000
 173 175 -1
obdef
loc3d
        4.96223480186848              0.66700036066835              5.00000000000000     -1
kind
     27     
    67500          153963     
        6.25000000000000  
 OBS            175
     305.34175630748075
     306.28520814461302
       1.00000000000000
 174 176 -1
obdef
loc3d
        4.95546148971009              0.67729393735082              6.17724800109863     -1
kind
     27     
    67500          153963     
        6.25000000000000  
 OBS            176
     305.30900845141957
     304.02138505256897
       1.00000000000000
 175 177 -1
obdef
loc3d
        4.92652723985629              0.69051382381431            146.04148864746091     -1
kind
     27     
    67500          153963     
        6.25000000000000  
 OBS            177
     303.36930941808095
     304.89900729989603
       1.00000000000000
 176 178 -1
obdef
loc3d
        4.96366005344362              0.66920346185787              6.00000000000000     -1
kind
     27     
    67500          153963     
        6.25000000000000  
 OBS            178
     302.24071543217053
     301.97374452259203
       1.00000000000000
 177 179 -1
obdef
loc3d
        4.97052949833720              0.66907739847133              8.84140872955322     -1
kind
     27     
    67500          153963     
        6.25000000000000  
 OBS            179
     299.87572159164830
     299.04987722531200
       1.00000000000000
 178 180 -1
obdef
loc3d
        4.95245337490985              0.69269329908122            116.45774841308589     -1
kind
     27     
    67500          153963     
        6.25000000000000  
 OBS            180
     295.77638847042152
     295.99867504812499
       1.00000000000000
 179 181 -1
obdef
loc3d
        4.94885353278042              0.69277717633329            144.09075927734381     -1
kind
     27     
    67500          153963     
        6.25000000000000  
 OBS            181
     298.33680203765658
     298.73556095386300
       1.00000000000000
 180 182 -1
obdef
loc3d
        4.94336975041274              0.69009669144632            168.92642211914060     -1
kind
     27     
    67500          153963     
        6.25000000000000  
 OBS            182
     305.97465410490156
     305.75476057004499
       1.00000000000000
 181 183 -1
obdef
loc3d
        4.93556788041953              0.67027828664670             15.00000000000000     -1
kind
     27     
    67500          153963     
        6.25000000000000  
 OBS            183
     307.88012900581765
     306.84481602775298
       1.00000000000000
 182 184 -1
obdef
loc3d
        4.94033180527593              0.67113295277478             15.00000000000000     -1
kind
     27     
    67500          153963     
        6.25000000000000  
 OBS            184
     307.04493029502930
     307.04241594846098
       1.00000000000000
 183 185 -1
obdef
loc3d
        4.94303858410231              0.67245219021673             45.31371688842773     -1
kind
     27     
    67500          153963     
        6.25000000000000  
 OBS            185
     308.05382993694406
     306.84274225381398
       1.00000000000000
 184 186 -1
obdef
loc3d
        4.94353452184302              0.67563108019985             33.40631103515625     -1
kind
     27     
    67500          153963     
        6.25000000000000  
 OBS            186
     305.78932511656672
     305.09069756478902
       1.00000000000000
 185 187 -1
obdef
loc3d
        4.94374389829480              0.67833415521310             29.86422538757324     -1
kind
     27     
    67500          153963     
        6.25000000000000  
 OBS            187
     297.39555358061995
     298.43847820977300
       1.00000000000000
 186 188 -1
obdef
loc3d
        4.94273365028682              0.68737244152012            176.80966186523440     -1
kind
     27     
    67500          153963     
        6.25000000000000  
 OBS            188
     300.29521013611225
     300.09201298827600
       1.00000000000000
 187 189 -1
obdef
loc3d
        4.92701506510552              0.68724654189208            235.55827331542969     -1
kind
     27     
    67500          153963     
        6.25000000000000  
 OBS            189
     302.34269089378824
     301.97279926447402
       1.00000000000000
 188 190 -1
obdef
loc3d
        4.93770287749180              0.68559892863867            149.84144592285159     -1
kind
     27     
    67500          153963     
        6.25000000000000  
 OBS            190
     303.70127172646039
     303.08474857736798
       1.00000000000000
 189 191 -1
obdef
loc3d
        4.92849072850511              0.69275166570057            196.64169311523440     -1
kind
     27     
    67500          153963     
        6.25000000000000  
 OBS            191
     306.14810585580159
     306.58460385597402
       1.00000000000000
 190 192 -1
obdef
loc3d
        4.94704606827608              0.66890083993760             30.00000000000000     -1
kind
     27     
    67500          153963     
        6.25000000000000  
 OBS            192
     301.72314562594596
     301.97054022415199
       1.00000000000000
 191 193 -1
obdef
loc3d
        4.93215285315783              0.69272179551745            405.54205322265619     -1
kind
     27     
    67500          153963     
        6.25000000000000  
 OBS            193
     302.29504087600492
     303.70382051350498
       1.00000000000000
 192 194 -1
obdef
loc3d
        4.93041137291484              0.68610286792166             95.01055908203125     -1
kind
     27     
    67500          153963     
        6.25000000000000  
 OBS            194
     307.31930146105191
     306.53357744291600
       1.00000000000000
 193 195 -1
obdef
loc3d
        4.94340662813579              0.66912283370227             30.00000000000000     -1
kind
     27     
    67500          153963     
        6.25000000000000  
 OBS            195
     301.34097282547879
     301.58096203691900
       1.00000000000000
 194 196 -1
obdef
loc3d
        4.94246051140049              0.69284522685509            232.15176391601560     -1
kind
     27     
    67500          153963     
        6.25000000000000  
 OBS            196
     303.43359392070647
     303.19753371777699
       1.00000000000000
 195 197 -1
obdef
loc3d
        4.94897278262263              0.68784055253573             58.60614395141602     -1
kind
     27     
    67500          153963     
        6.25000000000000  
 OBS            197
     304.38760082234717
     304.28617772024398
       1.00000000000000
 196 198 -1
obdef
loc3d
        4.94541527617556              0.68071005727643             33.77826690673828     -1
kind
     27     
    67500          153963     
        6.25000000000000  
 OBS            198
     306.71475580499350
     305.84172086569703
       1.00000000000000
 197 199 -1
obdef
loc3d
        4.93748800785195              0.67296050504062             44.45593643188477     -1
kind
     27     
    67500          153963     
        6.25000000000000  
 OBS            199
     301.09917084564523
     302.44050486904501
       1.00000000000000
 198 200 -1
obdef
loc3d
        4.93696530791536              0.69256666762304            156.90283203125000     -1
kind
     27     
    67500          153963     
        6.25000000000000  
 OBS            200
     305.11841364121375
     304.00657204570302
       1.00000000000000
 199 201 -1
obdef
loc3d
        4.92145179475246              0.69276808226809            165.77503967285159     -1
kind
     27     
    67500          153963     
        6.25000000000000  
 OBS            201
     298.81716671011503
     298.76815684245003
       1.00000000000000
 200 202 -1
obdef
loc3d
        4.93950672299123              0.68813471885857            177.40441894531250     -1
kind
     27     
    67500          153963     
        6.25000000000000  
 OBS            202
     302.96666445110003
     300.71240682014297
       1.00000000000000
 201 203 -1
obdef
loc3d
        4.93611382531472              0.68823817566222            173.73840332031250     -1
kind
     27     
    67500          153963     
        6.25000000000000  
 OBS            203
     298.90283006512675
     299.35212630975502
       1.00000000000000
 202 204 -1
obdef
loc3d
        4.94685988234341              0.69028594514941            170.37097167968750     -1
kind
     27     
    67500          153963     
        6.25000000000000  
 OBS            204
     304.61420773830213
     303.48311961787101
       1.00000000000000
 203 205 -1
obdef
loc3d
        4.93440797857224              0.69076858072881            137.08886718750000     -1
kind
     27     
    67500          153963     
        6.25000000000000  
 OBS            205
     302.53222820232207
     302.69599457140902
       1.00000000000000
 204 206 -1
obdef
loc3d
        4.93397023736678              0.68569719666510            120.48287200927730     -1
kind
     27     
    67500          153963     
        6.25000000000000  
 OBS            206
     305.70763137484300
     306.12492327635101
       1.00000000000000
 205 207 -1
obdef
loc3d
        4.96098036034072              0.67790128169477             17.24609375000000     -1
kind
     27     
    67500          153963     
        6.25000000000000  
 OBS            207
     305.28639984413394
     305.10348724655802
       1.00000000000000
 206 208 -1
obdef
loc3d
        4.95746178551042              0.68576241061300             17.20619201660156     -1
kind
     27     
    67500          153963     
        6.25000000000000  
 OBS            208
     299.50697202024145
     298.79376079784203
       1.00000000000000
 207 209 -1
obdef
loc3d
        4.96821528454312              0.66626811336639              8.93466186523438     -1
kind
     27     
    67500          153963     
        6.25000000000000  
 OBS            209
     305.68615995786712
     306.12951095484601
       1.00000000000000
 208 210 -1
obdef
loc3d
        4.95821139545160              0.68356985009176             15.00000000000000     -1
kind
     27     
    67500          153963     
        6.25000000000000  
 OBS            210
     308.16997404636146
     306.42470706482197
       1.00000000000000
 209 211 -1
obdef
loc3d
        4.95929084301108              0.67289450711582              9.91464328765869     -1
kind
     27     
    67500          153963     
        6.25000000000000  
 OBS            211
     305.73152105699330
     304.99752103319202
       1.00000000000000
 210 212 -1
obdef
loc3d
        4.95884231318174              0.67566319569297             12.79061889648438     -1
kind
     27     
    67500          153963     
        6.25000000000000  
 OBS            212
     307.35238762417981
     306.45878353640097
       1.00000000000000
 211 213 -1
obdef
loc3d
        4.96068172506451              0.68176493518182             14.00000000000000     -1
kind
     27     
    67500          153963     
        6.25000000000000  
 OBS            213
     305.87964889326577
     306.77354292788903
       1.00000000000000
 212 214 -1
obdef
loc3d
        4.96044430349621              0.68522255501691             15.00000000000000     -1
kind
     27     
    67500          153963     
        6.25000000000000  
 OBS            214
     307.06064274161974
     305.25418034747599
       1.00000000000000
 213 215 -1
obdef
loc3d
        4.95653505007277              0.68174821287482             15.07347202301025     -1
kind
     27     
    67500          153963     
        6.25000000000000  
 OBS            215
     305.04876906497606
     305.16470967653203
       1.00000000000000
 214 216 -1
obdef
loc3d
        4.96521948188739              0.66389255790081              6.10258388519287     -1
kind
     27     
    67500          153963     
        6.25000000000000  
 OBS            216
     302.85920826582156
     304.21088901579100
       1.00000000000000
 215 217 -1
obdef
loc3d
        4.96720461139216              0.67033432936439             12.91210937500000     -1
kind
     27     
    67500          153963     
        6.25000000000000  
 OBS            217
     307.27774047346219
     306.01579325115199
       1.00000000000000
 216 218 -1
obdef
loc3d
        4.96018888249816              0.68814255256013             15.00000000000000     -1
kind
     27     
    67500          153963     
        6.25000000000000  
 OBS            218
     304.93912910891351
     303.99571380165702
       1.00000000000000
 217 219 -1
obdef
loc3d
        4.95410557213704              0.69029785801799             54.42578125000000     -1
kind
     27     
    67500          153963     
        6.25000000000000  
 OBS            219
     303.30598725718244
     303.62623158736500
       1.00000000000000
 218 220 -1
obdef
loc3d
        4.95508230192316              0.68705689194968              9.08530712127686     -1
kind
     27     
    67500          153963     
        6.25000000000000  
 OBS            220
     297.30816085045711
     296.40719286220002
       1.00000000000000
 219 221 -1
obdef
loc3d
        4.89659470219302              0.68517541625982            824.84875488281250     -1
kind
     27     
    67500          153963     
        6.25000000000000  
 OBS            221
     300.47747465159182
     299.57362564737201
       1.00000000000000
 220 222 -1
obdef
loc3d
        4.89719607397323              0.69286120068011            493.76440429687500     -1
kind
     27     
    67500          153963     
        6.25000000000000  
 OBS            222
     301.11202046899052
     300.57410715508200
       1.00000000000000
 221 223 -1
obdef
loc3d
        4.91562721585699              0.69268557315466            290.85858154296881     -1
kind
     27     
    67500          153963     
        6.25000000000000  
 OBS            223
     299.36899966260921
     298.03425221056000
       1.00000000000000
 222 224 -1
obdef
loc3d
        4.89650463462054              0.68965598658767            806.96582031250000     -1
kind
     27     
    67500          153963     
        6.25000000000000  
 OBS            224
     297.24024370526871
     296.67461871052399
       1.00000000000000
 223 225 -1
obdef
loc3d
        4.90117724149658              0.69117926561099            769.23168945312500     -1
kind
     27     
    67500          153963     
        6.25000000000000  
 OBS            225
     300.36337404471027
     299.56015886562699
       1.00000000000000
 224 -1 -1
obdef
loc3d
        4.91058697772938              0.69047364022544            228.45222473144531     -1
kind
     27     
    67500          153963     
        6.25000000000000  
