 obs_sequence
obs_kind_definitions
       3
    25          LAND_SFC_U_WIND_COMPONENT   
    26          LAND_SFC_V_WIND_COMPONENT   
    27          LAND_SFC_TEMPERATURE   
  num_copies:            2  num_qc:            1
 num_obs:       225  max_num_obs:       225
observations
truth
QC radar
  first:            1  last:       225
 OBS            1
       5.39940377852196
       4.06510642646533
       1.00000000000000
 -1 2 -1
obdef
loc3d
        4.90540352515539              0.69194112440599            606.33142089843750     -1
kind
     25     
    3600          153600     
       12.25000000000000  
 OBS            2
       1.96964720345271
       4.44659640845272
       1.00000000000000
 1 3 -1
obdef
loc3d
        4.94546412681761              0.68348353984884             17.75631332397461     -1
kind
     25     
    3600          153600     
       12.25000000000000  
 OBS            3
       2.14226601308449
       3.53551671019595
       1.00000000000000
 2 4 -1
obdef
loc3d
        4.94660974174000              0.67744857875853             29.35406684875488     -1
kind
     25     
    3600          153600     
       12.25000000000000  
 OBS            4
      10.20023908779421
       4.96336373471345
       1.00000000000000
 3 5 -1
obdef
loc3d
        4.94648126630843              0.68652865419204             54.82812500000000     -1
kind
     25     
    3600          153600     
       12.25000000000000  
 OBS            5
       6.85886207686184
       4.44796871703582
       1.00000000000000
 4 6 -1
obdef
loc3d
        4.94445426011379              0.68507566758975             62.61011505126953     -1
kind
     25     
    3600          153600     
       12.25000000000000  
 OBS            6
       2.96562727864600
       4.49115501935516
       1.00000000000000
 5 7 -1
obdef
loc3d
        4.94602055174578              0.68752162087271            134.15721130371091     -1
kind
     25     
    3600          153600     
       12.25000000000000  
 OBS            7
       0.15954633469007
       1.83550273124728
       1.00000000000000
 6 8 -1
obdef
loc3d
        4.94603912728501              0.67254511985829             35.00297546386719     -1
kind
     25     
    3600          153600     
       12.25000000000000  
 OBS            8
       1.21741281121487
       3.13146429593760
       1.00000000000000
 7 9 -1
obdef
loc3d
        4.95877904994953              0.67986585977255             17.04111671447754     -1
kind
     25     
    3600          153600     
       12.25000000000000  
 OBS            9
       2.34427631389870
       1.37129426668819
       1.00000000000000
 8 10 -1
obdef
loc3d
        4.93958042817759              0.69095160998657            226.13127136230469     -1
kind
     25     
    3600          153600     
       12.25000000000000  
 OBS            10
       4.00911887591218
       4.12024091271037
       1.00000000000000
 9 11 -1
obdef
loc3d
        4.95756313665553              0.69181797222864             89.84997558593750     -1
kind
     25     
    3600          153600     
       12.25000000000000  
 OBS            11
      -0.02916432206891
       3.39071835103941
       1.00000000000000
 10 12 -1
obdef
loc3d
        4.94078657111844              0.67409210989409             60.81152343750000     -1
kind
     25     
    3600          153600     
       12.25000000000000  
 OBS            12
       3.44832256180870
       2.38940564472731
       1.00000000000000
 11 13 -1
obdef
loc3d
        4.95557846691255              0.67267262139613              1.00000000000000     -1
kind
     25     
    3600          153600     
       12.25000000000000  
 OBS            13
       4.80749975990711
       3.04168421606352
       1.00000000000000
 12 14 -1
obdef
loc3d
        4.93193348448080              0.68856418981073            106.00000000000000     -1
kind
     25     
    3600          153600     
       12.25000000000000  
 OBS            14
       8.76675495262810
       5.06126747066406
       1.00000000000000
 13 15 -1
obdef
loc3d
        4.89970838141578              0.68765245249877            785.09423828125000     -1
kind
     25     
    3600          153600     
       12.25000000000000  
 OBS            15
       0.50569990139384
       0.24188557528609
       1.00000000000000
 14 16 -1
obdef
loc3d
        4.95026814558372              0.68993059237416             93.11567687988281     -1
kind
     25     
    3600          153600     
       12.25000000000000  
 OBS            16
       4.14768337627432
       4.28040639835247
       1.00000000000000
 15 17 -1
obdef
loc3d
        4.94174512165160              0.68484635226999            116.56585693359381     -1
kind
     25     
    3600          153600     
       12.25000000000000  
 OBS            17
      11.09727791346284
       5.59757658510938
       1.00000000000000
 16 18 -1
obdef
loc3d
        4.95420735021482              0.68473663912788             15.00000000000000     -1
kind
     25     
    3600          153600     
       12.25000000000000  
 OBS            18
       5.89751890578390
       4.48697044652079
       1.00000000000000
 17 19 -1
obdef
loc3d
        4.93477042118681              0.68310638816012            118.89588928222661     -1
kind
     25     
    3600          153600     
       12.25000000000000  
 OBS            19
      -1.58703581348770
       3.01708961308959
       1.00000000000000
 18 20 -1
obdef
loc3d
        4.93795631029682              0.68276407673392            144.94107055664060     -1
kind
     25     
    3600          153600     
       12.25000000000000  
 OBS            20
       7.47022662186097
       5.33729754657719
       1.00000000000000
 19 21 -1
obdef
loc3d
        4.94001671685736              0.68064929967652             43.67281723022461     -1
kind
     25     
    3600          153600     
       12.25000000000000  
 OBS            21
       4.71320553172753
       3.64807591274764
       1.00000000000000
 20 22 -1
obdef
loc3d
        4.94058460161740              0.67807181314514             70.17810058593750     -1
kind
     25     
    3600          153600     
       12.25000000000000  
 OBS            22
       7.11705787954400
       5.04113508548255
       1.00000000000000
 21 23 -1
obdef
loc3d
        4.95423295419494              0.68033176843505              3.71636104583740     -1
kind
     25     
    3600          153600     
       12.25000000000000  
 OBS            23
      -2.59951190074131
       1.12558186858921
       1.00000000000000
 22 24 -1
obdef
loc3d
        4.94926894458696              0.66642585587446             10.91526031494141     -1
kind
     25     
    3600          153600     
       12.25000000000000  
 OBS            24
      -5.17796432453091
       0.78587434530793
       1.00000000000000
 23 25 -1
obdef
loc3d
        4.96223480186848              0.66700036066835              5.00000000000000     -1
kind
     25     
    3600          153600     
       12.25000000000000  
 OBS            25
       1.22809785928863
       2.02825798985508
       1.00000000000000
 24 26 -1
obdef
loc3d
        4.95546148971009              0.67729393735082              6.17724800109863     -1
kind
     25     
    3600          153600     
       12.25000000000000  
 OBS            26
       4.64828945282370
       2.14563924176291
       1.00000000000000
 25 27 -1
obdef
loc3d
        4.92652723985629              0.69051382381431            146.04148864746091     -1
kind
     25     
    3600          153600     
       12.25000000000000  
 OBS            27
       1.84867452251732
      -0.16938596603484
       1.00000000000000
 26 28 -1
obdef
loc3d
        4.96366005344362              0.66920346185787              6.00000000000000     -1
kind
     25     
    3600          153600     
       12.25000000000000  
 OBS            28
       1.56035288516704
       0.51655132800355
       1.00000000000000
 27 29 -1
obdef
loc3d
        4.97052949833720              0.66907739847133              8.84140872955322     -1
kind
     25     
    3600          153600     
       12.25000000000000  
 OBS            29
       9.19190249602313
      -0.57981022337982
       1.00000000000000
 28 30 -1
obdef
loc3d
        4.95245337490985              0.69269329908122            116.45774841308589     -1
kind
     25     
    3600          153600     
       12.25000000000000  
 OBS            30
       0.88713112231368
       0.15017731621599
       1.00000000000000
 29 31 -1
obdef
loc3d
        4.94885353278042              0.69277717633329            144.09075927734381     -1
kind
     25     
    3600          153600     
       12.25000000000000  
 OBS            31
       0.24161195326896
       2.92780152592835
       1.00000000000000
 30 32 -1
obdef
loc3d
        4.94336975041274              0.69009669144632            168.92642211914060     -1
kind
     25     
    3600          153600     
       12.25000000000000  
 OBS            32
       3.02424500318375
       0.63496054872522
       1.00000000000000
 31 33 -1
obdef
loc3d
        4.93556788041953              0.67027828664670             15.00000000000000     -1
kind
     25     
    3600          153600     
       12.25000000000000  
 OBS            33
       2.49871166553671
       1.48538272640814
       1.00000000000000
 32 34 -1
obdef
loc3d
        4.94033180527593              0.67113295277478             15.00000000000000     -1
kind
     25     
    3600          153600     
       12.25000000000000  
 OBS            34
       7.27228083760305
       2.60925633737341
       1.00000000000000
 33 35 -1
obdef
loc3d
        4.94303858410231              0.67245219021673             45.31371688842773     -1
kind
     25     
    3600          153600     
       12.25000000000000  
 OBS            35
       1.85796855589029
       3.81046385833084
       1.00000000000000
 34 36 -1
obdef
loc3d
        4.94353452184302              0.67563108019985             33.40631103515625     -1
kind
     25     
    3600          153600     
       12.25000000000000  
 OBS            36
       5.23230927947373
       3.90443711518239
       1.00000000000000
 35 37 -1
obdef
loc3d
        4.94374389829480              0.67833415521310             29.86422538757324     -1
kind
     25     
    3600          153600     
       12.25000000000000  
 OBS            37
      -0.25476665978648
       3.89129681756213
       1.00000000000000
 36 38 -1
obdef
loc3d
        4.94273365028682              0.68737244152012            176.80966186523440     -1
kind
     25     
    3600          153600     
       12.25000000000000  
 OBS            38
       4.82004664767636
       2.88176031997699
       1.00000000000000
 37 39 -1
obdef
loc3d
        4.92701506510552              0.68724654189208            235.55827331542969     -1
kind
     25     
    3600          153600     
       12.25000000000000  
 OBS            39
       1.53094710594839
       3.25960911626581
       1.00000000000000
 38 40 -1
obdef
loc3d
        4.93770287749180              0.68559892863867            149.84144592285159     -1
kind
     25     
    3600          153600     
       12.25000000000000  
 OBS            40
       2.59305631310059
       1.43662079835583
       1.00000000000000
 39 41 -1
obdef
loc3d
        4.92849072850511              0.69275166570057            196.64169311523440     -1
kind
     25     
    3600          153600     
       12.25000000000000  
 OBS            41
       2.14694469067014
       2.31963401799686
       1.00000000000000
 40 42 -1
obdef
loc3d
        4.94704606827608              0.66890083993760             30.00000000000000     -1
kind
     25     
    3600          153600     
       12.25000000000000  
 OBS            42
       0.07130743873482
       2.36828908953307
       1.00000000000000
 41 43 -1
obdef
loc3d
        4.93215285315783              0.69272179551745            405.54205322265619     -1
kind
     25     
    3600          153600     
       12.25000000000000  
 OBS            43
       9.54852842687675
       4.14235302232158
       1.00000000000000
 42 44 -1
obdef
loc3d
        4.93041137291484              0.68610286792166             95.01055908203125     -1
kind
     25     
    3600          153600     
       12.25000000000000  
 OBS            44
       1.86396477407405
       2.18921219371288
       1.00000000000000
 43 45 -1
obdef
loc3d
        4.94340662813579              0.66912283370227             30.00000000000000     -1
kind
     25     
    3600          153600     
       12.25000000000000  
 OBS            45
       6.25827111056374
       3.65287932607839
       1.00000000000000
 44 46 -1
obdef
loc3d
        4.94246051140049              0.69284522685509            232.15176391601560     -1
kind
     25     
    3600          153600     
       12.25000000000000  
 OBS            46
       5.12733878832048
       1.80612735480947
       1.00000000000000
 45 47 -1
obdef
loc3d
        4.94897278262263              0.68784055253573             58.60614395141602     -1
kind
     25     
    3600          153600     
       12.25000000000000  
 OBS            47
       0.46669267174663
       1.90982433646942
       1.00000000000000
 46 48 -1
obdef
loc3d
        4.94541527617556              0.68071005727643             33.77826690673828     -1
kind
     25     
    3600          153600     
       12.25000000000000  
 OBS            48
       0.16317093201995
       2.34375924390854
       1.00000000000000
 47 49 -1
obdef
loc3d
        4.93748800785195              0.67296050504062             44.45593643188477     -1
kind
     25     
    3600          153600     
       12.25000000000000  
 OBS            49
      -4.14473390346847
       0.86060449753447
       1.00000000000000
 48 50 -1
obdef
loc3d
        4.93696530791536              0.69256666762304            156.90283203125000     -1
kind
     25     
    3600          153600     
       12.25000000000000  
 OBS            50
      -0.18397710474326
      -0.54105472911163
       1.00000000000000
 49 51 -1
obdef
loc3d
        4.92145179475246              0.69276808226809            165.77503967285159     -1
kind
     25     
    3600          153600     
       12.25000000000000  
 OBS            51
       2.04661026541573
       4.13887581696958
       1.00000000000000
 50 52 -1
obdef
loc3d
        4.93950672299123              0.68813471885857            177.40441894531250     -1
kind
     25     
    3600          153600     
       12.25000000000000  
 OBS            52
       2.53610942568367
       1.55441063722680
       1.00000000000000
 51 53 -1
obdef
loc3d
        4.93611382531472              0.68823817566222            173.73840332031250     -1
kind
     25     
    3600          153600     
       12.25000000000000  
 OBS            53
      -2.66834776313442
       0.09760688337357
       1.00000000000000
 52 54 -1
obdef
loc3d
        4.94685988234341              0.69028594514941            170.37097167968750     -1
kind
     25     
    3600          153600     
       12.25000000000000  
 OBS            54
       2.83305175005056
       1.54677366578258
       1.00000000000000
 53 55 -1
obdef
loc3d
        4.93440797857224              0.69076858072881            137.08886718750000     -1
kind
     25     
    3600          153600     
       12.25000000000000  
 OBS            55
       0.54686895079060
       4.24253893317787
       1.00000000000000
 54 56 -1
obdef
loc3d
        4.93397023736678              0.68569719666510            120.48287200927730     -1
kind
     25     
    3600          153600     
       12.25000000000000  
 OBS            56
       4.02046296578408
       1.76874790269970
       1.00000000000000
 55 57 -1
obdef
loc3d
        4.96098036034072              0.67790128169477             17.24609375000000     -1
kind
     25     
    3600          153600     
       12.25000000000000  
 OBS            57
       1.79805816157444
       3.29438174743267
       1.00000000000000
 56 58 -1
obdef
loc3d
        4.95746178551042              0.68576241061300             17.20619201660156     -1
kind
     25     
    3600          153600     
       12.25000000000000  
 OBS            58
      -0.14224233948142
       0.32237229427442
       1.00000000000000
 57 59 -1
obdef
loc3d
        4.96821528454312              0.66626811336639              8.93466186523438     -1
kind
     25     
    3600          153600     
       12.25000000000000  
 OBS            59
       1.39705949403301
       3.39429406679919
       1.00000000000000
 58 60 -1
obdef
loc3d
        4.95821139545160              0.68356985009176             15.00000000000000     -1
kind
     25     
    3600          153600     
       12.25000000000000  
 OBS            60
       0.85675554166380
       1.65168165704211
       1.00000000000000
 59 61 -1
obdef
loc3d
        4.95929084301108              0.67289450711582              9.91464328765869     -1
kind
     25     
    3600          153600     
       12.25000000000000  
 OBS            61
       1.61777111017896
       1.82544361586141
       1.00000000000000
 60 62 -1
obdef
loc3d
        4.95884231318174              0.67566319569297             12.79061889648438     -1
kind
     25     
    3600          153600     
       12.25000000000000  
 OBS            62
      -4.39498778864341
       2.08475708481188
       1.00000000000000
 61 63 -1
obdef
loc3d
        4.96068172506451              0.68176493518182             14.00000000000000     -1
kind
     25     
    3600          153600     
       12.25000000000000  
 OBS            63
       4.77707328252473
       2.60313965368859
       1.00000000000000
 62 64 -1
obdef
loc3d
        4.96044430349621              0.68522255501691             15.00000000000000     -1
kind
     25     
    3600          153600     
       12.25000000000000  
 OBS            64
       2.04330069275900
       3.96657243129826
       1.00000000000000
 63 65 -1
obdef
loc3d
        4.95653505007277              0.68174821287482             15.07347202301025     -1
kind
     25     
    3600          153600     
       12.25000000000000  
 OBS            65
      -0.27436973932395
       0.39593937808462
       1.00000000000000
 64 66 -1
obdef
loc3d
        4.96521948188739              0.66389255790081              6.10258388519287     -1
kind
     25     
    3600          153600     
       12.25000000000000  
 OBS            66
       0.63969960684092
      -0.24667885227216
       1.00000000000000
 65 67 -1
obdef
loc3d
        4.96720461139216              0.67033432936439             12.91210937500000     -1
kind
     25     
    3600          153600     
       12.25000000000000  
 OBS            67
       0.92234157263030
       2.67817276167980
       1.00000000000000
 66 68 -1
obdef
loc3d
        4.96018888249816              0.68814255256013             15.00000000000000     -1
kind
     25     
    3600          153600     
       12.25000000000000  
 OBS            68
       0.25806335452733
       0.44305806092314
       1.00000000000000
 67 69 -1
obdef
loc3d
        4.95410557213704              0.69029785801799             54.42578125000000     -1
kind
     25     
    3600          153600     
       12.25000000000000  
 OBS            69
       6.45489741615099
       4.40386599322196
       1.00000000000000
 68 70 -1
obdef
loc3d
        4.95508230192316              0.68705689194968              9.08530712127686     -1
kind
     25     
    3600          153600     
       12.25000000000000  
 OBS            70
       2.33205788992633
       4.11403475053976
       1.00000000000000
 69 71 -1
obdef
loc3d
        4.89659470219302              0.68517541625982            824.84875488281250     -1
kind
     25     
    3600          153600     
       12.25000000000000  
 OBS            71
       7.57596967535807
       3.21301477724310
       1.00000000000000
 70 72 -1
obdef
loc3d
        4.89719607397323              0.69286120068011            493.76440429687500     -1
kind
     25     
    3600          153600     
       12.25000000000000  
 OBS            72
       0.91544723636727
       1.82501454070770
       1.00000000000000
 71 73 -1
obdef
loc3d
        4.91562721585699              0.69268557315466            290.85858154296881     -1
kind
     25     
    3600          153600     
       12.25000000000000  
 OBS            73
       3.39853893959373
       4.08902407708864
       1.00000000000000
 72 74 -1
obdef
loc3d
        4.89650463462054              0.68965598658767            806.96582031250000     -1
kind
     25     
    3600          153600     
       12.25000000000000  
 OBS            74
       2.89983273042721
       4.47229466300510
       1.00000000000000
 73 75 -1
obdef
loc3d
        4.90117724149658              0.69117926561099            769.23168945312500     -1
kind
     25     
    3600          153600     
       12.25000000000000  
 OBS            75
       9.46894802977775
       2.39957827351015
       1.00000000000000
 74 76 -1
obdef
loc3d
        4.91058697772938              0.69047364022544            228.45222473144531     -1
kind
     25     
    3600          153600     
       12.25000000000000  
 OBS            76
       3.76864244603823
       0.45916509095600
       1.00000000000000
 75 77 -1
obdef
loc3d
        4.90540352515539              0.69194112440599            606.33142089843750     -1
kind
     26     
    3600          153600     
       12.25000000000000  
 OBS            77
       0.10165327517153
       0.91954148355969
       1.00000000000000
 76 78 -1
obdef
loc3d
        4.94546412681761              0.68348353984884             17.75631332397461     -1
kind
     26     
    3600          153600     
       12.25000000000000  
 OBS            78
       1.98202911039845
       1.68063159310034
       1.00000000000000
 77 79 -1
obdef
loc3d
        4.94660974174000              0.67744857875853             29.35406684875488     -1
kind
     26     
    3600          153600     
       12.25000000000000  
 OBS            79
       3.56788432116426
       1.22425393904023
       1.00000000000000
 78 80 -1
obdef
loc3d
        4.94648126630843              0.68652865419204             54.82812500000000     -1
kind
     26     
    3600          153600     
       12.25000000000000  
 OBS            80
       5.12646547339138
       2.70351452126816
       1.00000000000000
 79 81 -1
obdef
loc3d
        4.94445426011379              0.68507566758975             62.61011505126953     -1
kind
     26     
    3600          153600     
       12.25000000000000  
 OBS            81
       4.33480729818280
       2.47828332292147
       1.00000000000000
 80 82 -1
obdef
loc3d
        4.94602055174578              0.68752162087271            134.15721130371091     -1
kind
     26     
    3600          153600     
       12.25000000000000  
 OBS            82
       0.52504492755959
       1.68956870352946
       1.00000000000000
 81 83 -1
obdef
loc3d
        4.94603912728501              0.67254511985829             35.00297546386719     -1
kind
     26     
    3600          153600     
       12.25000000000000  
 OBS            83
       4.33633524024250
       2.60667112554780
       1.00000000000000
 82 84 -1
obdef
loc3d
        4.95877904994953              0.67986585977255             17.04111671447754     -1
kind
     26     
    3600          153600     
       12.25000000000000  
 OBS            84
      -7.19521397491078
      -0.84014216576651
       1.00000000000000
 83 85 -1
obdef
loc3d
        4.93958042817759              0.69095160998657            226.13127136230469     -1
kind
     26     
    3600          153600     
       12.25000000000000  
 OBS            85
      -4.15175604378738
      -3.63029216123877
       1.00000000000000
 84 86 -1
obdef
loc3d
        4.95756313665553              0.69181797222864             89.84997558593750     -1
kind
     26     
    3600          153600     
       12.25000000000000  
 OBS            86
       1.85022288522821
       2.27154202311521
       1.00000000000000
 85 87 -1
obdef
loc3d
        4.94078657111844              0.67409210989409             60.81152343750000     -1
kind
     26     
    3600          153600     
       12.25000000000000  
 OBS            87
       3.34041487598559
       1.34561851374116
       1.00000000000000
 86 88 -1
obdef
loc3d
        4.95557846691255              0.67267262139613              1.00000000000000     -1
kind
     26     
    3600          153600     
       12.25000000000000  
 OBS            88
       1.80959652744060
       0.68939581415693
       1.00000000000000
 87 89 -1
obdef
loc3d
        4.93193348448080              0.68856418981073            106.00000000000000     -1
kind
     26     
    3600          153600     
       12.25000000000000  
 OBS            89
       2.18056218909839
       0.53377433882075
       1.00000000000000
 88 90 -1
obdef
loc3d
        4.89970838141578              0.68765245249877            785.09423828125000     -1
kind
     26     
    3600          153600     
       12.25000000000000  
 OBS            90
      -2.59002743640966
      -3.44092676155915
       1.00000000000000
 89 91 -1
obdef
loc3d
        4.95026814558372              0.68993059237416             93.11567687988281     -1
kind
     26     
    3600          153600     
       12.25000000000000  
 OBS            91
       3.59103714037805
       3.04170666910967
       1.00000000000000
 90 92 -1
obdef
loc3d
        4.94174512165160              0.68484635226999            116.56585693359381     -1
kind
     26     
    3600          153600     
       12.25000000000000  
 OBS            92
      12.40681976426702
       5.24653674001794
       1.00000000000000
 91 93 -1
obdef
loc3d
        4.95420735021482              0.68473663912788             15.00000000000000     -1
kind
     26     
    3600          153600     
       12.25000000000000  
 OBS            93
       1.14750300848588
       1.27410922484655
       1.00000000000000
 92 94 -1
obdef
loc3d
        4.93477042118681              0.68310638816012            118.89588928222661     -1
kind
     26     
    3600          153600     
       12.25000000000000  
 OBS            94
       4.32779945093114
       1.83161207406698
       1.00000000000000
 93 95 -1
obdef
loc3d
        4.93795631029682              0.68276407673392            144.94107055664060     -1
kind
     26     
    3600          153600     
       12.25000000000000  
 OBS            95
      -0.82430102274401
       0.24840991171849
       1.00000000000000
 94 96 -1
obdef
loc3d
        4.94001671685736              0.68064929967652             43.67281723022461     -1
kind
     26     
    3600          153600     
       12.25000000000000  
 OBS            96
      -4.91535690314270
       2.87316440247556
       1.00000000000000
 95 97 -1
obdef
loc3d
        4.94058460161740              0.67807181314514             70.17810058593750     -1
kind
     26     
    3600          153600     
       12.25000000000000  
 OBS            97
       2.80900795785913
       3.00260824846676
       1.00000000000000
 96 98 -1
obdef
loc3d
        4.95423295419494              0.68033176843505              3.71636104583740     -1
kind
     26     
    3600          153600     
       12.25000000000000  
 OBS            98
       1.51477231206321
       0.92054214129379
       1.00000000000000
 97 99 -1
obdef
loc3d
        4.94926894458696              0.66642585587446             10.91526031494141     -1
kind
     26     
    3600          153600     
       12.25000000000000  
 OBS            99
       1.98500049477902
       4.14128510081154
       1.00000000000000
 98 100 -1
obdef
loc3d
        4.96223480186848              0.66700036066835              5.00000000000000     -1
kind
     26     
    3600          153600     
       12.25000000000000  
 OBS            100
      -1.40869737347162
       1.86304741140176
       1.00000000000000
 99 101 -1
obdef
loc3d
        4.95546148971009              0.67729393735082              6.17724800109863     -1
kind
     26     
    3600          153600     
       12.25000000000000  
 OBS            101
      -4.08331947935691
       0.61072468129516
       1.00000000000000
 100 102 -1
obdef
loc3d
        4.92652723985629              0.69051382381431            146.04148864746091     -1
kind
     26     
    3600          153600     
       12.25000000000000  
 OBS            102
       2.93478876743055
       3.50942163169178
       1.00000000000000
 101 103 -1
obdef
loc3d
        4.96366005344362              0.66920346185787              6.00000000000000     -1
kind
     26     
    3600          153600     
       12.25000000000000  
 OBS            103
       5.64086850096927
       5.53987022665816
       1.00000000000000
 102 104 -1
obdef
loc3d
        4.97052949833720              0.66907739847133              8.84140872955322     -1
kind
     26     
    3600          153600     
       12.25000000000000  
 OBS            104
       1.27782396391861
      -2.46781262213284
       1.00000000000000
 103 105 -1
obdef
loc3d
        4.95245337490985              0.69269329908122            116.45774841308589     -1
kind
     26     
    3600          153600     
       12.25000000000000  
 OBS            105
      -2.62140413414018
      -2.32097552781412
       1.00000000000000
 104 106 -1
obdef
loc3d
        4.94885353278042              0.69277717633329            144.09075927734381     -1
kind
     26     
    3600          153600     
       12.25000000000000  
 OBS            106
       1.48560305831581
       1.97458992762671
       1.00000000000000
 105 107 -1
obdef
loc3d
        4.94336975041274              0.69009669144632            168.92642211914060     -1
kind
     26     
    3600          153600     
       12.25000000000000  
 OBS            107
       1.76443982773080
       1.39225637866626
       1.00000000000000
 106 108 -1
obdef
loc3d
        4.93556788041953              0.67027828664670             15.00000000000000     -1
kind
     26     
    3600          153600     
       12.25000000000000  
 OBS            108
       5.38966546409799
       1.89723718849512
       1.00000000000000
 107 109 -1
obdef
loc3d
        4.94033180527593              0.67113295277478             15.00000000000000     -1
kind
     26     
    3600          153600     
       12.25000000000000  
 OBS            109
      -0.08215809198315
       2.13647257868071
       1.00000000000000
 108 110 -1
obdef
loc3d
        4.94303858410231              0.67245219021673             45.31371688842773     -1
kind
     26     
    3600          153600     
       12.25000000000000  
 OBS            110
       3.85811375037271
       2.63375010828651
       1.00000000000000
 109 111 -1
obdef
loc3d
        4.94353452184302              0.67563108019985             33.40631103515625     -1
kind
     26     
    3600          153600     
       12.25000000000000  
 OBS            111
       1.56392520072601
       2.36765353538891
       1.00000000000000
 110 112 -1
obdef
loc3d
        4.94374389829480              0.67833415521310             29.86422538757324     -1
kind
     26     
    3600          153600     
       12.25000000000000  
 OBS            112
       5.61174743430111
       3.50801032709830
       1.00000000000000
 111 113 -1
obdef
loc3d
        4.94273365028682              0.68737244152012            176.80966186523440     -1
kind
     26     
    3600          153600     
       12.25000000000000  
 OBS            113
      -2.74021415408853
       1.23560231594390
       1.00000000000000
 112 114 -1
obdef
loc3d
        4.92701506510552              0.68724654189208            235.55827331542969     -1
kind
     26     
    3600          153600     
       12.25000000000000  
 OBS            114
      -1.69581692154938
       2.59397724557769
       1.00000000000000
 113 115 -1
obdef
loc3d
        4.93770287749180              0.68559892863867            149.84144592285159     -1
kind
     26     
    3600          153600     
       12.25000000000000  
 OBS            115
       3.03468143172000
       1.50181191908695
       1.00000000000000
 114 116 -1
obdef
loc3d
        4.92849072850511              0.69275166570057            196.64169311523440     -1
kind
     26     
    3600          153600     
       12.25000000000000  
 OBS            116
       5.09634642598454
       1.82839845938719
       1.00000000000000
 115 117 -1
obdef
loc3d
        4.94704606827608              0.66890083993760             30.00000000000000     -1
kind
     26     
    3600          153600     
       12.25000000000000  
 OBS            117
      -4.89195889990633
      -0.28408469117557
       1.00000000000000
 116 118 -1
obdef
loc3d
        4.93215285315783              0.69272179551745            405.54205322265619     -1
kind
     26     
    3600          153600     
       12.25000000000000  
 OBS            118
       1.04185840617358
       0.02420790843286
       1.00000000000000
 117 119 -1
obdef
loc3d
        4.93041137291484              0.68610286792166             95.01055908203125     -1
kind
     26     
    3600          153600     
       12.25000000000000  
 OBS            119
      -1.98955791200059
       1.45800909167562
       1.00000000000000
 118 120 -1
obdef
loc3d
        4.94340662813579              0.66912283370227             30.00000000000000     -1
kind
     26     
    3600          153600     
       12.25000000000000  
 OBS            120
      -5.59312452526121
      -0.68954029345554
       1.00000000000000
 119 121 -1
obdef
loc3d
        4.94246051140049              0.69284522685509            232.15176391601560     -1
kind
     26     
    3600          153600     
       12.25000000000000  
 OBS            121
       3.25616987442599
      -0.41855796204036
       1.00000000000000
 120 122 -1
obdef
loc3d
        4.94897278262263              0.68784055253573             58.60614395141602     -1
kind
     26     
    3600          153600     
       12.25000000000000  
 OBS            122
       2.56904549364738
       0.05203114290265
       1.00000000000000
 121 123 -1
obdef
loc3d
        4.94541527617556              0.68071005727643             33.77826690673828     -1
kind
     26     
    3600          153600     
       12.25000000000000  
 OBS            123
       2.55002780861284
       1.92858524127538
       1.00000000000000
 122 124 -1
obdef
loc3d
        4.93748800785195              0.67296050504062             44.45593643188477     -1
kind
     26     
    3600          153600     
       12.25000000000000  
 OBS            124
      -2.80400749484685
      -0.99032364494820
       1.00000000000000
 123 125 -1
obdef
loc3d
        4.93696530791536              0.69256666762304            156.90283203125000     -1
kind
     26     
    3600          153600     
       12.25000000000000  
 OBS            125
       2.16677276405908
       0.53271206655146
       1.00000000000000
 124 126 -1
obdef
loc3d
        4.92145179475246              0.69276808226809            165.77503967285159     -1
kind
     26     
    3600          153600     
       12.25000000000000  
 OBS            126
       0.75573884863156
       1.62413880909573
       1.00000000000000
 125 127 -1
obdef
loc3d
        4.93950672299123              0.68813471885857            177.40441894531250     -1
kind
     26     
    3600          153600     
       12.25000000000000  
 OBS            127
      -3.52745432547404
      -0.39609816586567
       1.00000000000000
 126 128 -1
obdef
loc3d
        4.93611382531472              0.68823817566222            173.73840332031250     -1
kind
     26     
    3600          153600     
       12.25000000000000  
 OBS            128
      -2.53693670950138
      -1.45414945388338
       1.00000000000000
 127 129 -1
obdef
loc3d
        4.94685988234341              0.69028594514941            170.37097167968750     -1
kind
     26     
    3600          153600     
       12.25000000000000  
 OBS            129
      -0.86367270994891
      -0.75041824515516
       1.00000000000000
 128 130 -1
obdef
loc3d
        4.93440797857224              0.69076858072881            137.08886718750000     -1
kind
     26     
    3600          153600     
       12.25000000000000  
 OBS            130
       1.75516238001368
       0.29802175778658
       1.00000000000000
 129 131 -1
obdef
loc3d
        4.93397023736678              0.68569719666510            120.48287200927730     -1
kind
     26     
    3600          153600     
       12.25000000000000  
 OBS            131
       5.72026214134219
       3.37425248139357
       1.00000000000000
 130 132 -1
obdef
loc3d
        4.96098036034072              0.67790128169477             17.24609375000000     -1
kind
     26     
    3600          153600     
       12.25000000000000  
 OBS            132
       3.71284836530940
       4.30860065096541
       1.00000000000000
 131 133 -1
obdef
loc3d
        4.95746178551042              0.68576241061300             17.20619201660156     -1
kind
     26     
    3600          153600     
       12.25000000000000  
 OBS            133
      -0.22854951200915
       4.10975323946342
       1.00000000000000
 132 134 -1
obdef
loc3d
        4.96821528454312              0.66626811336639              8.93466186523438     -1
kind
     26     
    3600          153600     
       12.25000000000000  
 OBS            134
       8.40504814086136
       3.62325424385539
       1.00000000000000
 133 135 -1
obdef
loc3d
        4.95821139545160              0.68356985009176             15.00000000000000     -1
kind
     26     
    3600          153600     
       12.25000000000000  
 OBS            135
       6.12388011304024
       2.35188406464297
       1.00000000000000
 134 136 -1
obdef
loc3d
        4.95929084301108              0.67289450711582              9.91464328765869     -1
kind
     26     
    3600          153600     
       12.25000000000000  
 OBS            136
       1.63596000403480
       1.66374459927617
       1.00000000000000
 135 137 -1
obdef
loc3d
        4.95884231318174              0.67566319569297             12.79061889648438     -1
kind
     26     
    3600          153600     
       12.25000000000000  
 OBS            137
       8.43462715842265
       3.42533331894080
       1.00000000000000
 136 138 -1
obdef
loc3d
        4.96068172506451              0.68176493518182             14.00000000000000     -1
kind
     26     
    3600          153600     
       12.25000000000000  
 OBS            138
       4.10749738581218
       4.32355790876769
       1.00000000000000
 137 139 -1
obdef
loc3d
        4.96044430349621              0.68522255501691             15.00000000000000     -1
kind
     26     
    3600          153600     
       12.25000000000000  
 OBS            139
       2.48925569147750
       3.72424914673971
       1.00000000000000
 138 140 -1
obdef
loc3d
        4.95653505007277              0.68174821287482             15.07347202301025     -1
kind
     26     
    3600          153600     
       12.25000000000000  
 OBS            140
       3.92626301914997
       4.59133846019378
       1.00000000000000
 139 141 -1
obdef
loc3d
        4.96521948188739              0.66389255790081              6.10258388519287     -1
kind
     26     
    3600          153600     
       12.25000000000000  
 OBS            141
       5.33956030757474
       4.85007650859396
       1.00000000000000
 140 142 -1
obdef
loc3d
        4.96720461139216              0.67033432936439             12.91210937500000     -1
kind
     26     
    3600          153600     
       12.25000000000000  
 OBS            142
      -0.10120068834942
       4.38782903609074
       1.00000000000000
 141 143 -1
obdef
loc3d
        4.96018888249816              0.68814255256013             15.00000000000000     -1
kind
     26     
    3600          153600     
       12.25000000000000  
 OBS            143
      -9.34228540558651
      -5.89108659225296
       1.00000000000000
 142 144 -1
obdef
loc3d
        4.95410557213704              0.69029785801799             54.42578125000000     -1
kind
     26     
    3600          153600     
       12.25000000000000  
 OBS            144
       3.34792980900747
       3.82736113699648
       1.00000000000000
 143 145 -1
obdef
loc3d
        4.95508230192316              0.68705689194968              9.08530712127686     -1
kind
     26     
    3600          153600     
       12.25000000000000  
 OBS            145
       9.92963355719149
       1.36096097297916
       1.00000000000000
 144 146 -1
obdef
loc3d
        4.89659470219302              0.68517541625982            824.84875488281250     -1
kind
     26     
    3600          153600     
       12.25000000000000  
 OBS            146
       5.59546500044084
       1.17651530407688
       1.00000000000000
 145 147 -1
obdef
loc3d
        4.89719607397323              0.69286120068011            493.76440429687500     -1
kind
     26     
    3600          153600     
       12.25000000000000  
 OBS            147
       2.41853561199947
       1.43333473149168
       1.00000000000000
 146 148 -1
obdef
loc3d
        4.91562721585699              0.69268557315466            290.85858154296881     -1
kind
     26     
    3600          153600     
       12.25000000000000  
 OBS            148
      -1.89131363770619
       0.03212342837133
       1.00000000000000
 147 149 -1
obdef
loc3d
        4.89650463462054              0.68965598658767            806.96582031250000     -1
kind
     26     
    3600          153600     
       12.25000000000000  
 OBS            149
       0.52340924401188
      -1.07432817335375
       1.00000000000000
 148 150 -1
obdef
loc3d
        4.90117724149658              0.69117926561099            769.23168945312500     -1
kind
     26     
    3600          153600     
       12.25000000000000  
 OBS            150
       2.82529877958501
       1.55246052475674
       1.00000000000000
 149 151 -1
obdef
loc3d
        4.91058697772938              0.69047364022544            228.45222473144531     -1
kind
     26     
    3600          153600     
       12.25000000000000  
 OBS            151
     295.34776401839434
     295.57517857846898
       1.00000000000000
 150 152 -1
obdef
loc3d
        4.90540352515539              0.69194112440599            606.33142089843750     -1
kind
     27     
    3600          153600     
        6.25000000000000  
 OBS            152
     301.25087767671084
     301.46939692499501
       1.00000000000000
 151 153 -1
obdef
loc3d
        4.94546412681761              0.68348353984884             17.75631332397461     -1
kind
     27     
    3600          153600     
        6.25000000000000  
 OBS            153
     302.69608619629406
     302.58883943043998
       1.00000000000000
 152 154 -1
obdef
loc3d
        4.94660974174000              0.67744857875853             29.35406684875488     -1
kind
     27     
    3600          153600     
        6.25000000000000  
 OBS            154
     302.76807295995252
     303.48385197595098
       1.00000000000000
 153 155 -1
obdef
loc3d
        4.94648126630843              0.68652865419204             54.82812500000000     -1
kind
     27     
    3600          153600     
        6.25000000000000  
 OBS            155
     302.75801232895941
     302.41512180425298
       1.00000000000000
 154 156 -1
obdef
loc3d
        4.94445426011379              0.68507566758975             62.61011505126953     -1
kind
     27     
    3600          153600     
        6.25000000000000  
 OBS            156
     303.95171587126396
     302.35689294018198
       1.00000000000000
 155 157 -1
obdef
loc3d
        4.94602055174578              0.68752162087271            134.15721130371091     -1
kind
     27     
    3600          153600     
        6.25000000000000  
 OBS            157
     301.25581145260190
     301.84447346265398
       1.00000000000000
 156 158 -1
obdef
loc3d
        4.94603912728501              0.67254511985829             35.00297546386719     -1
kind
     27     
    3600          153600     
        6.25000000000000  
 OBS            158
     303.16021952590364
     303.04409908173699
       1.00000000000000
 157 159 -1
obdef
loc3d
        4.95877904994953              0.67986585977255             17.04111671447754     -1
kind
     27     
    3600          153600     
        6.25000000000000  
 OBS            159
     300.86241025048741
     299.05469568269098
       1.00000000000000
 158 160 -1
obdef
loc3d
        4.93958042817759              0.69095160998657            226.13127136230469     -1
kind
     27     
    3600          153600     
        6.25000000000000  
 OBS            160
     299.43517826201821
     299.01592455745703
       1.00000000000000
 159 161 -1
obdef
loc3d
        4.95756313665553              0.69181797222864             89.84997558593750     -1
kind
     27     
    3600          153600     
        6.25000000000000  
 OBS            161
     302.30384188913422
     302.04959362195598
       1.00000000000000
 160 162 -1
obdef
loc3d
        4.94078657111844              0.67409210989409             60.81152343750000     -1
kind
     27     
    3600          153600     
        6.25000000000000  
 OBS            162
     304.51657726645345
     302.94236504699597
       1.00000000000000
 161 163 -1
obdef
loc3d
        4.95557846691255              0.67267262139613              1.00000000000000     -1
kind
     27     
    3600          153600     
        6.25000000000000  
 OBS            163
     299.81945533312040
     299.54732024517000
       1.00000000000000
 162 164 -1
obdef
loc3d
        4.93193348448080              0.68856418981073            106.00000000000000     -1
kind
     27     
    3600          153600     
        6.25000000000000  
 OBS            164
     293.80989887706880
     293.76850900636998
       1.00000000000000
 163 165 -1
obdef
loc3d
        4.89970838141578              0.68765245249877            785.09423828125000     -1
kind
     27     
    3600          153600     
        6.25000000000000  
 OBS            165
     299.42858528640380
     299.97910319639601
       1.00000000000000
 164 166 -1
obdef
loc3d
        4.95026814558372              0.68993059237416             93.11567687988281     -1
kind
     27     
    3600          153600     
        6.25000000000000  
 OBS            166
     299.14457921288317
     301.48907909673102
       1.00000000000000
 165 167 -1
obdef
loc3d
        4.94174512165160              0.68484635226999            116.56585693359381     -1
kind
     27     
    3600          153600     
        6.25000000000000  
 OBS            167
     301.23232674150688
     302.25142888060100
       1.00000000000000
 166 168 -1
obdef
loc3d
        4.95420735021482              0.68473663912788             15.00000000000000     -1
kind
     27     
    3600          153600     
        6.25000000000000  
 OBS            168
     301.16843763727968
     300.59124293882701
       1.00000000000000
 167 169 -1
obdef
loc3d
        4.93477042118681              0.68310638816012            118.89588928222661     -1
kind
     27     
    3600          153600     
        6.25000000000000  
 OBS            169
     300.37065928807084
     300.23591012687598
       1.00000000000000
 168 170 -1
obdef
loc3d
        4.93795631029682              0.68276407673392            144.94107055664060     -1
kind
     27     
    3600          153600     
        6.25000000000000  
 OBS            170
     299.38399990017120
     300.34384753033299
       1.00000000000000
 169 171 -1
obdef
loc3d
        4.94001671685736              0.68064929967652             43.67281723022461     -1
kind
     27     
    3600          153600     
        6.25000000000000  
 OBS            171
     301.31208041219963
     300.63089603964301
       1.00000000000000
 170 172 -1
obdef
loc3d
        4.94058460161740              0.67807181314514             70.17810058593750     -1
kind
     27     
    3600          153600     
        6.25000000000000  
 OBS            172
     302.01013841374646
     302.58284468818698
       1.00000000000000
 171 173 -1
obdef
loc3d
        4.95423295419494              0.68033176843505              3.71636104583740     -1
kind
     27     
    3600          153600     
        6.25000000000000  
 OBS            173
     301.96562489321502
     301.47424087941698
       1.00000000000000
 172 174 -1
obdef
loc3d
        4.94926894458696              0.66642585587446             10.91526031494141     -1
kind
     27     
    3600          153600     
        6.25000000000000  
 OBS            174
     303.98888027432758
     302.56785155628000
       1.00000000000000
 173 175 -1
obdef
loc3d
        4.96223480186848              0.66700036066835              5.00000000000000     -1
kind
     27     
    3600          153600     
        6.25000000000000  
 OBS            175
     301.73420008792328
     302.76348267702502
       1.00000000000000
 174 176 -1
obdef
loc3d
        4.95546148971009              0.67729393735082              6.17724800109863     -1
kind
     27     
    3600          153600     
        6.25000000000000  
 OBS            176
     301.44590057939166
     299.45233687619401
       1.00000000000000
 175 177 -1
obdef
loc3d
        4.92652723985629              0.69051382381431            146.04148864746091     -1
kind
     27     
    3600          153600     
        6.25000000000000  
 OBS            177
     301.52939174830595
     301.06517982747800
       1.00000000000000
 176 178 -1
obdef
loc3d
        4.96366005344362              0.66920346185787              6.00000000000000     -1
kind
     27     
    3600          153600     
        6.25000000000000  
 OBS            178
     296.75299914350501
     299.38783468293502
       1.00000000000000
 177 179 -1
obdef
loc3d
        4.97052949833720              0.66907739847133              8.84140872955322     -1
kind
     27     
    3600          153600     
        6.25000000000000  
 OBS            179
     297.56377692481050
     298.12791278842002
       1.00000000000000
 178 180 -1
obdef
loc3d
        4.95245337490985              0.69269329908122            116.45774841308589     -1
kind
     27     
    3600          153600     
        6.25000000000000  
 OBS            180
     295.08242875493983
     297.67113259398599
       1.00000000000000
 179 181 -1
obdef
loc3d
        4.94885353278042              0.69277717633329            144.09075927734381     -1
kind
     27     
    3600          153600     
        6.25000000000000  
 OBS            181
     302.82332580660955
     301.51706525858998
       1.00000000000000
 180 182 -1
obdef
loc3d
        4.94336975041274              0.69009669144632            168.92642211914060     -1
kind
     27     
    3600          153600     
        6.25000000000000  
 OBS            182
     298.72246206077284
     300.76316561722899
       1.00000000000000
 181 183 -1
obdef
loc3d
        4.93556788041953              0.67027828664670             15.00000000000000     -1
kind
     27     
    3600          153600     
        6.25000000000000  
 OBS            183
     300.34362693729690
     300.78305933866898
       1.00000000000000
 182 184 -1
obdef
loc3d
        4.94033180527593              0.67113295277478             15.00000000000000     -1
kind
     27     
    3600          153600     
        6.25000000000000  
 OBS            184
     302.54797903254581
     301.49983083256700
       1.00000000000000
 183 185 -1
obdef
loc3d
        4.94303858410231              0.67245219021673             45.31371688842773     -1
kind
     27     
    3600          153600     
        6.25000000000000  
 OBS            185
     301.47292376215762
     303.12031063101000
       1.00000000000000
 184 186 -1
obdef
loc3d
        4.94353452184302              0.67563108019985             33.40631103515625     -1
kind
     27     
    3600          153600     
        6.25000000000000  
 OBS            186
     302.67477420708059
     302.60903776445900
       1.00000000000000
 185 187 -1
obdef
loc3d
        4.94374389829480              0.67833415521310             29.86422538757324     -1
kind
     27     
    3600          153600     
        6.25000000000000  
 OBS            187
     302.96702707588099
     301.29749892896501
       1.00000000000000
 186 188 -1
obdef
loc3d
        4.94273365028682              0.68737244152012            176.80966186523440     -1
kind
     27     
    3600          153600     
        6.25000000000000  
 OBS            188
     299.65112281333415
     298.60454274615302
       1.00000000000000
 187 189 -1
obdef
loc3d
        4.92701506510552              0.68724654189208            235.55827331542969     -1
kind
     27     
    3600          153600     
        6.25000000000000  
 OBS            189
     298.62723329345192
     300.15594917489199
       1.00000000000000
 188 190 -1
obdef
loc3d
        4.93770287749180              0.68559892863867            149.84144592285159     -1
kind
     27     
    3600          153600     
        6.25000000000000  
 OBS            190
     299.74237799430989
     299.40011949020499
       1.00000000000000
 189 191 -1
obdef
loc3d
        4.92849072850511              0.69275166570057            196.64169311523440     -1
kind
     27     
    3600          153600     
        6.25000000000000  
 OBS            191
     300.61169503519892
     301.28638280922098
       1.00000000000000
 190 192 -1
obdef
loc3d
        4.94704606827608              0.66890083993760             30.00000000000000     -1
kind
     27     
    3600          153600     
        6.25000000000000  
 OBS            192
     298.64106045731302
     298.92316315912001
       1.00000000000000
 191 193 -1
obdef
loc3d
        4.93215285315783              0.69272179551745            405.54205322265619     -1
kind
     27     
    3600          153600     
        6.25000000000000  
 OBS            193
     301.12834823708499
     300.64116416130702
       1.00000000000000
 192 194 -1
obdef
loc3d
        4.93041137291484              0.68610286792166             95.01055908203125     -1
kind
     27     
    3600          153600     
        6.25000000000000  
 OBS            194
     299.66994601135042
     300.53428368184899
       1.00000000000000
 193 195 -1
obdef
loc3d
        4.94340662813579              0.66912283370227             30.00000000000000     -1
kind
     27     
    3600          153600     
        6.25000000000000  
 OBS            195
     299.37905560234526
     298.72273829214402
       1.00000000000000
 194 196 -1
obdef
loc3d
        4.94246051140049              0.69284522685509            232.15176391601560     -1
kind
     27     
    3600          153600     
        6.25000000000000  
 OBS            196
     301.67623114291644
     303.02211070130897
       1.00000000000000
 195 197 -1
obdef
loc3d
        4.94897278262263              0.68784055253573             58.60614395141602     -1
kind
     27     
    3600          153600     
        6.25000000000000  
 OBS            197
     299.40540389847308
     299.53604621850502
       1.00000000000000
 196 198 -1
obdef
loc3d
        4.94541527617556              0.68071005727643             33.77826690673828     -1
kind
     27     
    3600          153600     
        6.25000000000000  
 OBS            198
     300.41506291057431
     301.23925627396602
       1.00000000000000
 197 199 -1
obdef
loc3d
        4.93748800785195              0.67296050504062             44.45593643188477     -1
kind
     27     
    3600          153600     
        6.25000000000000  
 OBS            199
     298.67889337524161
     299.19740123507597
       1.00000000000000
 198 200 -1
obdef
loc3d
        4.93696530791536              0.69256666762304            156.90283203125000     -1
kind
     27     
    3600          153600     
        6.25000000000000  
 OBS            200
     297.67674500165145
     298.83050469285001
       1.00000000000000
 199 201 -1
obdef
loc3d
        4.92145179475246              0.69276808226809            165.77503967285159     -1
kind
     27     
    3600          153600     
        6.25000000000000  
 OBS            201
     301.48545007673920
     301.54687989966902
       1.00000000000000
 200 202 -1
obdef
loc3d
        4.93950672299123              0.68813471885857            177.40441894531250     -1
kind
     27     
    3600          153600     
        6.25000000000000  
 OBS            202
     299.23617529984875
     300.31387482469302
       1.00000000000000
 201 203 -1
obdef
loc3d
        4.93611382531472              0.68823817566222            173.73840332031250     -1
kind
     27     
    3600          153600     
        6.25000000000000  
 OBS            203
     301.89891834735300
     300.25057292168401
       1.00000000000000
 202 204 -1
obdef
loc3d
        4.94685988234341              0.69028594514941            170.37097167968750     -1
kind
     27     
    3600          153600     
        6.25000000000000  
 OBS            204
     300.32584366493251
     299.38578858205699
       1.00000000000000
 203 205 -1
obdef
loc3d
        4.93440797857224              0.69076858072881            137.08886718750000     -1
kind
     27     
    3600          153600     
        6.25000000000000  
 OBS            205
     299.17288504830674
     300.94066845223898
       1.00000000000000
 204 206 -1
obdef
loc3d
        4.93397023736678              0.68569719666510            120.48287200927730     -1
kind
     27     
    3600          153600     
        6.25000000000000  
 OBS            206
     302.66849935486516
     303.04942102234799
       1.00000000000000
 205 207 -1
obdef
loc3d
        4.96098036034072              0.67790128169477             17.24609375000000     -1
kind
     27     
    3600          153600     
        6.25000000000000  
 OBS            207
     304.93591025544987
     302.72874342336200
       1.00000000000000
 206 208 -1
obdef
loc3d
        4.95746178551042              0.68576241061300             17.20619201660156     -1
kind
     27     
    3600          153600     
        6.25000000000000  
 OBS            208
     299.95631478962002
     299.57753342294200
       1.00000000000000
 207 209 -1
obdef
loc3d
        4.96821528454312              0.66626811336639              8.93466186523438     -1
kind
     27     
    3600          153600     
        6.25000000000000  
 OBS            209
     301.92027879437313
     303.31658215653300
       1.00000000000000
 208 210 -1
obdef
loc3d
        4.95821139545160              0.68356985009176             15.00000000000000     -1
kind
     27     
    3600          153600     
        6.25000000000000  
 OBS            210
     302.54609727338914
     302.48467935445598
       1.00000000000000
 209 211 -1
obdef
loc3d
        4.95929084301108              0.67289450711582              9.91464328765869     -1
kind
     27     
    3600          153600     
        6.25000000000000  
 OBS            211
     302.01930435026770
     302.69440751243002
       1.00000000000000
 210 212 -1
obdef
loc3d
        4.95884231318174              0.67566319569297             12.79061889648438     -1
kind
     27     
    3600          153600     
        6.25000000000000  
 OBS            212
     303.72730834665845
     303.25473124973399
       1.00000000000000
 211 213 -1
obdef
loc3d
        4.96068172506451              0.68176493518182             14.00000000000000     -1
kind
     27     
    3600          153600     
        6.25000000000000  
 OBS            213
     303.67288465898628
     303.58924370983999
       1.00000000000000
 212 214 -1
obdef
loc3d
        4.96044430349621              0.68522255501691             15.00000000000000     -1
kind
     27     
    3600          153600     
        6.25000000000000  
 OBS            214
     301.13261509901400
     302.21629108273800
       1.00000000000000
 213 215 -1
obdef
loc3d
        4.95653505007277              0.68174821287482             15.07347202301025     -1
kind
     27     
    3600          153600     
        6.25000000000000  
 OBS            215
     300.82961855346912
     301.37470185678097
       1.00000000000000
 214 216 -1
obdef
loc3d
        4.96521948188739              0.66389255790081              6.10258388519287     -1
kind
     27     
    3600          153600     
        6.25000000000000  
 OBS            216
     299.85925055749800
     300.95302517333897
       1.00000000000000
 215 217 -1
obdef
loc3d
        4.96720461139216              0.67033432936439             12.91210937500000     -1
kind
     27     
    3600          153600     
        6.25000000000000  
 OBS            217
     304.59341774036596
     303.95216942821799
       1.00000000000000
 216 218 -1
obdef
loc3d
        4.96018888249816              0.68814255256013             15.00000000000000     -1
kind
     27     
    3600          153600     
        6.25000000000000  
 OBS            218
     299.12757617514370
     299.15072688878399
       1.00000000000000
 217 219 -1
obdef
loc3d
        4.95410557213704              0.69029785801799             54.42578125000000     -1
kind
     27     
    3600          153600     
        6.25000000000000  
 OBS            219
     304.12030610627113
     303.16674377046400
       1.00000000000000
 218 220 -1
obdef
loc3d
        4.95508230192316              0.68705689194968              9.08530712127686     -1
kind
     27     
    3600          153600     
        6.25000000000000  
 OBS            220
     291.86307866155533
     293.27155517844898
       1.00000000000000
 219 221 -1
obdef
loc3d
        4.89659470219302              0.68517541625982            824.84875488281250     -1
kind
     27     
    3600          153600     
        6.25000000000000  
 OBS            221
     295.40003798373357
     295.88293043047997
       1.00000000000000
 220 222 -1
obdef
loc3d
        4.89719607397323              0.69286120068011            493.76440429687500     -1
kind
     27     
    3600          153600     
        6.25000000000000  
 OBS            222
     298.00443022716246
     297.66403213399298
       1.00000000000000
 221 223 -1
obdef
loc3d
        4.91562721585699              0.69268557315466            290.85858154296881     -1
kind
     27     
    3600          153600     
        6.25000000000000  
 OBS            223
     293.38238262310813
     294.20839339282702
       1.00000000000000
 222 224 -1
obdef
loc3d
        4.89650463462054              0.68965598658767            806.96582031250000     -1
kind
     27     
    3600          153600     
        6.25000000000000  
 OBS            224
     294.22256268308303
     294.13301119912001
       1.00000000000000
 223 225 -1
obdef
loc3d
        4.90117724149658              0.69117926561099            769.23168945312500     -1
kind
     27     
    3600          153600     
        6.25000000000000  
 OBS            225
     298.16921575140179
     298.33628244543502
       1.00000000000000
 224 -1 -1
obdef
loc3d
        4.91058697772938              0.69047364022544            228.45222473144531     -1
kind
     27     
    3600          153600     
        6.25000000000000  
