 obs_sequence
obs_kind_definitions
       3
    25          LAND_SFC_U_WIND_COMPONENT   
    26          LAND_SFC_V_WIND_COMPONENT   
    27          LAND_SFC_TEMPERATURE   
  num_copies:            2  num_qc:            1
 num_obs:       225  max_num_obs:       225
observations
truth
QC radar
  first:            1  last:       225
 OBS            1
      -2.46893040364570
      -1.09139191317101
       1.00000000000000
 -1 2 -1
obdef
loc3d
        4.90540352515539              0.69194112440599            606.33142089843750     -1
kind
     25     
    66600          153260     
       12.25000000000000  
 OBS            2
      -0.81989874878006
      -0.51782726533291
       1.00000000000000
 1 3 -1
obdef
loc3d
        4.94546412681761              0.68348353984884             17.75631332397461     -1
kind
     25     
    66600          153260     
       12.25000000000000  
 OBS            3
       1.70604419996470
      -2.00053902093296
       1.00000000000000
 2 4 -1
obdef
loc3d
        4.94660974174000              0.67744857875853             29.35406684875488     -1
kind
     25     
    66600          153260     
       12.25000000000000  
 OBS            4
      -1.56072663250399
      -1.07136076111537
       1.00000000000000
 3 5 -1
obdef
loc3d
        4.94648126630843              0.68652865419204             54.82812500000000     -1
kind
     25     
    66600          153260     
       12.25000000000000  
 OBS            5
      -4.11083404125220
      -1.12050386635044
       1.00000000000000
 4 6 -1
obdef
loc3d
        4.94445426011379              0.68507566758975             62.61011505126953     -1
kind
     25     
    66600          153260     
       12.25000000000000  
 OBS            6
      -1.59031075497580
      -0.42844168905558
       1.00000000000000
 5 7 -1
obdef
loc3d
        4.94602055174578              0.68752162087271            134.15721130371091     -1
kind
     25     
    66600          153260     
       12.25000000000000  
 OBS            7
       4.85333257166159
      -0.71748399441308
       1.00000000000000
 6 8 -1
obdef
loc3d
        4.94603912728501              0.67254511985829             35.00297546386719     -1
kind
     25     
    66600          153260     
       12.25000000000000  
 OBS            8
       0.52535078343854
      -3.17427124025073
       1.00000000000000
 7 9 -1
obdef
loc3d
        4.95877904994953              0.67986585977255             17.04111671447754     -1
kind
     25     
    66600          153260     
       12.25000000000000  
 OBS            9
       0.36445208012136
       0.27088990654744
       1.00000000000000
 8 10 -1
obdef
loc3d
        4.93958042817759              0.69095160998657            226.13127136230469     -1
kind
     25     
    66600          153260     
       12.25000000000000  
 OBS            10
       5.54665880716030
       1.51514146991816
       1.00000000000000
 9 11 -1
obdef
loc3d
        4.95756313665553              0.69181797222864             89.84997558593750     -1
kind
     25     
    66600          153260     
       12.25000000000000  
 OBS            11
      -5.02313494019496
      -0.20424707572588
       1.00000000000000
 10 12 -1
obdef
loc3d
        4.94078657111844              0.67409210989409             60.81152343750000     -1
kind
     25     
    66600          153260     
       12.25000000000000  
 OBS            12
       1.63925255662001
       2.12436404030266
       1.00000000000000
 11 13 -1
obdef
loc3d
        4.95557846691255              0.67267262139613              1.00000000000000     -1
kind
     25     
    66600          153260     
       12.25000000000000  
 OBS            13
      -1.41414422761839
       0.84049536211220
       1.00000000000000
 12 14 -1
obdef
loc3d
        4.93193348448080              0.68856418981073            106.00000000000000     -1
kind
     25     
    66600          153260     
       12.25000000000000  
 OBS            14
       0.54162409903618
      -1.36417593803459
       1.00000000000000
 13 15 -1
obdef
loc3d
        4.89970838141578              0.68765245249877            785.09423828125000     -1
kind
     25     
    66600          153260     
       12.25000000000000  
 OBS            15
       2.51982208188117
       1.98673577578074
       1.00000000000000
 14 16 -1
obdef
loc3d
        4.95026814558372              0.68993059237416             93.11567687988281     -1
kind
     25     
    66600          153260     
       12.25000000000000  
 OBS            16
      -4.97617435711634
      -0.40663913870108
       1.00000000000000
 15 17 -1
obdef
loc3d
        4.94174512165160              0.68484635226999            116.56585693359381     -1
kind
     25     
    66600          153260     
       12.25000000000000  
 OBS            17
      -0.10422461234709
       2.50717592872952
       1.00000000000000
 16 18 -1
obdef
loc3d
        4.95420735021482              0.68473663912788             15.00000000000000     -1
kind
     25     
    66600          153260     
       12.25000000000000  
 OBS            18
       0.58508754564985
       0.46262168721306
       1.00000000000000
 17 19 -1
obdef
loc3d
        4.93477042118681              0.68310638816012            118.89588928222661     -1
kind
     25     
    66600          153260     
       12.25000000000000  
 OBS            19
      -7.46810352132349
       1.09002521889635
       1.00000000000000
 18 20 -1
obdef
loc3d
        4.93795631029682              0.68276407673392            144.94107055664060     -1
kind
     25     
    66600          153260     
       12.25000000000000  
 OBS            20
      -1.55328454774290
       0.78620259822301
       1.00000000000000
 19 21 -1
obdef
loc3d
        4.94001671685736              0.68064929967652             43.67281723022461     -1
kind
     25     
    66600          153260     
       12.25000000000000  
 OBS            21
     -15.40478086206035
      -6.24623865268880
       1.00000000000000
 20 22 -1
obdef
loc3d
        4.94058460161740              0.67807181314514             70.17810058593750     -1
kind
     25     
    66600          153260     
       12.25000000000000  
 OBS            22
       0.43578055213465
       3.58147958866176
       1.00000000000000
 21 23 -1
obdef
loc3d
        4.95423295419494              0.68033176843505              3.71636104583740     -1
kind
     25     
    66600          153260     
       12.25000000000000  
 OBS            23
      -4.39916654215994
      -2.20422413548312
       1.00000000000000
 22 24 -1
obdef
loc3d
        4.94926894458696              0.66642585587446             10.91526031494141     -1
kind
     25     
    66600          153260     
       12.25000000000000  
 OBS            24
       2.35419274891154
       1.74396516065982
       1.00000000000000
 23 25 -1
obdef
loc3d
        4.96223480186848              0.66700036066835              5.00000000000000     -1
kind
     25     
    66600          153260     
       12.25000000000000  
 OBS            25
       2.06219793795306
       3.67203479458309
       1.00000000000000
 24 26 -1
obdef
loc3d
        4.95546148971009              0.67729393735082              6.17724800109863     -1
kind
     25     
    66600          153260     
       12.25000000000000  
 OBS            26
      -2.44020608366803
      -0.01424118913590
       1.00000000000000
 25 27 -1
obdef
loc3d
        4.92652723985629              0.69051382381431            146.04148864746091     -1
kind
     25     
    66600          153260     
       12.25000000000000  
 OBS            27
      -2.49914732784853
      -1.19504446215677
       1.00000000000000
 26 28 -1
obdef
loc3d
        4.96366005344362              0.66920346185787              6.00000000000000     -1
kind
     25     
    66600          153260     
       12.25000000000000  
 OBS            28
       1.31767661439311
       0.02623783197804
       1.00000000000000
 27 29 -1
obdef
loc3d
        4.97052949833720              0.66907739847133              8.84140872955322     -1
kind
     25     
    66600          153260     
       12.25000000000000  
 OBS            29
       2.61339197585177
       2.35432258299048
       1.00000000000000
 28 30 -1
obdef
loc3d
        4.95245337490985              0.69269329908122            116.45774841308589     -1
kind
     25     
    66600          153260     
       12.25000000000000  
 OBS            30
      -1.43590464201272
      -2.01593400542502
       1.00000000000000
 29 31 -1
obdef
loc3d
        4.94885353278042              0.69277717633329            144.09075927734381     -1
kind
     25     
    66600          153260     
       12.25000000000000  
 OBS            31
      -4.49408396092144
      -4.47587916009787
       1.00000000000000
 30 32 -1
obdef
loc3d
        4.94336975041274              0.69009669144632            168.92642211914060     -1
kind
     25     
    66600          153260     
       12.25000000000000  
 OBS            32
      -0.85600967445021
      -0.53578873800586
       1.00000000000000
 31 33 -1
obdef
loc3d
        4.93556788041953              0.67027828664670             15.00000000000000     -1
kind
     25     
    66600          153260     
       12.25000000000000  
 OBS            33
       0.73781355326980
       1.16302272051931
       1.00000000000000
 32 34 -1
obdef
loc3d
        4.94033180527593              0.67113295277478             15.00000000000000     -1
kind
     25     
    66600          153260     
       12.25000000000000  
 OBS            34
      -2.26956381578447
       1.09081712185887
       1.00000000000000
 33 35 -1
obdef
loc3d
        4.94303858410231              0.67245219021673             45.31371688842773     -1
kind
     25     
    66600          153260     
       12.25000000000000  
 OBS            35
       2.47806870293882
      -0.32845153069854
       1.00000000000000
 34 36 -1
obdef
loc3d
        4.94353452184302              0.67563108019985             33.40631103515625     -1
kind
     25     
    66600          153260     
       12.25000000000000  
 OBS            36
       5.06895645719850
       3.11458333751702
       1.00000000000000
 35 37 -1
obdef
loc3d
        4.94374389829480              0.67833415521310             29.86422538757324     -1
kind
     25     
    66600          153260     
       12.25000000000000  
 OBS            37
       0.67842847206315
       0.11719257203991
       1.00000000000000
 36 38 -1
obdef
loc3d
        4.94273365028682              0.68737244152012            176.80966186523440     -1
kind
     25     
    66600          153260     
       12.25000000000000  
 OBS            38
      -1.50867011225468
      -1.53572451353056
       1.00000000000000
 37 39 -1
obdef
loc3d
        4.92701506510552              0.68724654189208            235.55827331542969     -1
kind
     25     
    66600          153260     
       12.25000000000000  
 OBS            39
       4.20904011247525
       0.25882820271254
       1.00000000000000
 38 40 -1
obdef
loc3d
        4.93770287749180              0.68559892863867            149.84144592285159     -1
kind
     25     
    66600          153260     
       12.25000000000000  
 OBS            40
      -1.67529011965891
       0.58792992218889
       1.00000000000000
 39 41 -1
obdef
loc3d
        4.92849072850511              0.69275166570057            196.64169311523440     -1
kind
     25     
    66600          153260     
       12.25000000000000  
 OBS            41
      -0.50756295306731
       0.56871132371684
       1.00000000000000
 40 42 -1
obdef
loc3d
        4.94704606827608              0.66890083993760             30.00000000000000     -1
kind
     25     
    66600          153260     
       12.25000000000000  
 OBS            42
      -4.13535015889530
      -0.50425522040037
       1.00000000000000
 41 43 -1
obdef
loc3d
        4.93215285315783              0.69272179551745            405.54205322265619     -1
kind
     25     
    66600          153260     
       12.25000000000000  
 OBS            43
      -4.39727503260881
      -0.15316404127126
       1.00000000000000
 42 44 -1
obdef
loc3d
        4.93041137291484              0.68610286792166             95.01055908203125     -1
kind
     25     
    66600          153260     
       12.25000000000000  
 OBS            44
       4.07565841958954
       0.02844135376953
       1.00000000000000
 43 45 -1
obdef
loc3d
        4.94340662813579              0.66912283370227             30.00000000000000     -1
kind
     25     
    66600          153260     
       12.25000000000000  
 OBS            45
      -0.79838111311663
      -0.78313682693257
       1.00000000000000
 44 46 -1
obdef
loc3d
        4.94246051140049              0.69284522685509            232.15176391601560     -1
kind
     25     
    66600          153260     
       12.25000000000000  
 OBS            46
      -2.29005283691212
      -2.14172730285621
       1.00000000000000
 45 47 -1
obdef
loc3d
        4.94897278262263              0.68784055253573             58.60614395141602     -1
kind
     25     
    66600          153260     
       12.25000000000000  
 OBS            47
       2.21476580833905
       0.19778597292464
       1.00000000000000
 46 48 -1
obdef
loc3d
        4.94541527617556              0.68071005727643             33.77826690673828     -1
kind
     25     
    66600          153260     
       12.25000000000000  
 OBS            48
      -1.79168090388552
       0.28893651897419
       1.00000000000000
 47 49 -1
obdef
loc3d
        4.93748800785195              0.67296050504062             44.45593643188477     -1
kind
     25     
    66600          153260     
       12.25000000000000  
 OBS            49
      -2.66392466938780
      -1.21780742790006
       1.00000000000000
 48 50 -1
obdef
loc3d
        4.93696530791536              0.69256666762304            156.90283203125000     -1
kind
     25     
    66600          153260     
       12.25000000000000  
 OBS            50
       1.28379660674994
      -1.02480336557813
       1.00000000000000
 49 51 -1
obdef
loc3d
        4.92145179475246              0.69276808226809            165.77503967285159     -1
kind
     25     
    66600          153260     
       12.25000000000000  
 OBS            51
       4.50427451857550
       0.66976717890531
       1.00000000000000
 50 52 -1
obdef
loc3d
        4.93950672299123              0.68813471885857            177.40441894531250     -1
kind
     25     
    66600          153260     
       12.25000000000000  
 OBS            52
      -2.92151041998486
      -0.06875631850166
       1.00000000000000
 51 53 -1
obdef
loc3d
        4.93611382531472              0.68823817566222            173.73840332031250     -1
kind
     25     
    66600          153260     
       12.25000000000000  
 OBS            53
      -9.52129667491879
      -5.50951549064415
       1.00000000000000
 52 54 -1
obdef
loc3d
        4.94685988234341              0.69028594514941            170.37097167968750     -1
kind
     25     
    66600          153260     
       12.25000000000000  
 OBS            54
       1.34525487475002
      -1.34819588079216
       1.00000000000000
 53 55 -1
obdef
loc3d
        4.93440797857224              0.69076858072881            137.08886718750000     -1
kind
     25     
    66600          153260     
       12.25000000000000  
 OBS            55
       5.06777669717734
      -0.05867156872044
       1.00000000000000
 54 56 -1
obdef
loc3d
        4.93397023736678              0.68569719666510            120.48287200927730     -1
kind
     25     
    66600          153260     
       12.25000000000000  
 OBS            56
       3.41344080709385
       0.78573390497142
       1.00000000000000
 55 57 -1
obdef
loc3d
        4.96098036034072              0.67790128169477             17.24609375000000     -1
kind
     25     
    66600          153260     
       12.25000000000000  
 OBS            57
      -5.04449749313630
       3.98407070737525
       1.00000000000000
 56 58 -1
obdef
loc3d
        4.95746178551042              0.68576241061300             17.20619201660156     -1
kind
     25     
    66600          153260     
       12.25000000000000  
 OBS            58
      -7.65957222800076
      -1.01710381283336
       1.00000000000000
 57 59 -1
obdef
loc3d
        4.96821528454312              0.66626811336639              8.93466186523438     -1
kind
     25     
    66600          153260     
       12.25000000000000  
 OBS            59
       2.22635675676585
       4.48586995090817
       1.00000000000000
 58 60 -1
obdef
loc3d
        4.95821139545160              0.68356985009176             15.00000000000000     -1
kind
     25     
    66600          153260     
       12.25000000000000  
 OBS            60
      -1.41390334478972
       1.97370966788848
       1.00000000000000
 59 61 -1
obdef
loc3d
        4.95929084301108              0.67289450711582              9.91464328765869     -1
kind
     25     
    66600          153260     
       12.25000000000000  
 OBS            61
       4.61375044184868
       2.94170842893680
       1.00000000000000
 60 62 -1
obdef
loc3d
        4.95884231318174              0.67566319569297             12.79061889648438     -1
kind
     25     
    66600          153260     
       12.25000000000000  
 OBS            62
      -4.42171159613648
      -1.92080931556381
       1.00000000000000
 61 63 -1
obdef
loc3d
        4.96068172506451              0.68176493518182             14.00000000000000     -1
kind
     25     
    66600          153260     
       12.25000000000000  
 OBS            63
      -5.68331597935665
      -3.89698962036155
       1.00000000000000
 62 64 -1
obdef
loc3d
        4.96044430349621              0.68522255501691             15.00000000000000     -1
kind
     25     
    66600          153260     
       12.25000000000000  
 OBS            64
       1.03610219368425
       4.64160152964733
       1.00000000000000
 63 65 -1
obdef
loc3d
        4.95653505007277              0.68174821287482             15.07347202301025     -1
kind
     25     
    66600          153260     
       12.25000000000000  
 OBS            65
      -1.17103282631295
      -0.63356586769618
       1.00000000000000
 64 66 -1
obdef
loc3d
        4.96521948188739              0.66389255790081              6.10258388519287     -1
kind
     25     
    66600          153260     
       12.25000000000000  
 OBS            66
       1.91447091968781
       0.34733692509558
       1.00000000000000
 65 67 -1
obdef
loc3d
        4.96720461139216              0.67033432936439             12.91210937500000     -1
kind
     25     
    66600          153260     
       12.25000000000000  
 OBS            67
      -2.63537925683841
      -3.25200358788030
       1.00000000000000
 66 68 -1
obdef
loc3d
        4.96018888249816              0.68814255256013             15.00000000000000     -1
kind
     25     
    66600          153260     
       12.25000000000000  
 OBS            68
      -1.23121661988816
       2.80638879492043
       1.00000000000000
 67 69 -1
obdef
loc3d
        4.95410557213704              0.69029785801799             54.42578125000000     -1
kind
     25     
    66600          153260     
       12.25000000000000  
 OBS            69
      -2.96374857038204
       3.51471879317649
       1.00000000000000
 68 70 -1
obdef
loc3d
        4.95508230192316              0.68705689194968              9.08530712127686     -1
kind
     25     
    66600          153260     
       12.25000000000000  
 OBS            70
       5.06874344914227
       0.86305729273172
       1.00000000000000
 69 71 -1
obdef
loc3d
        4.89659470219302              0.68517541625982            824.84875488281250     -1
kind
     25     
    66600          153260     
       12.25000000000000  
 OBS            71
       4.59209035925637
      -0.69701163396108
       1.00000000000000
 70 72 -1
obdef
loc3d
        4.89719607397323              0.69286120068011            493.76440429687500     -1
kind
     25     
    66600          153260     
       12.25000000000000  
 OBS            72
      -1.57532311238199
      -0.43128148319770
       1.00000000000000
 71 73 -1
obdef
loc3d
        4.91562721585699              0.69268557315466            290.85858154296881     -1
kind
     25     
    66600          153260     
       12.25000000000000  
 OBS            73
      -3.66178945715472
       0.04005472252826
       1.00000000000000
 72 74 -1
obdef
loc3d
        4.89650463462054              0.68965598658767            806.96582031250000     -1
kind
     25     
    66600          153260     
       12.25000000000000  
 OBS            74
       2.86611728681912
      -0.61624107940426
       1.00000000000000
 73 75 -1
obdef
loc3d
        4.90117724149658              0.69117926561099            769.23168945312500     -1
kind
     25     
    66600          153260     
       12.25000000000000  
 OBS            75
      -0.23230795437674
       0.42817394952814
       1.00000000000000
 74 76 -1
obdef
loc3d
        4.91058697772938              0.69047364022544            228.45222473144531     -1
kind
     25     
    66600          153260     
       12.25000000000000  
 OBS            76
      -0.70917190053593
       2.65978754259518
       1.00000000000000
 75 77 -1
obdef
loc3d
        4.90540352515539              0.69194112440599            606.33142089843750     -1
kind
     26     
    66600          153260     
       12.25000000000000  
 OBS            77
       9.85461879301310
       2.70032581108920
       1.00000000000000
 76 78 -1
obdef
loc3d
        4.94546412681761              0.68348353984884             17.75631332397461     -1
kind
     26     
    66600          153260     
       12.25000000000000  
 OBS            78
       2.75756688992990
       2.57452274476492
       1.00000000000000
 77 79 -1
obdef
loc3d
        4.94660974174000              0.67744857875853             29.35406684875488     -1
kind
     26     
    66600          153260     
       12.25000000000000  
 OBS            79
       7.88797876398426
       3.22480163507029
       1.00000000000000
 78 80 -1
obdef
loc3d
        4.94648126630843              0.68652865419204             54.82812500000000     -1
kind
     26     
    66600          153260     
       12.25000000000000  
 OBS            80
       2.29458324167741
       2.68922293336059
       1.00000000000000
 79 81 -1
obdef
loc3d
        4.94445426011379              0.68507566758975             62.61011505126953     -1
kind
     26     
    66600          153260     
       12.25000000000000  
 OBS            81
      -3.09135765610171
       0.87833617384143
       1.00000000000000
 80 82 -1
obdef
loc3d
        4.94602055174578              0.68752162087271            134.15721130371091     -1
kind
     26     
    66600          153260     
       12.25000000000000  
 OBS            82
       6.16632393107543
       2.85408849863494
       1.00000000000000
 81 83 -1
obdef
loc3d
        4.94603912728501              0.67254511985829             35.00297546386719     -1
kind
     26     
    66600          153260     
       12.25000000000000  
 OBS            83
       2.50227938977590
       3.37901348492895
       1.00000000000000
 82 84 -1
obdef
loc3d
        4.95877904994953              0.67986585977255             17.04111671447754     -1
kind
     26     
    66600          153260     
       12.25000000000000  
 OBS            84
       0.25873386332784
      -1.29277823074005
       1.00000000000000
 83 85 -1
obdef
loc3d
        4.93958042817759              0.69095160998657            226.13127136230469     -1
kind
     26     
    66600          153260     
       12.25000000000000  
 OBS            85
      -0.44068035110452
      -0.26712856983467
       1.00000000000000
 84 86 -1
obdef
loc3d
        4.95756313665553              0.69181797222864             89.84997558593750     -1
kind
     26     
    66600          153260     
       12.25000000000000  
 OBS            86
       1.96541425257131
       2.86528428308606
       1.00000000000000
 85 87 -1
obdef
loc3d
        4.94078657111844              0.67409210989409             60.81152343750000     -1
kind
     26     
    66600          153260     
       12.25000000000000  
 OBS            87
       0.81512701445373
       4.08925873551325
       1.00000000000000
 86 88 -1
obdef
loc3d
        4.95557846691255              0.67267262139613              1.00000000000000     -1
kind
     26     
    66600          153260     
       12.25000000000000  
 OBS            88
      -2.64538934877082
       1.42085036852034
       1.00000000000000
 87 89 -1
obdef
loc3d
        4.93193348448080              0.68856418981073            106.00000000000000     -1
kind
     26     
    66600          153260     
       12.25000000000000  
 OBS            89
       2.62395502585915
       1.31036761179841
       1.00000000000000
 88 90 -1
obdef
loc3d
        4.89970838141578              0.68765245249877            785.09423828125000     -1
kind
     26     
    66600          153260     
       12.25000000000000  
 OBS            90
      -7.49066107349113
      -1.83387413554362
       1.00000000000000
 89 91 -1
obdef
loc3d
        4.95026814558372              0.68993059237416             93.11567687988281     -1
kind
     26     
    66600          153260     
       12.25000000000000  
 OBS            91
       0.16527261267133
       2.71368860641431
       1.00000000000000
 90 92 -1
obdef
loc3d
        4.94174512165160              0.68484635226999            116.56585693359381     -1
kind
     26     
    66600          153260     
       12.25000000000000  
 OBS            92
      -5.74053115484417
       2.72702172289694
       1.00000000000000
 91 93 -1
obdef
loc3d
        4.95420735021482              0.68473663912788             15.00000000000000     -1
kind
     26     
    66600          153260     
       12.25000000000000  
 OBS            93
       5.18879133197982
       2.43503909575857
       1.00000000000000
 92 94 -1
obdef
loc3d
        4.93477042118681              0.68310638816012            118.89588928222661     -1
kind
     26     
    66600          153260     
       12.25000000000000  
 OBS            94
       3.35833396371244
       3.19303698679624
       1.00000000000000
 93 95 -1
obdef
loc3d
        4.93795631029682              0.68276407673392            144.94107055664060     -1
kind
     26     
    66600          153260     
       12.25000000000000  
 OBS            95
       1.99153696908161
       1.73899712705619
       1.00000000000000
 94 96 -1
obdef
loc3d
        4.94001671685736              0.68064929967652             43.67281723022461     -1
kind
     26     
    66600          153260     
       12.25000000000000  
 OBS            96
       4.12741278244264
       1.36253181582856
       1.00000000000000
 95 97 -1
obdef
loc3d
        4.94058460161740              0.67807181314514             70.17810058593750     -1
kind
     26     
    66600          153260     
       12.25000000000000  
 OBS            97
       4.91890801337660
       2.57469236579647
       1.00000000000000
 96 98 -1
obdef
loc3d
        4.95423295419494              0.68033176843505              3.71636104583740     -1
kind
     26     
    66600          153260     
       12.25000000000000  
 OBS            98
       0.52524756651931
       1.95894583414050
       1.00000000000000
 97 99 -1
obdef
loc3d
        4.94926894458696              0.66642585587446             10.91526031494141     -1
kind
     26     
    66600          153260     
       12.25000000000000  
 OBS            99
       4.96231570518816
       3.32841768602614
       1.00000000000000
 98 100 -1
obdef
loc3d
        4.96223480186848              0.66700036066835              5.00000000000000     -1
kind
     26     
    66600          153260     
       12.25000000000000  
 OBS            100
       7.02547005904622
       2.53028284271543
       1.00000000000000
 99 101 -1
obdef
loc3d
        4.95546148971009              0.67729393735082              6.17724800109863     -1
kind
     26     
    66600          153260     
       12.25000000000000  
 OBS            101
      -3.06990852491341
       1.16575441007652
       1.00000000000000
 100 102 -1
obdef
loc3d
        4.92652723985629              0.69051382381431            146.04148864746091     -1
kind
     26     
    66600          153260     
       12.25000000000000  
 OBS            102
       6.24264272425715
       3.07498656863232
       1.00000000000000
 101 103 -1
obdef
loc3d
        4.96366005344362              0.66920346185787              6.00000000000000     -1
kind
     26     
    66600          153260     
       12.25000000000000  
 OBS            103
       0.50075007387547
       5.20766522801844
       1.00000000000000
 102 104 -1
obdef
loc3d
        4.97052949833720              0.66907739847133              8.84140872955322     -1
kind
     26     
    66600          153260     
       12.25000000000000  
 OBS            104
      -0.10302254440505
       2.98742557262827
       1.00000000000000
 103 105 -1
obdef
loc3d
        4.95245337490985              0.69269329908122            116.45774841308589     -1
kind
     26     
    66600          153260     
       12.25000000000000  
 OBS            105
      -0.77744567694068
       2.95251644234323
       1.00000000000000
 104 106 -1
obdef
loc3d
        4.94885353278042              0.69277717633329            144.09075927734381     -1
kind
     26     
    66600          153260     
       12.25000000000000  
 OBS            106
      -1.15851147770833
      -1.09213464509295
       1.00000000000000
 105 107 -1
obdef
loc3d
        4.94336975041274              0.69009669144632            168.92642211914060     -1
kind
     26     
    66600          153260     
       12.25000000000000  
 OBS            107
       7.94591252237488
       2.50516199425495
       1.00000000000000
 106 108 -1
obdef
loc3d
        4.93556788041953              0.67027828664670             15.00000000000000     -1
kind
     26     
    66600          153260     
       12.25000000000000  
 OBS            108
       3.43826205027485
       2.13707984610405
       1.00000000000000
 107 109 -1
obdef
loc3d
        4.94033180527593              0.67113295277478             15.00000000000000     -1
kind
     26     
    66600          153260     
       12.25000000000000  
 OBS            109
       1.41041866680500
       2.87962292128721
       1.00000000000000
 108 110 -1
obdef
loc3d
        4.94303858410231              0.67245219021673             45.31371688842773     -1
kind
     26     
    66600          153260     
       12.25000000000000  
 OBS            110
       0.79730132699684
       2.73585878931346
       1.00000000000000
 109 111 -1
obdef
loc3d
        4.94353452184302              0.67563108019985             33.40631103515625     -1
kind
     26     
    66600          153260     
       12.25000000000000  
 OBS            111
      -1.24238497653222
       2.52818231923529
       1.00000000000000
 110 112 -1
obdef
loc3d
        4.94374389829480              0.67833415521310             29.86422538757324     -1
kind
     26     
    66600          153260     
       12.25000000000000  
 OBS            112
       1.62835865288644
       1.85963871032710
       1.00000000000000
 111 113 -1
obdef
loc3d
        4.94273365028682              0.68737244152012            176.80966186523440     -1
kind
     26     
    66600          153260     
       12.25000000000000  
 OBS            113
       0.20388789676557
       1.91202635996782
       1.00000000000000
 112 114 -1
obdef
loc3d
        4.92701506510552              0.68724654189208            235.55827331542969     -1
kind
     26     
    66600          153260     
       12.25000000000000  
 OBS            114
       1.27857958082192
       2.89861668302907
       1.00000000000000
 113 115 -1
obdef
loc3d
        4.93770287749180              0.68559892863867            149.84144592285159     -1
kind
     26     
    66600          153260     
       12.25000000000000  
 OBS            115
      -3.16908141791899
      -0.18505939562533
       1.00000000000000
 114 116 -1
obdef
loc3d
        4.92849072850511              0.69275166570057            196.64169311523440     -1
kind
     26     
    66600          153260     
       12.25000000000000  
 OBS            116
       3.98421954988263
       3.22790257977598
       1.00000000000000
 115 117 -1
obdef
loc3d
        4.94704606827608              0.66890083993760             30.00000000000000     -1
kind
     26     
    66600          153260     
       12.25000000000000  
 OBS            117
       4.02559934915497
       0.15638560416774
       1.00000000000000
 116 118 -1
obdef
loc3d
        4.93215285315783              0.69272179551745            405.54205322265619     -1
kind
     26     
    66600          153260     
       12.25000000000000  
 OBS            118
      -7.23468565129264
       2.03127573858968
       1.00000000000000
 117 119 -1
obdef
loc3d
        4.93041137291484              0.68610286792166             95.01055908203125     -1
kind
     26     
    66600          153260     
       12.25000000000000  
 OBS            119
       6.46016959604317
       2.85285349714499
       1.00000000000000
 118 120 -1
obdef
loc3d
        4.94340662813579              0.66912283370227             30.00000000000000     -1
kind
     26     
    66600          153260     
       12.25000000000000  
 OBS            120
      -3.45446270288177
      -1.15342982460983
       1.00000000000000
 119 121 -1
obdef
loc3d
        4.94246051140049              0.69284522685509            232.15176391601560     -1
kind
     26     
    66600          153260     
       12.25000000000000  
 OBS            121
      -9.90534136906465
      -4.24060957938636
       1.00000000000000
 120 122 -1
obdef
loc3d
        4.94897278262263              0.68784055253573             58.60614395141602     -1
kind
     26     
    66600          153260     
       12.25000000000000  
 OBS            122
       8.91660426812923
       2.10557524108128
       1.00000000000000
 121 123 -1
obdef
loc3d
        4.94541527617556              0.68071005727643             33.77826690673828     -1
kind
     26     
    66600          153260     
       12.25000000000000  
 OBS            123
       0.44227491101543
       2.12895308286365
       1.00000000000000
 122 124 -1
obdef
loc3d
        4.93748800785195              0.67296050504062             44.45593643188477     -1
kind
     26     
    66600          153260     
       12.25000000000000  
 OBS            124
       1.03642419126775
      -0.25057123223613
       1.00000000000000
 123 125 -1
obdef
loc3d
        4.93696530791536              0.69256666762304            156.90283203125000     -1
kind
     26     
    66600          153260     
       12.25000000000000  
 OBS            125
       2.12028610747926
       0.92374194802050
       1.00000000000000
 124 126 -1
obdef
loc3d
        4.92145179475246              0.69276808226809            165.77503967285159     -1
kind
     26     
    66600          153260     
       12.25000000000000  
 OBS            126
       4.41972846095421
       3.23046738428521
       1.00000000000000
 125 127 -1
obdef
loc3d
        4.93950672299123              0.68813471885857            177.40441894531250     -1
kind
     26     
    66600          153260     
       12.25000000000000  
 OBS            127
      -0.71625444331301
       1.50971071240978
       1.00000000000000
 126 128 -1
obdef
loc3d
        4.93611382531472              0.68823817566222            173.73840332031250     -1
kind
     26     
    66600          153260     
       12.25000000000000  
 OBS            128
       4.68664481223957
       0.42406339358349
       1.00000000000000
 127 129 -1
obdef
loc3d
        4.94685988234341              0.69028594514941            170.37097167968750     -1
kind
     26     
    66600          153260     
       12.25000000000000  
 OBS            129
       2.30811318999916
       0.64211931200294
       1.00000000000000
 128 130 -1
obdef
loc3d
        4.93440797857224              0.69076858072881            137.08886718750000     -1
kind
     26     
    66600          153260     
       12.25000000000000  
 OBS            130
       4.49649198957519
       2.38742062977882
       1.00000000000000
 129 131 -1
obdef
loc3d
        4.93397023736678              0.68569719666510            120.48287200927730     -1
kind
     26     
    66600          153260     
       12.25000000000000  
 OBS            131
       2.52411030852469
       1.21981702945114
       1.00000000000000
 130 132 -1
obdef
loc3d
        4.96098036034072              0.67790128169477             17.24609375000000     -1
kind
     26     
    66600          153260     
       12.25000000000000  
 OBS            132
       1.11087804705619
       1.63754788584483
       1.00000000000000
 131 133 -1
obdef
loc3d
        4.95746178551042              0.68576241061300             17.20619201660156     -1
kind
     26     
    66600          153260     
       12.25000000000000  
 OBS            133
       0.71647574207905
       4.62745827791810
       1.00000000000000
 132 134 -1
obdef
loc3d
        4.96821528454312              0.66626811336639              8.93466186523438     -1
kind
     26     
    66600          153260     
       12.25000000000000  
 OBS            134
       0.89073674448828
       0.48999968962186
       1.00000000000000
 133 135 -1
obdef
loc3d
        4.95821139545160              0.68356985009176             15.00000000000000     -1
kind
     26     
    66600          153260     
       12.25000000000000  
 OBS            135
      -2.38253387968804
       4.23336754644851
       1.00000000000000
 134 136 -1
obdef
loc3d
        4.95929084301108              0.67289450711582              9.91464328765869     -1
kind
     26     
    66600          153260     
       12.25000000000000  
 OBS            136
       4.48627367916418
       4.00460592994306
       1.00000000000000
 135 137 -1
obdef
loc3d
        4.95884231318174              0.67566319569297             12.79061889648438     -1
kind
     26     
    66600          153260     
       12.25000000000000  
 OBS            137
       4.52841218269223
       0.49823776274630
       1.00000000000000
 136 138 -1
obdef
loc3d
        4.96068172506451              0.68176493518182             14.00000000000000     -1
kind
     26     
    66600          153260     
       12.25000000000000  
 OBS            138
       7.93107422723799
       4.69693027650055
       1.00000000000000
 137 139 -1
obdef
loc3d
        4.96044430349621              0.68522255501691             15.00000000000000     -1
kind
     26     
    66600          153260     
       12.25000000000000  
 OBS            139
       5.29983301881475
       0.89014094651721
       1.00000000000000
 138 140 -1
obdef
loc3d
        4.95653505007277              0.68174821287482             15.07347202301025     -1
kind
     26     
    66600          153260     
       12.25000000000000  
 OBS            140
       4.59683869425123
       4.33433170968327
       1.00000000000000
 139 141 -1
obdef
loc3d
        4.96521948188739              0.66389255790081              6.10258388519287     -1
kind
     26     
    66600          153260     
       12.25000000000000  
 OBS            141
       7.25636000267633
       4.35151898573392
       1.00000000000000
 140 142 -1
obdef
loc3d
        4.96720461139216              0.67033432936439             12.91210937500000     -1
kind
     26     
    66600          153260     
       12.25000000000000  
 OBS            142
      -0.76193595794359
      -2.37606713733335
       1.00000000000000
 141 143 -1
obdef
loc3d
        4.96018888249816              0.68814255256013             15.00000000000000     -1
kind
     26     
    66600          153260     
       12.25000000000000  
 OBS            143
       1.46788388389031
       0.15343260667908
       1.00000000000000
 142 144 -1
obdef
loc3d
        4.95410557213704              0.69029785801799             54.42578125000000     -1
kind
     26     
    66600          153260     
       12.25000000000000  
 OBS            144
       4.85157664060465
       1.09363600489396
       1.00000000000000
 143 145 -1
obdef
loc3d
        4.95508230192316              0.68705689194968              9.08530712127686     -1
kind
     26     
    66600          153260     
       12.25000000000000  
 OBS            145
       0.12180657633698
      -1.12330446190728
       1.00000000000000
 144 146 -1
obdef
loc3d
        4.89659470219302              0.68517541625982            824.84875488281250     -1
kind
     26     
    66600          153260     
       12.25000000000000  
 OBS            146
      -1.63059457122139
       0.26756001051046
       1.00000000000000
 145 147 -1
obdef
loc3d
        4.89719607397323              0.69286120068011            493.76440429687500     -1
kind
     26     
    66600          153260     
       12.25000000000000  
 OBS            147
       1.48471050080070
       0.80430551906563
       1.00000000000000
 146 148 -1
obdef
loc3d
        4.91562721585699              0.69268557315466            290.85858154296881     -1
kind
     26     
    66600          153260     
       12.25000000000000  
 OBS            148
      -0.41813882079555
       0.35700084658396
       1.00000000000000
 147 149 -1
obdef
loc3d
        4.89650463462054              0.68965598658767            806.96582031250000     -1
kind
     26     
    66600          153260     
       12.25000000000000  
 OBS            149
      -1.06026548260342
       1.44684703727352
       1.00000000000000
 148 150 -1
obdef
loc3d
        4.90117724149658              0.69117926561099            769.23168945312500     -1
kind
     26     
    66600          153260     
       12.25000000000000  
 OBS            150
       0.35450426872823
       2.10381333996026
       1.00000000000000
 149 151 -1
obdef
loc3d
        4.91058697772938              0.69047364022544            228.45222473144531     -1
kind
     26     
    66600          153260     
       12.25000000000000  
 OBS            151
     305.74039698005618
     305.62813119282703
       1.00000000000000
 150 152 -1
obdef
loc3d
        4.90540352515539              0.69194112440599            606.33142089843750     -1
kind
     27     
    66600          153260     
        6.25000000000000  
 OBS            152
     306.62297895984551
     306.80744450687098
       1.00000000000000
 151 153 -1
obdef
loc3d
        4.94546412681761              0.68348353984884             17.75631332397461     -1
kind
     27     
    66600          153260     
        6.25000000000000  
 OBS            153
     304.33981479341662
     304.29672263244402
       1.00000000000000
 152 154 -1
obdef
loc3d
        4.94660974174000              0.67744857875853             29.35406684875488     -1
kind
     27     
    66600          153260     
        6.25000000000000  
 OBS            154
     306.45208063356154
     306.11792449183503
       1.00000000000000
 153 155 -1
obdef
loc3d
        4.94648126630843              0.68652865419204             54.82812500000000     -1
kind
     27     
    66600          153260     
        6.25000000000000  
 OBS            155
     305.75487713831234
     306.52766446669500
       1.00000000000000
 154 156 -1
obdef
loc3d
        4.94445426011379              0.68507566758975             62.61011505126953     -1
kind
     27     
    66600          153260     
        6.25000000000000  
 OBS            156
     307.10125201664943
     305.81939634726803
       1.00000000000000
 155 157 -1
obdef
loc3d
        4.94602055174578              0.68752162087271            134.15721130371091     -1
kind
     27     
    66600          153260     
        6.25000000000000  
 OBS            157
     304.35899697314949
     304.62792406764498
       1.00000000000000
 156 158 -1
obdef
loc3d
        4.94603912728501              0.67254511985829             35.00297546386719     -1
kind
     27     
    66600          153260     
        6.25000000000000  
 OBS            158
     302.46599433982561
     301.42611670017999
       1.00000000000000
 157 159 -1
obdef
loc3d
        4.95877904994953              0.67986585977255             17.04111671447754     -1
kind
     27     
    66600          153260     
        6.25000000000000  
 OBS            159
     307.79576359203912
     307.18340090415302
       1.00000000000000
 158 160 -1
obdef
loc3d
        4.93958042817759              0.69095160998657            226.13127136230469     -1
kind
     27     
    66600          153260     
        6.25000000000000  
 OBS            160
     304.12672457351005
     302.71302341912099
       1.00000000000000
 159 161 -1
obdef
loc3d
        4.95756313665553              0.69181797222864             89.84997558593750     -1
kind
     27     
    66600          153260     
        6.25000000000000  
 OBS            161
     305.80626519172910
     304.60449311110301
       1.00000000000000
 160 162 -1
obdef
loc3d
        4.94078657111844              0.67409210989409             60.81152343750000     -1
kind
     27     
    66600          153260     
        6.25000000000000  
 OBS            162
     306.38793801661393
     306.62223938875701
       1.00000000000000
 161 163 -1
obdef
loc3d
        4.95557846691255              0.67267262139613              1.00000000000000     -1
kind
     27     
    66600          153260     
        6.25000000000000  
 OBS            163
     307.58875399143557
     308.30575192674399
       1.00000000000000
 162 164 -1
obdef
loc3d
        4.93193348448080              0.68856418981073            106.00000000000000     -1
kind
     27     
    66600          153260     
        6.25000000000000  
 OBS            164
     302.24888811242823
     302.70909356256300
       1.00000000000000
 163 165 -1
obdef
loc3d
        4.89970838141578              0.68765245249877            785.09423828125000     -1
kind
     27     
    66600          153260     
        6.25000000000000  
 OBS            165
     299.00837610135193
     298.12897829888198
       1.00000000000000
 164 166 -1
obdef
loc3d
        4.95026814558372              0.68993059237416             93.11567687988281     -1
kind
     27     
    66600          153260     
        6.25000000000000  
 OBS            166
     306.17088233406423
     306.99580247918101
       1.00000000000000
 165 167 -1
obdef
loc3d
        4.94174512165160              0.68484635226999            116.56585693359381     -1
kind
     27     
    66600          153260     
        6.25000000000000  
 OBS            167
     307.53125688323695
     304.83854771430299
       1.00000000000000
 166 168 -1
obdef
loc3d
        4.95420735021482              0.68473663912788             15.00000000000000     -1
kind
     27     
    66600          153260     
        6.25000000000000  
 OBS            168
     306.76382966832153
     306.82503690370697
       1.00000000000000
 167 169 -1
obdef
loc3d
        4.93477042118681              0.68310638816012            118.89588928222661     -1
kind
     27     
    66600          153260     
        6.25000000000000  
 OBS            169
     306.76901390348610
     307.15610753016398
       1.00000000000000
 168 170 -1
obdef
loc3d
        4.93795631029682              0.68276407673392            144.94107055664060     -1
kind
     27     
    66600          153260     
        6.25000000000000  
 OBS            170
     307.57711480262361
     306.30215568512699
       1.00000000000000
 169 171 -1
obdef
loc3d
        4.94001671685736              0.68064929967652             43.67281723022461     -1
kind
     27     
    66600          153260     
        6.25000000000000  
 OBS            171
     298.79637386919643
     299.04886720417602
       1.00000000000000
 170 172 -1
obdef
loc3d
        4.94058460161740              0.67807181314514             70.17810058593750     -1
kind
     27     
    66600          153260     
        6.25000000000000  
 OBS            172
     305.37303984888484
     304.75800960319202
       1.00000000000000
 171 173 -1
obdef
loc3d
        4.95423295419494              0.68033176843505              3.71636104583740     -1
kind
     27     
    66600          153260     
        6.25000000000000  
 OBS            173
     305.03662085739700
     304.06660138028900
       1.00000000000000
 172 174 -1
obdef
loc3d
        4.94926894458696              0.66642585587446             10.91526031494141     -1
kind
     27     
    66600          153260     
        6.25000000000000  
 OBS            174
     306.17910908279725
     305.91598893058801
       1.00000000000000
 173 175 -1
obdef
loc3d
        4.96223480186848              0.66700036066835              5.00000000000000     -1
kind
     27     
    66600          153260     
        6.25000000000000  
 OBS            175
     305.73126814462915
     305.34865804681800
       1.00000000000000
 174 176 -1
obdef
loc3d
        4.95546148971009              0.67729393735082              6.17724800109863     -1
kind
     27     
    66600          153260     
        6.25000000000000  
 OBS            176
     305.16040676896944
     306.13408613517697
       1.00000000000000
 175 177 -1
obdef
loc3d
        4.92652723985629              0.69051382381431            146.04148864746091     -1
kind
     27     
    66600          153260     
        6.25000000000000  
 OBS            177
     304.71918849894035
     304.22302112003598
       1.00000000000000
 176 178 -1
obdef
loc3d
        4.96366005344362              0.66920346185787              6.00000000000000     -1
kind
     27     
    66600          153260     
        6.25000000000000  
 OBS            178
     304.70454657420453
     303.36876996364703
       1.00000000000000
 177 179 -1
obdef
loc3d
        4.97052949833720              0.66907739847133              8.84140872955322     -1
kind
     27     
    66600          153260     
        6.25000000000000  
 OBS            179
     300.28996406302656
     301.00349748425498
       1.00000000000000
 178 180 -1
obdef
loc3d
        4.95245337490985              0.69269329908122            116.45774841308589     -1
kind
     27     
    66600          153260     
        6.25000000000000  
 OBS            180
     303.83420893048333
     304.35766524070999
       1.00000000000000
 179 181 -1
obdef
loc3d
        4.94885353278042              0.69277717633329            144.09075927734381     -1
kind
     27     
    66600          153260     
        6.25000000000000  
 OBS            181
     305.81029050221241
     305.61729415079799
       1.00000000000000
 180 182 -1
obdef
loc3d
        4.94336975041274              0.69009669144632            168.92642211914060     -1
kind
     27     
    66600          153260     
        6.25000000000000  
 OBS            182
     306.52380384324260
     306.76261973248302
       1.00000000000000
 181 183 -1
obdef
loc3d
        4.93556788041953              0.67027828664670             15.00000000000000     -1
kind
     27     
    66600          153260     
        6.25000000000000  
 OBS            183
     304.12102558951904
     305.01301618078099
       1.00000000000000
 182 184 -1
obdef
loc3d
        4.94033180527593              0.67113295277478             15.00000000000000     -1
kind
     27     
    66600          153260     
        6.25000000000000  
 OBS            184
     306.76250748061835
     306.06555729052502
       1.00000000000000
 183 185 -1
obdef
loc3d
        4.94303858410231              0.67245219021673             45.31371688842773     -1
kind
     27     
    66600          153260     
        6.25000000000000  
 OBS            185
     306.00135172481163
     305.38522162429700
       1.00000000000000
 184 186 -1
obdef
loc3d
        4.94353452184302              0.67563108019985             33.40631103515625     -1
kind
     27     
    66600          153260     
        6.25000000000000  
 OBS            186
     304.13648566701960
     304.10905260328298
       1.00000000000000
 185 187 -1
obdef
loc3d
        4.94374389829480              0.67833415521310             29.86422538757324     -1
kind
     27     
    66600          153260     
        6.25000000000000  
 OBS            187
     304.02325702267029
     305.31946391606999
       1.00000000000000
 186 188 -1
obdef
loc3d
        4.94273365028682              0.68737244152012            176.80966186523440     -1
kind
     27     
    66600          153260     
        6.25000000000000  
 OBS            188
     304.76787929231102
     305.14363128170203
       1.00000000000000
 187 189 -1
obdef
loc3d
        4.92701506510552              0.68724654189208            235.55827331542969     -1
kind
     27     
    66600          153260     
        6.25000000000000  
 OBS            189
     305.86553842845865
     306.78652723452001
       1.00000000000000
 188 190 -1
obdef
loc3d
        4.93770287749180              0.68559892863867            149.84144592285159     -1
kind
     27     
    66600          153260     
        6.25000000000000  
 OBS            190
     305.73430334494299
     307.67552645960598
       1.00000000000000
 189 191 -1
obdef
loc3d
        4.92849072850511              0.69275166570057            196.64169311523440     -1
kind
     27     
    66600          153260     
        6.25000000000000  
 OBS            191
     304.22090943618463
     306.12251861120302
       1.00000000000000
 190 192 -1
obdef
loc3d
        4.94704606827608              0.66890083993760             30.00000000000000     -1
kind
     27     
    66600          153260     
        6.25000000000000  
 OBS            192
     306.96875357464597
     305.49486554810198
       1.00000000000000
 191 193 -1
obdef
loc3d
        4.93215285315783              0.69272179551745            405.54205322265619     -1
kind
     27     
    66600          153260     
        6.25000000000000  
 OBS            193
     305.98380499143047
     306.86003001411899
       1.00000000000000
 192 194 -1
obdef
loc3d
        4.93041137291484              0.68610286792166             95.01055908203125     -1
kind
     27     
    66600          153260     
        6.25000000000000  
 OBS            194
     305.76613618401791
     305.72123775804499
       1.00000000000000
 193 195 -1
obdef
loc3d
        4.94340662813579              0.66912283370227             30.00000000000000     -1
kind
     27     
    66600          153260     
        6.25000000000000  
 OBS            195
     305.88990854453471
     305.52163441871801
       1.00000000000000
 194 196 -1
obdef
loc3d
        4.94246051140049              0.69284522685509            232.15176391601560     -1
kind
     27     
    66600          153260     
        6.25000000000000  
 OBS            196
     304.23354123330239
     302.92119298773201
       1.00000000000000
 195 197 -1
obdef
loc3d
        4.94897278262263              0.68784055253573             58.60614395141602     -1
kind
     27     
    66600          153260     
        6.25000000000000  
 OBS            197
     307.08172345522883
     305.59132060790199
       1.00000000000000
 196 198 -1
obdef
loc3d
        4.94541527617556              0.68071005727643             33.77826690673828     -1
kind
     27     
    66600          153260     
        6.25000000000000  
 OBS            198
     305.35441411877946
     306.27725961767698
       1.00000000000000
 197 199 -1
obdef
loc3d
        4.93748800785195              0.67296050504062             44.45593643188477     -1
kind
     27     
    66600          153260     
        6.25000000000000  
 OBS            199
     308.62803052736729
     307.96886106342902
       1.00000000000000
 198 200 -1
obdef
loc3d
        4.93696530791536              0.69256666762304            156.90283203125000     -1
kind
     27     
    66600          153260     
        6.25000000000000  
 OBS            200
     307.43294201657523
     308.02241724577300
       1.00000000000000
 199 201 -1
obdef
loc3d
        4.92145179475246              0.69276808226809            165.77503967285159     -1
kind
     27     
    66600          153260     
        6.25000000000000  
 OBS            201
     306.82203688871277
     306.73604016977998
       1.00000000000000
 200 202 -1
obdef
loc3d
        4.93950672299123              0.68813471885857            177.40441894531250     -1
kind
     27     
    66600          153260     
        6.25000000000000  
 OBS            202
     304.12288775592435
     305.12392469065401
       1.00000000000000
 201 203 -1
obdef
loc3d
        4.93611382531472              0.68823817566222            173.73840332031250     -1
kind
     27     
    66600          153260     
        6.25000000000000  
 OBS            203
     301.50523029447618
     300.66648696774098
       1.00000000000000
 202 204 -1
obdef
loc3d
        4.94685988234341              0.69028594514941            170.37097167968750     -1
kind
     27     
    66600          153260     
        6.25000000000000  
 OBS            204
     307.02552840374580
     308.13223327672802
       1.00000000000000
 203 205 -1
obdef
loc3d
        4.93440797857224              0.69076858072881            137.08886718750000     -1
kind
     27     
    66600          153260     
        6.25000000000000  
 OBS            205
     306.65087461978948
     307.74424341354899
       1.00000000000000
 204 206 -1
obdef
loc3d
        4.93397023736678              0.68569719666510            120.48287200927730     -1
kind
     27     
    66600          153260     
        6.25000000000000  
 OBS            206
     303.05202995092901
     302.30253098125002
       1.00000000000000
 205 207 -1
obdef
loc3d
        4.96098036034072              0.67790128169477             17.24609375000000     -1
kind
     27     
    66600          153260     
        6.25000000000000  
 OBS            207
     306.59061845327807
     305.51115390751801
       1.00000000000000
 206 208 -1
obdef
loc3d
        4.95746178551042              0.68576241061300             17.20619201660156     -1
kind
     27     
    66600          153260     
        6.25000000000000  
 OBS            208
     304.59562912332541
     304.16867543721298
       1.00000000000000
 207 209 -1
obdef
loc3d
        4.96821528454312              0.66626811336639              8.93466186523438     -1
kind
     27     
    66600          153260     
        6.25000000000000  
 OBS            209
     307.00392912630309
     305.85960727400601
       1.00000000000000
 208 210 -1
obdef
loc3d
        4.95821139545160              0.68356985009176             15.00000000000000     -1
kind
     27     
    66600          153260     
        6.25000000000000  
 OBS            210
     307.55127703926394
     306.76753166404001
       1.00000000000000
 209 211 -1
obdef
loc3d
        4.95929084301108              0.67289450711582              9.91464328765869     -1
kind
     27     
    66600          153260     
        6.25000000000000  
 OBS            211
     306.73769775546452
     305.89564187382200
       1.00000000000000
 210 212 -1
obdef
loc3d
        4.95884231318174              0.67566319569297             12.79061889648438     -1
kind
     27     
    66600          153260     
        6.25000000000000  
 OBS            212
     304.57788371917746
     304.24630747680402
       1.00000000000000
 211 213 -1
obdef
loc3d
        4.96068172506451              0.68176493518182             14.00000000000000     -1
kind
     27     
    66600          153260     
        6.25000000000000  
 OBS            213
     301.12587890228400
     301.12277984587200
       1.00000000000000
 212 214 -1
obdef
loc3d
        4.96044430349621              0.68522255501691             15.00000000000000     -1
kind
     27     
    66600          153260     
        6.25000000000000  
 OBS            214
     306.34595386645378
     305.45390276481902
       1.00000000000000
 213 215 -1
obdef
loc3d
        4.95653505007277              0.68174821287482             15.07347202301025     -1
kind
     27     
    66600          153260     
        6.25000000000000  
 OBS            215
     305.16169292148851
     304.94841305142597
       1.00000000000000
 214 216 -1
obdef
loc3d
        4.96521948188739              0.66389255790081              6.10258388519287     -1
kind
     27     
    66600          153260     
        6.25000000000000  
 OBS            216
     304.80285321625820
     305.89178356585398
       1.00000000000000
 215 217 -1
obdef
loc3d
        4.96720461139216              0.67033432936439             12.91210937500000     -1
kind
     27     
    66600          153260     
        6.25000000000000  
 OBS            217
     300.71575371696230
     302.27679469767497
       1.00000000000000
 216 218 -1
obdef
loc3d
        4.96018888249816              0.68814255256013             15.00000000000000     -1
kind
     27     
    66600          153260     
        6.25000000000000  
 OBS            218
     302.07495580595867
     300.97055169925397
       1.00000000000000
 217 219 -1
obdef
loc3d
        4.95410557213704              0.69029785801799             54.42578125000000     -1
kind
     27     
    66600          153260     
        6.25000000000000  
 OBS            219
     304.47483208228147
     304.09871980872401
       1.00000000000000
 218 220 -1
obdef
loc3d
        4.95508230192316              0.68705689194968              9.08530712127686     -1
kind
     27     
    66600          153260     
        6.25000000000000  
 OBS            220
     301.87273686775529
     301.40325285924098
       1.00000000000000
 219 221 -1
obdef
loc3d
        4.89659470219302              0.68517541625982            824.84875488281250     -1
kind
     27     
    66600          153260     
        6.25000000000000  
 OBS            221
     302.88743591958587
     303.94921618883501
       1.00000000000000
 220 222 -1
obdef
loc3d
        4.89719607397323              0.69286120068011            493.76440429687500     -1
kind
     27     
    66600          153260     
        6.25000000000000  
 OBS            222
     306.36070167323015
     305.15807221423103
       1.00000000000000
 221 223 -1
obdef
loc3d
        4.91562721585699              0.69268557315466            290.85858154296881     -1
kind
     27     
    66600          153260     
        6.25000000000000  
 OBS            223
     299.99626632901931
     301.34231137276402
       1.00000000000000
 222 224 -1
obdef
loc3d
        4.89650463462054              0.68965598658767            806.96582031250000     -1
kind
     27     
    66600          153260     
        6.25000000000000  
 OBS            224
     303.55696720160012
     302.70415084335502
       1.00000000000000
 223 225 -1
obdef
loc3d
        4.90117724149658              0.69117926561099            769.23168945312500     -1
kind
     27     
    66600          153260     
        6.25000000000000  
 OBS            225
     307.45306357762797
     307.79314232604798
       1.00000000000000
 224 -1 -1
obdef
loc3d
        4.91058697772938              0.69047364022544            228.45222473144531     -1
kind
     27     
    66600          153260     
        6.25000000000000  
