 obs_sequence
obs_kind_definitions
       3
    25          LAND_SFC_U_WIND_COMPONENT   
    26          LAND_SFC_V_WIND_COMPONENT   
    27          LAND_SFC_TEMPERATURE   
  num_copies:            2  num_qc:            1
 num_obs:       225  max_num_obs:       225
observations
truth
QC radar
  first:            1  last:       225
 OBS            1
      -0.18701181347664
       2.24384076350226
       1.00000000000000
 -1 2 -1
obdef
loc3d
        4.90540352515539              0.69194112440599            606.33142089843750     -1
kind
     25     
    3600          153283     
       12.25000000000000  
 OBS            2
       1.61372822199699
       1.59549878610662
       1.00000000000000
 1 3 -1
obdef
loc3d
        4.94546412681761              0.68348353984884             17.75631332397461     -1
kind
     25     
    3600          153283     
       12.25000000000000  
 OBS            3
       1.12145995331599
       1.43162619376856
       1.00000000000000
 2 4 -1
obdef
loc3d
        4.94660974174000              0.67744857875853             29.35406684875488     -1
kind
     25     
    3600          153283     
       12.25000000000000  
 OBS            4
      -0.27139402077985
       0.75933551479378
       1.00000000000000
 3 5 -1
obdef
loc3d
        4.94648126630843              0.68652865419204             54.82812500000000     -1
kind
     25     
    3600          153283     
       12.25000000000000  
 OBS            5
       0.68816712486797
       1.51363631911562
       1.00000000000000
 4 6 -1
obdef
loc3d
        4.94445426011379              0.68507566758975             62.61011505126953     -1
kind
     25     
    3600          153283     
       12.25000000000000  
 OBS            6
       3.60034697074949
       1.40419296982821
       1.00000000000000
 5 7 -1
obdef
loc3d
        4.94602055174578              0.68752162087271            134.15721130371091     -1
kind
     25     
    3600          153283     
       12.25000000000000  
 OBS            7
       0.44845876905453
       2.03637245700226
       1.00000000000000
 6 8 -1
obdef
loc3d
        4.94603912728501              0.67254511985829             35.00297546386719     -1
kind
     25     
    3600          153283     
       12.25000000000000  
 OBS            8
       5.31609039933857
       2.09215773102526
       1.00000000000000
 7 9 -1
obdef
loc3d
        4.95877904994953              0.67986585977255             17.04111671447754     -1
kind
     25     
    3600          153283     
       12.25000000000000  
 OBS            9
       2.12581781516804
       3.86128867605311
       1.00000000000000
 8 10 -1
obdef
loc3d
        4.93958042817759              0.69095160998657            226.13127136230469     -1
kind
     25     
    3600          153283     
       12.25000000000000  
 OBS            10
       5.68782681803869
       2.74837759265712
       1.00000000000000
 9 11 -1
obdef
loc3d
        4.95756313665553              0.69181797222864             89.84997558593750     -1
kind
     25     
    3600          153283     
       12.25000000000000  
 OBS            11
      -5.28188116587372
       1.44180085995968
       1.00000000000000
 10 12 -1
obdef
loc3d
        4.94078657111844              0.67409210989409             60.81152343750000     -1
kind
     25     
    3600          153283     
       12.25000000000000  
 OBS            12
       2.56723784594681
       2.70471575788942
       1.00000000000000
 11 13 -1
obdef
loc3d
        4.95557846691255              0.67267262139613              1.00000000000000     -1
kind
     25     
    3600          153283     
       12.25000000000000  
 OBS            13
       0.80428455242847
       3.29408613980717
       1.00000000000000
 12 14 -1
obdef
loc3d
        4.93193348448080              0.68856418981073            106.00000000000000     -1
kind
     25     
    3600          153283     
       12.25000000000000  
 OBS            14
       4.15376623783018
       4.56290994234837
       1.00000000000000
 13 15 -1
obdef
loc3d
        4.89970838141578              0.68765245249877            785.09423828125000     -1
kind
     25     
    3600          153283     
       12.25000000000000  
 OBS            15
       2.48037654528964
       2.21226963399950
       1.00000000000000
 14 16 -1
obdef
loc3d
        4.95026814558372              0.68993059237416             93.11567687988281     -1
kind
     25     
    3600          153283     
       12.25000000000000  
 OBS            16
       4.74473164146101
       3.69457257695158
       1.00000000000000
 15 17 -1
obdef
loc3d
        4.94174512165160              0.68484635226999            116.56585693359381     -1
kind
     25     
    3600          153283     
       12.25000000000000  
 OBS            17
       4.89018587269164
       2.47979976982721
       1.00000000000000
 16 18 -1
obdef
loc3d
        4.95420735021482              0.68473663912788             15.00000000000000     -1
kind
     25     
    3600          153283     
       12.25000000000000  
 OBS            18
       2.32298105430696
       2.50708081025746
       1.00000000000000
 17 19 -1
obdef
loc3d
        4.93477042118681              0.68310638816012            118.89588928222661     -1
kind
     25     
    3600          153283     
       12.25000000000000  
 OBS            19
       0.17178380838236
       3.49986361532728
       1.00000000000000
 18 20 -1
obdef
loc3d
        4.93795631029682              0.68276407673392            144.94107055664060     -1
kind
     25     
    3600          153283     
       12.25000000000000  
 OBS            20
       0.77371546504883
       1.30120851729360
       1.00000000000000
 19 21 -1
obdef
loc3d
        4.94001671685736              0.68064929967652             43.67281723022461     -1
kind
     25     
    3600          153283     
       12.25000000000000  
 OBS            21
      -0.81732299579627
       0.73884812988001
       1.00000000000000
 20 22 -1
obdef
loc3d
        4.94058460161740              0.67807181314514             70.17810058593750     -1
kind
     25     
    3600          153283     
       12.25000000000000  
 OBS            22
       1.28644464023989
       4.42949065702636
       1.00000000000000
 21 23 -1
obdef
loc3d
        4.95423295419494              0.68033176843505              3.71636104583740     -1
kind
     25     
    3600          153283     
       12.25000000000000  
 OBS            23
       1.90452735997299
       2.57446430437342
       1.00000000000000
 22 24 -1
obdef
loc3d
        4.94926894458696              0.66642585587446             10.91526031494141     -1
kind
     25     
    3600          153283     
       12.25000000000000  
 OBS            24
       3.64584561862875
       0.89212774750406
       1.00000000000000
 23 25 -1
obdef
loc3d
        4.96223480186848              0.66700036066835              5.00000000000000     -1
kind
     25     
    3600          153283     
       12.25000000000000  
 OBS            25
       3.86687210254624
       3.87351845468204
       1.00000000000000
 24 26 -1
obdef
loc3d
        4.95546148971009              0.67729393735082              6.17724800109863     -1
kind
     25     
    3600          153283     
       12.25000000000000  
 OBS            26
       6.55050430790151
       1.35167019789034
       1.00000000000000
 25 27 -1
obdef
loc3d
        4.92652723985629              0.69051382381431            146.04148864746091     -1
kind
     25     
    3600          153283     
       12.25000000000000  
 OBS            27
       0.40996629974058
       0.23363530028855
       1.00000000000000
 26 28 -1
obdef
loc3d
        4.96366005344362              0.66920346185787              6.00000000000000     -1
kind
     25     
    3600          153283     
       12.25000000000000  
 OBS            28
       1.76578046336187
       0.71241718593229
       1.00000000000000
 27 29 -1
obdef
loc3d
        4.97052949833720              0.66907739847133              8.84140872955322     -1
kind
     25     
    3600          153283     
       12.25000000000000  
 OBS            29
       1.14862194718660
       2.46434459994160
       1.00000000000000
 28 30 -1
obdef
loc3d
        4.93727739535368              0.69277976810143            187.24655151367190     -1
kind
     25     
    3600          153283     
       12.25000000000000  
 OBS            30
      -6.24332192540618
       0.72797334579890
       1.00000000000000
 29 31 -1
obdef
loc3d
        4.94575592838423              0.68143846111579             35.01654815673828     -1
kind
     25     
    3600          153283     
       12.25000000000000  
 OBS            31
       7.16075394135407
       3.88990048987628
       1.00000000000000
 30 32 -1
obdef
loc3d
        4.93184075890513              0.68784163962489             92.58054351806641     -1
kind
     25     
    3600          153283     
       12.25000000000000  
 OBS            32
       4.25127505537235
       2.54708161980439
       1.00000000000000
 31 33 -1
obdef
loc3d
        4.94081711590956              0.68854862967758            162.55853271484381     -1
kind
     25     
    3600          153283     
       12.25000000000000  
 OBS            33
      -2.54209808282512
       0.80378078371451
       1.00000000000000
 32 34 -1
obdef
loc3d
        4.94249854456299              0.67650785339572             60.39866638183594     -1
kind
     25     
    3600          153283     
       12.25000000000000  
 OBS            34
       1.01202409521299
       1.49572919098653
       1.00000000000000
 33 35 -1
obdef
loc3d
        4.93162931041089              0.68282844530430             93.04485321044922     -1
kind
     25     
    3600          153283     
       12.25000000000000  
 OBS            35
       3.70736808178288
       1.13434338384247
       1.00000000000000
 34 36 -1
obdef
loc3d
        4.93293180012842              0.69147876068069            106.50605773925780     -1
kind
     25     
    3600          153283     
       12.25000000000000  
 OBS            36
       1.43831203271655
       0.57569172306820
       1.00000000000000
 35 37 -1
obdef
loc3d
        4.94231542915734              0.67925336633936             45.80761718750000     -1
kind
     25     
    3600          153283     
       12.25000000000000  
 OBS            37
       2.93819788399527
       3.03461373073901
       1.00000000000000
 36 38 -1
obdef
loc3d
        4.94267046375275              0.67009027494016             28.73577499389648     -1
kind
     25     
    3600          153283     
       12.25000000000000  
 OBS            38
       1.46759462234524
      -0.27672045414515
       1.00000000000000
 37 39 -1
obdef
loc3d
        4.95301390972552              0.69283749825579             93.74549102783203     -1
kind
     25     
    3600          153283     
       12.25000000000000  
 OBS            39
       2.01017714490055
       1.18029600575589
       1.00000000000000
 38 40 -1
obdef
loc3d
        4.93993476658470              0.67588412939320             29.35707092285156     -1
kind
     25     
    3600          153283     
       12.25000000000000  
 OBS            40
       1.62805478220593
       2.06879944798240
       1.00000000000000
 39 41 -1
obdef
loc3d
        4.93755681423869              0.67212761520231             23.80049896240234     -1
kind
     25     
    3600          153283     
       12.25000000000000  
 OBS            41
       1.21939137458472
       3.57814961037570
       1.00000000000000
 40 42 -1
obdef
loc3d
        4.93524778363115              0.68687961042640            201.53530883789060     -1
kind
     25     
    3600          153283     
       12.25000000000000  
 OBS            42
      -2.09151467667512
       1.47296631696684
       1.00000000000000
 41 43 -1
obdef
loc3d
        4.94487715611266              0.69284945127485            184.54177856445310     -1
kind
     25     
    3600          153283     
       12.25000000000000  
 OBS            43
       6.23528166228498
       2.78511854627721
       1.00000000000000
 42 44 -1
obdef
loc3d
        4.93574679201688              0.68074234291388             92.12267303466797     -1
kind
     25     
    3600          153283     
       12.25000000000000  
 OBS            44
       2.38800002369614
       3.97255986413448
       1.00000000000000
 43 45 -1
obdef
loc3d
        4.93948311897746              0.68677523412020            143.54531860351560     -1
kind
     25     
    3600          153283     
       12.25000000000000  
 OBS            45
       4.54016083538750
       4.73136109903781
       1.00000000000000
 44 46 -1
obdef
loc3d
        4.93535147134114              0.68874818734546            154.91955566406250     -1
kind
     25     
    3600          153283     
       12.25000000000000  
 OBS            46
       2.29906252807813
       1.63608275721207
       1.00000000000000
 45 47 -1
obdef
loc3d
        4.93998720508067              0.67099618858999             15.00000000000000     -1
kind
     25     
    3600          153283     
       12.25000000000000  
 OBS            47
       4.65377950840291
       3.71483760164637
       1.00000000000000
 46 48 -1
obdef
loc3d
        4.95377154670010              0.68841616298427              1.00000000000000     -1
kind
     25     
    3600          153283     
       12.25000000000000  
 OBS            48
      -0.56987866226655
       0.73895387273098
       1.00000000000000
 47 49 -1
obdef
loc3d
        4.94369600674710              0.67424831199146             56.55799865722656     -1
kind
     25     
    3600          153283     
       12.25000000000000  
 OBS            49
      -2.76180763432237
       0.26746209304394
       1.00000000000000
 48 50 -1
obdef
loc3d
        4.94554915949750              0.67592825057405             27.37830162048340     -1
kind
     25     
    3600          153283     
       12.25000000000000  
 OBS            50
       8.38459760018975
       4.08247135699714
       1.00000000000000
 49 51 -1
obdef
loc3d
        4.93817225910204              0.68863985936718            220.11502075195310     -1
kind
     25     
    3600          153283     
       12.25000000000000  
 OBS            51
       9.04415515531410
       4.00703221712779
       1.00000000000000
 50 52 -1
obdef
loc3d
        4.94679227765370              0.67424304503817             25.38815879821777     -1
kind
     25     
    3600          153283     
       12.25000000000000  
 OBS            52
       2.08090250711714
       0.48364798324796
       1.00000000000000
 51 53 -1
obdef
loc3d
        4.93825175772606              0.67415674930066             45.00000000000000     -1
kind
     25     
    3600          153283     
       12.25000000000000  
 OBS            53
       7.32549185916524
       3.86175885641542
       1.00000000000000
 52 54 -1
obdef
loc3d
        4.94311892630401              0.68721450203000            155.69055175781250     -1
kind
     25     
    3600          153283     
       12.25000000000000  
 OBS            54
      -2.74105922342761
       0.94541156019041
       1.00000000000000
 53 55 -1
obdef
loc3d
        4.94449382724881              0.67792071808206             14.15527343750000     -1
kind
     25     
    3600          153283     
       12.25000000000000  
 OBS            55
       3.95930921977986
       3.97114694767505
       1.00000000000000
 54 56 -1
obdef
loc3d
        4.94565692959859              0.66987151098961             30.00000000000000     -1
kind
     25     
    3600          153283     
       12.25000000000000  
 OBS            56
      -2.84902434779959
       3.49926541385463
       1.00000000000000
 55 57 -1
obdef
loc3d
        4.93623940611723              0.68485115788194            160.48159790039060     -1
kind
     25     
    3600          153283     
       12.25000000000000  
 OBS            57
       5.32156126182621
       3.14953875103890
       1.00000000000000
 56 58 -1
obdef
loc3d
        4.93207688179052              0.69191340558627            266.88421630859381     -1
kind
     25     
    3600          153283     
       12.25000000000000  
 OBS            58
       2.19476646390990
       2.62368200091765
       1.00000000000000
 57 59 -1
obdef
loc3d
        4.94337184525690              0.69048472086632            168.92642211914060     -1
kind
     25     
    3600          153283     
       12.25000000000000  
 OBS            59
       5.25601886498118
       5.25207922906929
       1.00000000000000
 58 60 -1
obdef
loc3d
        4.93083275656657              0.69156409584246            530.37139892578125     -1
kind
     25     
    3600          153283     
       12.25000000000000  
 OBS            60
       3.15341443694342
       0.86331638727808
       1.00000000000000
 59 61 -1
obdef
loc3d
        4.93576715774405              0.67026358084744             15.00000000000000     -1
kind
     25     
    3600          153283     
       12.25000000000000  
 OBS            61
       3.37300366785176
       2.58983186380525
       1.00000000000000
 60 62 -1
obdef
loc3d
        4.94676264345478              0.69035499858378            170.37097167968750     -1
kind
     25     
    3600          153283     
       12.25000000000000  
 OBS            62
       6.41583541816184
       3.81621613106114
       1.00000000000000
 61 63 -1
obdef
loc3d
        4.94046883892718              0.69230960363225            232.29916381835940     -1
kind
     25     
    3600          153283     
       12.25000000000000  
 OBS            63
       3.51600274158765
       2.74449441490323
       1.00000000000000
 62 64 -1
obdef
loc3d
        4.94668005348904              0.66792517272334             30.00000000000000     -1
kind
     25     
    3600          153283     
       12.25000000000000  
 OBS            64
       9.07117027787617
       5.81568751278868
       1.00000000000000
 63 65 -1
obdef
loc3d
        4.93142664351951              0.69067116425814            352.18109130859381     -1
kind
     25     
    3600          153283     
       12.25000000000000  
 OBS            65
       3.81612858229821
      -0.39994794264097
       1.00000000000000
 64 66 -1
obdef
loc3d
        4.93315860158957              0.69236546390432            148.09797668457031     -1
kind
     25     
    3600          153283     
       12.25000000000000  
 OBS            66
       0.51729754119084
       1.14514375171656
       1.00000000000000
 65 67 -1
obdef
loc3d
        4.94330474517536              0.68101851702487             28.94674682617188     -1
kind
     25     
    3600          153283     
       12.25000000000000  
 OBS            67
       0.55128814113310
       3.11190799537033
       1.00000000000000
 66 68 -1
obdef
loc3d
        4.93900329796962              0.68465687192145            135.10733032226560     -1
kind
     25     
    3600          153283     
       12.25000000000000  
 OBS            68
       0.08220051630368
       4.14475011180510
       1.00000000000000
 67 69 -1
obdef
loc3d
        4.94044166392076              0.68262352587105            131.77731323242190     -1
kind
     25     
    3600          153283     
       12.25000000000000  
 OBS            69
       1.54668103525882
       1.53438871029762
       1.00000000000000
 68 70 -1
obdef
loc3d
        4.92619210793233              0.68978851614430            140.91706848144531     -1
kind
     25     
    3600          153283     
       12.25000000000000  
 OBS            70
       2.84134284178070
       3.62556888438181
       1.00000000000000
 69 71 -1
obdef
loc3d
        4.94963312081941              0.66996996266355             29.99300956726074     -1
kind
     25     
    3600          153283     
       12.25000000000000  
 OBS            71
       4.54768241693486
       3.18478578150318
       1.00000000000000
 70 72 -1
obdef
loc3d
        4.92700392971737              0.68887132383449            128.38885498046881     -1
kind
     25     
    3600          153283     
       12.25000000000000  
 OBS            72
       4.28854337189942
       2.32071961300834
       1.00000000000000
 71 73 -1
obdef
loc3d
        4.94246333188258              0.67229541033138             45.31371688842773     -1
kind
     25     
    3600          153283     
       12.25000000000000  
 OBS            73
       6.40478953342659
       1.92512727181775
       1.00000000000000
 72 74 -1
obdef
loc3d
        4.94297820410103              0.68302629331082             53.72113800048828     -1
kind
     25     
    3600          153283     
       12.25000000000000  
 OBS            74
       2.20327489227485
       1.09409379317735
       1.00000000000000
 73 75 -1
obdef
loc3d
        4.94625467437127              0.67931016686449             42.11843872070312     -1
kind
     25     
    3600          153283     
       12.25000000000000  
 OBS            75
       5.38344341100888
       3.79814744362034
       1.00000000000000
 74 76 -1
obdef
loc3d
        4.93718236751881              0.69150375136553            153.15858459472659     -1
kind
     25     
    3600          153283     
       12.25000000000000  
 OBS            76
       3.81576723338096
      -0.31881339298001
       1.00000000000000
 75 77 -1
obdef
loc3d
        4.90540352515539              0.69194112440599            606.33142089843750     -1
kind
     26     
    3600          153283     
       12.25000000000000  
 OBS            77
      -2.07063842257218
       2.69295688038876
       1.00000000000000
 76 78 -1
obdef
loc3d
        4.94546412681761              0.68348353984884             17.75631332397461     -1
kind
     26     
    3600          153283     
       12.25000000000000  
 OBS            78
      -2.74948118887750
      -1.76433648479368
       1.00000000000000
 77 79 -1
obdef
loc3d
        4.94660974174000              0.67744857875853             29.35406684875488     -1
kind
     26     
    3600          153283     
       12.25000000000000  
 OBS            79
       8.14904752409747
       2.48894680042359
       1.00000000000000
 78 80 -1
obdef
loc3d
        4.94648126630843              0.68652865419204             54.82812500000000     -1
kind
     26     
    3600          153283     
       12.25000000000000  
 OBS            80
      -1.25805954081101
       1.83946439898626
       1.00000000000000
 79 81 -1
obdef
loc3d
        4.94445426011379              0.68507566758975             62.61011505126953     -1
kind
     26     
    3600          153283     
       12.25000000000000  
 OBS            81
       1.56338617512375
       1.57121260818468
       1.00000000000000
 80 82 -1
obdef
loc3d
        4.94602055174578              0.68752162087271            134.15721130371091     -1
kind
     26     
    3600          153283     
       12.25000000000000  
 OBS            82
      -1.10662525531548
      -1.80352621395182
       1.00000000000000
 81 83 -1
obdef
loc3d
        4.94603912728501              0.67254511985829             35.00297546386719     -1
kind
     26     
    3600          153283     
       12.25000000000000  
 OBS            83
      -1.88680821903235
      -0.97753343971610
       1.00000000000000
 82 84 -1
obdef
loc3d
        4.95877904994953              0.67986585977255             17.04111671447754     -1
kind
     26     
    3600          153283     
       12.25000000000000  
 OBS            84
       0.85621333400738
       2.27976462150677
       1.00000000000000
 83 85 -1
obdef
loc3d
        4.93958042817759              0.69095160998657            226.13127136230469     -1
kind
     26     
    3600          153283     
       12.25000000000000  
 OBS            85
      10.36424089322997
       8.51207706441719
       1.00000000000000
 84 86 -1
obdef
loc3d
        4.95756313665553              0.69181797222864             89.84997558593750     -1
kind
     26     
    3600          153283     
       12.25000000000000  
 OBS            86
      -7.00656143296048
      -1.61661818720560
       1.00000000000000
 85 87 -1
obdef
loc3d
        4.94078657111844              0.67409210989409             60.81152343750000     -1
kind
     26     
    3600          153283     
       12.25000000000000  
 OBS            87
      -1.33608852006537
       1.13119487623373
       1.00000000000000
 86 88 -1
obdef
loc3d
        4.95557846691255              0.67267262139613              1.00000000000000     -1
kind
     26     
    3600          153283     
       12.25000000000000  
 OBS            88
       4.78510881142977
       0.59459121387011
       1.00000000000000
 87 89 -1
obdef
loc3d
        4.93193348448080              0.68856418981073            106.00000000000000     -1
kind
     26     
    3600          153283     
       12.25000000000000  
 OBS            89
      -1.10719734284874
      -1.05257017525032
       1.00000000000000
 88 90 -1
obdef
loc3d
        4.89970838141578              0.68765245249877            785.09423828125000     -1
kind
     26     
    3600          153283     
       12.25000000000000  
 OBS            90
       1.78537367744472
       3.49893413004760
       1.00000000000000
 89 91 -1
obdef
loc3d
        4.95026814558372              0.68993059237416             93.11567687988281     -1
kind
     26     
    3600          153283     
       12.25000000000000  
 OBS            91
       4.60772180493825
       2.15463829588351
       1.00000000000000
 90 92 -1
obdef
loc3d
        4.94174512165160              0.68484635226999            116.56585693359381     -1
kind
     26     
    3600          153283     
       12.25000000000000  
 OBS            92
       1.80638212794565
       1.42498977851443
       1.00000000000000
 91 93 -1
obdef
loc3d
        4.95420735021482              0.68473663912788             15.00000000000000     -1
kind
     26     
    3600          153283     
       12.25000000000000  
 OBS            93
      -2.64638483457784
       1.00762889028821
       1.00000000000000
 92 94 -1
obdef
loc3d
        4.93477042118681              0.68310638816012            118.89588928222661     -1
kind
     26     
    3600          153283     
       12.25000000000000  
 OBS            94
       0.01367814895672
       1.32450912668282
       1.00000000000000
 93 95 -1
obdef
loc3d
        4.93795631029682              0.68276407673392            144.94107055664060     -1
kind
     26     
    3600          153283     
       12.25000000000000  
 OBS            95
       2.96012521048056
       0.82661256939880
       1.00000000000000
 94 96 -1
obdef
loc3d
        4.94001671685736              0.68064929967652             43.67281723022461     -1
kind
     26     
    3600          153283     
       12.25000000000000  
 OBS            96
       0.63292051062819
       0.69078543763117
       1.00000000000000
 95 97 -1
obdef
loc3d
        4.94058460161740              0.67807181314514             70.17810058593750     -1
kind
     26     
    3600          153283     
       12.25000000000000  
 OBS            97
       0.03407114822629
      -0.82728073880046
       1.00000000000000
 96 98 -1
obdef
loc3d
        4.95423295419494              0.68033176843505              3.71636104583740     -1
kind
     26     
    3600          153283     
       12.25000000000000  
 OBS            98
       4.51256442870493
       2.24171462604232
       1.00000000000000
 97 99 -1
obdef
loc3d
        4.94926894458696              0.66642585587446             10.91526031494141     -1
kind
     26     
    3600          153283     
       12.25000000000000  
 OBS            99
       0.95495934938811
       3.51790166567240
       1.00000000000000
 98 100 -1
obdef
loc3d
        4.96223480186848              0.66700036066835              5.00000000000000     -1
kind
     26     
    3600          153283     
       12.25000000000000  
 OBS            100
      -0.02364699019673
       1.45571649302980
       1.00000000000000
 99 101 -1
obdef
loc3d
        4.95546148971009              0.67729393735082              6.17724800109863     -1
kind
     26     
    3600          153283     
       12.25000000000000  
 OBS            101
       8.45771697595858
       1.11553252405028
       1.00000000000000
 100 102 -1
obdef
loc3d
        4.92652723985629              0.69051382381431            146.04148864746091     -1
kind
     26     
    3600          153283     
       12.25000000000000  
 OBS            102
       7.34907082838223
       3.13121263374348
       1.00000000000000
 101 103 -1
obdef
loc3d
        4.96366005344362              0.66920346185787              6.00000000000000     -1
kind
     26     
    3600          153283     
       12.25000000000000  
 OBS            103
       0.76878157538881
       4.17915854930736
       1.00000000000000
 102 104 -1
obdef
loc3d
        4.97052949833720              0.66907739847133              8.84140872955322     -1
kind
     26     
    3600          153283     
       12.25000000000000  
 OBS            104
       2.96728805770164
       1.76116216214054
       1.00000000000000
 103 105 -1
obdef
loc3d
        4.93727739535368              0.69277976810143            187.24655151367190     -1
kind
     26     
    3600          153283     
       12.25000000000000  
 OBS            105
       5.59301258820727
       1.03435119755347
       1.00000000000000
 104 106 -1
obdef
loc3d
        4.94575592838423              0.68143846111579             35.01654815673828     -1
kind
     26     
    3600          153283     
       12.25000000000000  
 OBS            106
       2.63773732348776
       0.80337615843772
       1.00000000000000
 105 107 -1
obdef
loc3d
        4.93184075890513              0.68784163962489             92.58054351806641     -1
kind
     26     
    3600          153283     
       12.25000000000000  
 OBS            107
       0.38953781940317
       1.61816523024054
       1.00000000000000
 106 108 -1
obdef
loc3d
        4.94081711590956              0.68854862967758            162.55853271484381     -1
kind
     26     
    3600          153283     
       12.25000000000000  
 OBS            108
       1.21586664955340
       0.67870782243160
       1.00000000000000
 107 109 -1
obdef
loc3d
        4.94249854456299              0.67650785339572             60.39866638183594     -1
kind
     26     
    3600          153283     
       12.25000000000000  
 OBS            109
       1.27278046970799
       0.98584499428375
       1.00000000000000
 108 110 -1
obdef
loc3d
        4.93162931041089              0.68282844530430             93.04485321044922     -1
kind
     26     
    3600          153283     
       12.25000000000000  
 OBS            110
       6.59174023541054
       2.16545910417990
       1.00000000000000
 109 111 -1
obdef
loc3d
        4.93293180012842              0.69147876068069            106.50605773925780     -1
kind
     26     
    3600          153283     
       12.25000000000000  
 OBS            111
       3.59818025793807
       0.40872500346137
       1.00000000000000
 110 112 -1
obdef
loc3d
        4.94231542915734              0.67925336633936             45.80761718750000     -1
kind
     26     
    3600          153283     
       12.25000000000000  
 OBS            112
      -0.90485766859905
      -1.90698877372643
       1.00000000000000
 111 113 -1
obdef
loc3d
        4.94267046375275              0.67009027494016             28.73577499389648     -1
kind
     26     
    3600          153283     
       12.25000000000000  
 OBS            113
       4.13464757979144
       2.99763455442598
       1.00000000000000
 112 114 -1
obdef
loc3d
        4.95301390972552              0.69283749825579             93.74549102783203     -1
kind
     26     
    3600          153283     
       12.25000000000000  
 OBS            114
       5.77314611579563
       0.77249311883758
       1.00000000000000
 113 115 -1
obdef
loc3d
        4.93993476658470              0.67588412939320             29.35707092285156     -1
kind
     26     
    3600          153283     
       12.25000000000000  
 OBS            115
      -3.33017235532796
      -1.41294447632754
       1.00000000000000
 114 116 -1
obdef
loc3d
        4.93755681423869              0.67212761520231             23.80049896240234     -1
kind
     26     
    3600          153283     
       12.25000000000000  
 OBS            116
       4.05971729020185
       1.43030427896111
       1.00000000000000
 115 117 -1
obdef
loc3d
        4.93524778363115              0.68687961042640            201.53530883789060     -1
kind
     26     
    3600          153283     
       12.25000000000000  
 OBS            117
       4.58462928276517
       2.59109733018627
       1.00000000000000
 116 118 -1
obdef
loc3d
        4.94487715611266              0.69284945127485            184.54177856445310     -1
kind
     26     
    3600          153283     
       12.25000000000000  
 OBS            118
       3.32663049930200
      -0.17773983511929
       1.00000000000000
 117 119 -1
obdef
loc3d
        4.93574679201688              0.68074234291388             92.12267303466797     -1
kind
     26     
    3600          153283     
       12.25000000000000  
 OBS            119
       5.88168845303043
       2.31012157223996
       1.00000000000000
 118 120 -1
obdef
loc3d
        4.93948311897746              0.68677523412020            143.54531860351560     -1
kind
     26     
    3600          153283     
       12.25000000000000  
 OBS            120
       2.65304051470932
       1.66912943382941
       1.00000000000000
 119 121 -1
obdef
loc3d
        4.93535147134114              0.68874818734546            154.91955566406250     -1
kind
     26     
    3600          153283     
       12.25000000000000  
 OBS            121
      -3.26554190074871
      -1.96005884721605
       1.00000000000000
 120 122 -1
obdef
loc3d
        4.93998720508067              0.67099618858999             15.00000000000000     -1
kind
     26     
    3600          153283     
       12.25000000000000  
 OBS            122
       4.69643015220969
       4.62031280747796
       1.00000000000000
 121 123 -1
obdef
loc3d
        4.95377154670010              0.68841616298427              1.00000000000000     -1
kind
     26     
    3600          153283     
       12.25000000000000  
 OBS            123
      -0.38308077855981
      -2.83636057510716
       1.00000000000000
 122 124 -1
obdef
loc3d
        4.94369600674710              0.67424831199146             56.55799865722656     -1
kind
     26     
    3600          153283     
       12.25000000000000  
 OBS            124
       0.95410062365716
      -0.52112817361062
       1.00000000000000
 123 125 -1
obdef
loc3d
        4.94554915949750              0.67592825057405             27.37830162048340     -1
kind
     26     
    3600          153283     
       12.25000000000000  
 OBS            125
       0.25819985588626
       1.24465126571593
       1.00000000000000
 124 126 -1
obdef
loc3d
        4.93817225910204              0.68863985936718            220.11502075195310     -1
kind
     26     
    3600          153283     
       12.25000000000000  
 OBS            126
       0.10005577327441
      -2.78418847105451
       1.00000000000000
 125 127 -1
obdef
loc3d
        4.94679227765370              0.67424304503817             25.38815879821777     -1
kind
     26     
    3600          153283     
       12.25000000000000  
 OBS            127
      -4.76973398751941
      -2.25845670468010
       1.00000000000000
 126 128 -1
obdef
loc3d
        4.93825175772606              0.67415674930066             45.00000000000000     -1
kind
     26     
    3600          153283     
       12.25000000000000  
 OBS            128
       2.58354043873661
       2.26430638899998
       1.00000000000000
 127 129 -1
obdef
loc3d
        4.94311892630401              0.68721450203000            155.69055175781250     -1
kind
     26     
    3600          153283     
       12.25000000000000  
 OBS            129
      -2.18530590496858
      -0.46547944341469
       1.00000000000000
 128 130 -1
obdef
loc3d
        4.94449382724881              0.67792071808206             14.15527343750000     -1
kind
     26     
    3600          153283     
       12.25000000000000  
 OBS            130
       3.38128048703851
      -0.34015358380284
       1.00000000000000
 129 131 -1
obdef
loc3d
        4.94565692959859              0.66987151098961             30.00000000000000     -1
kind
     26     
    3600          153283     
       12.25000000000000  
 OBS            131
       4.12739772287014
       1.02275409229555
       1.00000000000000
 130 132 -1
obdef
loc3d
        4.93623940611723              0.68485115788194            160.48159790039060     -1
kind
     26     
    3600          153283     
       12.25000000000000  
 OBS            132
      -2.38817631622094
      -1.19250807030156
       1.00000000000000
 131 133 -1
obdef
loc3d
        4.93207688179052              0.69191340558627            266.88421630859381     -1
kind
     26     
    3600          153283     
       12.25000000000000  
 OBS            133
       3.12335146678733
       2.80248393982454
       1.00000000000000
 132 134 -1
obdef
loc3d
        4.94337184525690              0.69048472086632            168.92642211914060     -1
kind
     26     
    3600          153283     
       12.25000000000000  
 OBS            134
      -3.73785534353825
      -1.30975249793493
       1.00000000000000
 133 135 -1
obdef
loc3d
        4.93083275656657              0.69156409584246            530.37139892578125     -1
kind
     26     
    3600          153283     
       12.25000000000000  
 OBS            135
      -4.10189442585808
      -1.41078641527029
       1.00000000000000
 134 136 -1
obdef
loc3d
        4.93576715774405              0.67026358084744             15.00000000000000     -1
kind
     26     
    3600          153283     
       12.25000000000000  
 OBS            136
       4.65565256643435
       3.36136218121190
       1.00000000000000
 135 137 -1
obdef
loc3d
        4.94676264345478              0.69035499858378            170.37097167968750     -1
kind
     26     
    3600          153283     
       12.25000000000000  
 OBS            137
       4.52610431906443
       2.18519646294004
       1.00000000000000
 136 138 -1
obdef
loc3d
        4.94046883892718              0.69230960363225            232.29916381835940     -1
kind
     26     
    3600          153283     
       12.25000000000000  
 OBS            138
       6.19676420648136
       3.25412343485850
       1.00000000000000
 137 139 -1
obdef
loc3d
        4.94668005348904              0.66792517272334             30.00000000000000     -1
kind
     26     
    3600          153283     
       12.25000000000000  
 OBS            139
       3.35661160439068
      -0.63951077875193
       1.00000000000000
 138 140 -1
obdef
loc3d
        4.93142664351951              0.69067116425814            352.18109130859381     -1
kind
     26     
    3600          153283     
       12.25000000000000  
 OBS            140
       1.80630809563249
       0.17380541806565
       1.00000000000000
 139 141 -1
obdef
loc3d
        4.93315860158957              0.69236546390432            148.09797668457031     -1
kind
     26     
    3600          153283     
       12.25000000000000  
 OBS            141
      -1.11822589410397
       1.33018262908131
       1.00000000000000
 140 142 -1
obdef
loc3d
        4.94330474517536              0.68101851702487             28.94674682617188     -1
kind
     26     
    3600          153283     
       12.25000000000000  
 OBS            142
      -0.64102046959900
       1.16890948092401
       1.00000000000000
 141 143 -1
obdef
loc3d
        4.93900329796962              0.68465687192145            135.10733032226560     -1
kind
     26     
    3600          153283     
       12.25000000000000  
 OBS            143
       4.11711020843940
       1.99451165491024
       1.00000000000000
 142 144 -1
obdef
loc3d
        4.94044166392076              0.68262352587105            131.77731323242190     -1
kind
     26     
    3600          153283     
       12.25000000000000  
 OBS            144
       5.89141177368299
       0.01254726560692
       1.00000000000000
 143 145 -1
obdef
loc3d
        4.92619210793233              0.68978851614430            140.91706848144531     -1
kind
     26     
    3600          153283     
       12.25000000000000  
 OBS            145
       7.48127460390742
       3.66988330033395
       1.00000000000000
 144 146 -1
obdef
loc3d
        4.94963312081941              0.66996996266355             29.99300956726074     -1
kind
     26     
    3600          153283     
       12.25000000000000  
 OBS            146
       2.25081245907517
       1.83934756113729
       1.00000000000000
 145 147 -1
obdef
loc3d
        4.92700392971737              0.68887132383449            128.38885498046881     -1
kind
     26     
    3600          153283     
       12.25000000000000  
 OBS            147
      -3.01045290717840
      -1.95006077091358
       1.00000000000000
 146 148 -1
obdef
loc3d
        4.94246333188258              0.67229541033138             45.31371688842773     -1
kind
     26     
    3600          153283     
       12.25000000000000  
 OBS            148
       6.82151589830880
       2.18701571779875
       1.00000000000000
 147 149 -1
obdef
loc3d
        4.94297820410103              0.68302629331082             53.72113800048828     -1
kind
     26     
    3600          153283     
       12.25000000000000  
 OBS            149
       5.93123364880584
       0.64709543320155
       1.00000000000000
 148 150 -1
obdef
loc3d
        4.94625467437127              0.67931016686449             42.11843872070312     -1
kind
     26     
    3600          153283     
       12.25000000000000  
 OBS            150
       3.92853913570687
       2.60479463870020
       1.00000000000000
 149 151 -1
obdef
loc3d
        4.93718236751881              0.69150375136553            153.15858459472659     -1
kind
     26     
    3600          153283     
       12.25000000000000  
 OBS            151
     292.01653646616916
     293.12498054513901
       1.00000000000000
 150 152 -1
obdef
loc3d
        4.90540352515539              0.69194112440599            606.33142089843750     -1
kind
     27     
    3600          153283     
        6.25000000000000  
 OBS            152
     298.33078447764916
     298.29156742143601
       1.00000000000000
 151 153 -1
obdef
loc3d
        4.94546412681761              0.68348353984884             17.75631332397461     -1
kind
     27     
    3600          153283     
        6.25000000000000  
 OBS            153
     297.07012580472423
     298.16287639429902
       1.00000000000000
 152 154 -1
obdef
loc3d
        4.94660974174000              0.67744857875853             29.35406684875488     -1
kind
     27     
    3600          153283     
        6.25000000000000  
 OBS            154
     297.27461369809771
     297.95005136301899
       1.00000000000000
 153 155 -1
obdef
loc3d
        4.94648126630843              0.68652865419204             54.82812500000000     -1
kind
     27     
    3600          153283     
        6.25000000000000  
 OBS            155
     296.41578555267307
     298.01303382769601
       1.00000000000000
 154 156 -1
obdef
loc3d
        4.94445426011379              0.68507566758975             62.61011505126953     -1
kind
     27     
    3600          153283     
        6.25000000000000  
 OBS            156
     296.12839994956727
     297.68655699044899
       1.00000000000000
 155 157 -1
obdef
loc3d
        4.94602055174578              0.68752162087271            134.15721130371091     -1
kind
     27     
    3600          153283     
        6.25000000000000  
 OBS            157
     298.80175200371781
     299.01432372699901
       1.00000000000000
 156 158 -1
obdef
loc3d
        4.94603912728501              0.67254511985829             35.00297546386719     -1
kind
     27     
    3600          153283     
        6.25000000000000  
 OBS            158
     298.08191484658738
     299.25940659890603
       1.00000000000000
 157 159 -1
obdef
loc3d
        4.95877904994953              0.67986585977255             17.04111671447754     -1
kind
     27     
    3600          153283     
        6.25000000000000  
 OBS            159
     293.59815572804257
     296.87017702041999
       1.00000000000000
 158 160 -1
obdef
loc3d
        4.93958042817759              0.69095160998657            226.13127136230469     -1
kind
     27     
    3600          153283     
        6.25000000000000  
 OBS            160
     297.88278545618982
     298.14767520637002
       1.00000000000000
 159 161 -1
obdef
loc3d
        4.95756313665553              0.69181797222864             89.84997558593750     -1
kind
     27     
    3600          153283     
        6.25000000000000  
 OBS            161
     298.55857129691196
     298.33791569684399
       1.00000000000000
 160 162 -1
obdef
loc3d
        4.94078657111844              0.67409210989409             60.81152343750000     -1
kind
     27     
    3600          153283     
        6.25000000000000  
 OBS            162
     302.03549393342206
     300.95857862962600
       1.00000000000000
 161 163 -1
obdef
loc3d
        4.95557846691255              0.67267262139613              1.00000000000000     -1
kind
     27     
    3600          153283     
        6.25000000000000  
 OBS            163
     298.93641164414333
     297.27757312816800
       1.00000000000000
 162 164 -1
obdef
loc3d
        4.93193348448080              0.68856418981073            106.00000000000000     -1
kind
     27     
    3600          153283     
        6.25000000000000  
 OBS            164
     290.92337281162810
     292.36836000545600
       1.00000000000000
 163 165 -1
obdef
loc3d
        4.89970838141578              0.68765245249877            785.09423828125000     -1
kind
     27     
    3600          153283     
        6.25000000000000  
 OBS            165
     299.00883720157998
     298.39483327446999
       1.00000000000000
 164 166 -1
obdef
loc3d
        4.95026814558372              0.68993059237416             93.11567687988281     -1
kind
     27     
    3600          153283     
        6.25000000000000  
 OBS            166
     297.70190303147359
     297.60039814008201
       1.00000000000000
 165 167 -1
obdef
loc3d
        4.94174512165160              0.68484635226999            116.56585693359381     -1
kind
     27     
    3600          153283     
        6.25000000000000  
 OBS            167
     297.73928690988669
     298.06310666801397
       1.00000000000000
 166 168 -1
obdef
loc3d
        4.95420735021482              0.68473663912788             15.00000000000000     -1
kind
     27     
    3600          153283     
        6.25000000000000  
 OBS            168
     295.81058008506949
     297.44688298123299
       1.00000000000000
 167 169 -1
obdef
loc3d
        4.93477042118681              0.68310638816012            118.89588928222661     -1
kind
     27     
    3600          153283     
        6.25000000000000  
 OBS            169
     297.64745413289864
     297.37277633113098
       1.00000000000000
 168 170 -1
obdef
loc3d
        4.93795631029682              0.68276407673392            144.94107055664060     -1
kind
     27     
    3600          153283     
        6.25000000000000  
 OBS            170
     299.14481085845171
     298.38364872096702
       1.00000000000000
 169 171 -1
obdef
loc3d
        4.94001671685736              0.68064929967652             43.67281723022461     -1
kind
     27     
    3600          153283     
        6.25000000000000  
 OBS            171
     300.42664111340525
     298.21614171100498
       1.00000000000000
 170 172 -1
obdef
loc3d
        4.94058460161740              0.67807181314514             70.17810058593750     -1
kind
     27     
    3600          153283     
        6.25000000000000  
 OBS            172
     296.75103002794373
     298.65114663618800
       1.00000000000000
 171 173 -1
obdef
loc3d
        4.95423295419494              0.68033176843505              3.71636104583740     -1
kind
     27     
    3600          153283     
        6.25000000000000  
 OBS            173
     300.02911364948210
     300.64173025746697
       1.00000000000000
 172 174 -1
obdef
loc3d
        4.94926894458696              0.66642585587446             10.91526031494141     -1
kind
     27     
    3600          153283     
        6.25000000000000  
 OBS            174
     301.14714293953847
     300.59260402950503
       1.00000000000000
 173 175 -1
obdef
loc3d
        4.96223480186848              0.66700036066835              5.00000000000000     -1
kind
     27     
    3600          153283     
        6.25000000000000  
 OBS            175
     299.30896538606800
     299.28535570835197
       1.00000000000000
 174 176 -1
obdef
loc3d
        4.95546148971009              0.67729393735082              6.17724800109863     -1
kind
     27     
    3600          153283     
        6.25000000000000  
 OBS            176
     295.59056008687827
     296.15899169760502
       1.00000000000000
 175 177 -1
obdef
loc3d
        4.92652723985629              0.69051382381431            146.04148864746091     -1
kind
     27     
    3600          153283     
        6.25000000000000  
 OBS            177
     298.57887409581048
     299.57863237432503
       1.00000000000000
 176 178 -1
obdef
loc3d
        4.96366005344362              0.66920346185787              6.00000000000000     -1
kind
     27     
    3600          153283     
        6.25000000000000  
 OBS            178
     298.15536718485708
     298.71388236723698
       1.00000000000000
 177 179 -1
obdef
loc3d
        4.97052949833720              0.66907739847133              8.84140872955322     -1
kind
     27     
    3600          153283     
        6.25000000000000  
 OBS            179
     297.84184881431395
     296.90127538058800
       1.00000000000000
 178 180 -1
obdef
loc3d
        4.93727739535368              0.69277976810143            187.24655151367190     -1
kind
     27     
    3600          153283     
        6.25000000000000  
 OBS            180
     298.44225618167167
     298.53403575187701
       1.00000000000000
 179 181 -1
obdef
loc3d
        4.94575592838423              0.68143846111579             35.01654815673828     -1
kind
     27     
    3600          153283     
        6.25000000000000  
 OBS            181
     295.82182210684851
     297.37099485218403
       1.00000000000000
 180 182 -1
obdef
loc3d
        4.93184075890513              0.68784163962489             92.58054351806641     -1
kind
     27     
    3600          153283     
        6.25000000000000  
 OBS            182
     295.90397404252815
     297.42890722610701
       1.00000000000000
 181 183 -1
obdef
loc3d
        4.94081711590956              0.68854862967758            162.55853271484381     -1
kind
     27     
    3600          153283     
        6.25000000000000  
 OBS            183
     297.54014193158241
     298.14066381670199
       1.00000000000000
 182 184 -1
obdef
loc3d
        4.94249854456299              0.67650785339572             60.39866638183594     -1
kind
     27     
    3600          153283     
        6.25000000000000  
 OBS            184
     296.81277057114414
     296.94349194312701
       1.00000000000000
 183 185 -1
obdef
loc3d
        4.93162931041089              0.68282844530430             93.04485321044922     -1
kind
     27     
    3600          153283     
        6.25000000000000  
 OBS            185
     297.63001513022971
     297.23719706603100
       1.00000000000000
 184 186 -1
obdef
loc3d
        4.93293180012842              0.69147876068069            106.50605773925780     -1
kind
     27     
    3600          153283     
        6.25000000000000  
 OBS            186
     296.61730690010251
     298.53092062881399
       1.00000000000000
 185 187 -1
obdef
loc3d
        4.94231542915734              0.67925336633936             45.80761718750000     -1
kind
     27     
    3600          153283     
        6.25000000000000  
 OBS            187
     298.93999305853180
     300.09189836803699
       1.00000000000000
 186 188 -1
obdef
loc3d
        4.94267046375275              0.67009027494016             28.73577499389648     -1
kind
     27     
    3600          153283     
        6.25000000000000  
 OBS            188
     298.19324482153195
     297.87096378874401
       1.00000000000000
 187 189 -1
obdef
loc3d
        4.95301390972552              0.69283749825579             93.74549102783203     -1
kind
     27     
    3600          153283     
        6.25000000000000  
 OBS            189
     299.34980983490698
     298.23850517637499
       1.00000000000000
 188 190 -1
obdef
loc3d
        4.93993476658470              0.67588412939320             29.35707092285156     -1
kind
     27     
    3600          153283     
        6.25000000000000  
 OBS            190
     300.93421193321046
     298.95077404779897
       1.00000000000000
 189 191 -1
obdef
loc3d
        4.93755681423869              0.67212761520231             23.80049896240234     -1
kind
     27     
    3600          153283     
        6.25000000000000  
 OBS            191
     296.06187635492012
     297.02984841223298
       1.00000000000000
 190 192 -1
obdef
loc3d
        4.93524778363115              0.68687961042640            201.53530883789060     -1
kind
     27     
    3600          153283     
        6.25000000000000  
 OBS            192
     298.74022342287026
     297.34035378314900
       1.00000000000000
 191 193 -1
obdef
loc3d
        4.94487715611266              0.69284945127485            184.54177856445310     -1
kind
     27     
    3600          153283     
        6.25000000000000  
 OBS            193
     297.28671578600699
     298.08549647773998
       1.00000000000000
 192 194 -1
obdef
loc3d
        4.93574679201688              0.68074234291388             92.12267303466797     -1
kind
     27     
    3600          153283     
        6.25000000000000  
 OBS            194
     296.08757882540556
     297.20566966593799
       1.00000000000000
 193 195 -1
obdef
loc3d
        4.93948311897746              0.68677523412020            143.54531860351560     -1
kind
     27     
    3600          153283     
        6.25000000000000  
 OBS            195
     298.07934302684953
     297.24459269406998
       1.00000000000000
 194 196 -1
obdef
loc3d
        4.93535147134114              0.68874818734546            154.91955566406250     -1
kind
     27     
    3600          153283     
        6.25000000000000  
 OBS            196
     300.25276914174395
     299.44068511921103
       1.00000000000000
 195 197 -1
obdef
loc3d
        4.93998720508067              0.67099618858999             15.00000000000000     -1
kind
     27     
    3600          153283     
        6.25000000000000  
 OBS            197
     299.72046111655510
     298.61864585911400
       1.00000000000000
 196 198 -1
obdef
loc3d
        4.95377154670010              0.68841616298427              1.00000000000000     -1
kind
     27     
    3600          153283     
        6.25000000000000  
 OBS            198
     297.17309081335941
     298.19344006444999
       1.00000000000000
 197 199 -1
obdef
loc3d
        4.94369600674710              0.67424831199146             56.55799865722656     -1
kind
     27     
    3600          153283     
        6.25000000000000  
 OBS            199
     298.69957566463694
     298.15621540718502
       1.00000000000000
 198 200 -1
obdef
loc3d
        4.94554915949750              0.67592825057405             27.37830162048340     -1
kind
     27     
    3600          153283     
        6.25000000000000  
 OBS            200
     298.42277964484822
     296.69780502096501
       1.00000000000000
 199 201 -1
obdef
loc3d
        4.93817225910204              0.68863985936718            220.11502075195310     -1
kind
     27     
    3600          153283     
        6.25000000000000  
 OBS            201
     296.40311686001655
     298.29848792702501
       1.00000000000000
 200 202 -1
obdef
loc3d
        4.94679227765370              0.67424304503817             25.38815879821777     -1
kind
     27     
    3600          153283     
        6.25000000000000  
 OBS            202
     296.81648906383668
     298.35827477869202
       1.00000000000000
 201 203 -1
obdef
loc3d
        4.93825175772606              0.67415674930066             45.00000000000000     -1
kind
     27     
    3600          153283     
        6.25000000000000  
 OBS            203
     297.78256314877439
     297.25365440311703
       1.00000000000000
 202 204 -1
obdef
loc3d
        4.94311892630401              0.68721450203000            155.69055175781250     -1
kind
     27     
    3600          153283     
        6.25000000000000  
 OBS            204
     300.15340168774156
     298.20515308596299
       1.00000000000000
 203 205 -1
obdef
loc3d
        4.94449382724881              0.67792071808206             14.15527343750000     -1
kind
     27     
    3600          153283     
        6.25000000000000  
 OBS            205
     301.35247867445833
     300.77877665144001
       1.00000000000000
 204 206 -1
obdef
loc3d
        4.94565692959859              0.66987151098961             30.00000000000000     -1
kind
     27     
    3600          153283     
        6.25000000000000  
 OBS            206
     297.67452907312418
     297.26024324252802
       1.00000000000000
 205 207 -1
obdef
loc3d
        4.93623940611723              0.68485115788194            160.48159790039060     -1
kind
     27     
    3600          153283     
        6.25000000000000  
 OBS            207
     295.27867220576309
     297.00743941211903
       1.00000000000000
 206 208 -1
obdef
loc3d
        4.93207688179052              0.69191340558627            266.88421630859381     -1
kind
     27     
    3600          153283     
        6.25000000000000  
 OBS            208
     299.57294729717705
     297.58169765505698
       1.00000000000000
 207 209 -1
obdef
loc3d
        4.94337184525690              0.69048472086632            168.92642211914060     -1
kind
     27     
    3600          153283     
        6.25000000000000  
 OBS            209
     294.80604815177486
     294.96807643314003
       1.00000000000000
 208 210 -1
obdef
loc3d
        4.93083275656657              0.69156409584246            530.37139892578125     -1
kind
     27     
    3600          153283     
        6.25000000000000  
 OBS            210
     297.29595406012385
     299.45933852310998
       1.00000000000000
 209 211 -1
obdef
loc3d
        4.93576715774405              0.67026358084744             15.00000000000000     -1
kind
     27     
    3600          153283     
        6.25000000000000  
 OBS            211
     297.71035577497076
     297.87779933725301
       1.00000000000000
 210 212 -1
obdef
loc3d
        4.94676264345478              0.69035499858378            170.37097167968750     -1
kind
     27     
    3600          153283     
        6.25000000000000  
 OBS            212
     298.06343488066824
     296.91598790203699
       1.00000000000000
 211 213 -1
obdef
loc3d
        4.94046883892718              0.69230960363225            232.29916381835940     -1
kind
     27     
    3600          153283     
        6.25000000000000  
 OBS            213
     299.19689538822217
     300.65765878299698
       1.00000000000000
 212 214 -1
obdef
loc3d
        4.94668005348904              0.66792517272334             30.00000000000000     -1
kind
     27     
    3600          153283     
        6.25000000000000  
 OBS            214
     296.43095811368420
     296.20488924820700
       1.00000000000000
 213 215 -1
obdef
loc3d
        4.93142664351951              0.69067116425814            352.18109130859381     -1
kind
     27     
    3600          153283     
        6.25000000000000  
 OBS            215
     296.33731812260254
     297.02450736698501
       1.00000000000000
 214 216 -1
obdef
loc3d
        4.93315860158957              0.69236546390432            148.09797668457031     -1
kind
     27     
    3600          153283     
        6.25000000000000  
 OBS            216
     298.11317717696051
     298.33522632516099
       1.00000000000000
 215 217 -1
obdef
loc3d
        4.94330474517536              0.68101851702487             28.94674682617188     -1
kind
     27     
    3600          153283     
        6.25000000000000  
 OBS            217
     296.28035754529225
     297.33215457085498
       1.00000000000000
 216 218 -1
obdef
loc3d
        4.93900329796962              0.68465687192145            135.10733032226560     -1
kind
     27     
    3600          153283     
        6.25000000000000  
 OBS            218
     296.79507486606593
     297.34983338078302
       1.00000000000000
 217 219 -1
obdef
loc3d
        4.94044166392076              0.68262352587105            131.77731323242190     -1
kind
     27     
    3600          153283     
        6.25000000000000  
 OBS            219
     298.26483943797007
     296.28225699713403
       1.00000000000000
 218 220 -1
obdef
loc3d
        4.92619210793233              0.68978851614430            140.91706848144531     -1
kind
     27     
    3600          153283     
        6.25000000000000  
 OBS            220
     300.40664649634846
     301.16700158668903
       1.00000000000000
 219 221 -1
obdef
loc3d
        4.94963312081941              0.66996996266355             29.99300956726074     -1
kind
     27     
    3600          153283     
        6.25000000000000  
 OBS            221
     298.50253690969197
     296.72380575381402
       1.00000000000000
 220 222 -1
obdef
loc3d
        4.92700392971737              0.68887132383449            128.38885498046881     -1
kind
     27     
    3600          153283     
        6.25000000000000  
 OBS            222
     300.10561821183029
     298.97400175241000
       1.00000000000000
 221 223 -1
obdef
loc3d
        4.94246333188258              0.67229541033138             45.31371688842773     -1
kind
     27     
    3600          153283     
        6.25000000000000  
 OBS            223
     296.53656806049293
     297.93203053039400
       1.00000000000000
 222 224 -1
obdef
loc3d
        4.94297820410103              0.68302629331082             53.72113800048828     -1
kind
     27     
    3600          153283     
        6.25000000000000  
 OBS            224
     298.63188262591706
     298.46403719491002
       1.00000000000000
 223 225 -1
obdef
loc3d
        4.94625467437127              0.67931016686449             42.11843872070312     -1
kind
     27     
    3600          153283     
        6.25000000000000  
 OBS            225
     296.09556188266623
     297.26579026273203
       1.00000000000000
 224 -1 -1
obdef
loc3d
        4.93718236751881              0.69150375136553            153.15858459472659     -1
kind
     27     
    3600          153283     
        6.25000000000000  
