 obs_sequence
obs_kind_definitions
       3
    25          LAND_SFC_U_WIND_COMPONENT   
    26          LAND_SFC_V_WIND_COMPONENT   
    27          LAND_SFC_TEMPERATURE   
  num_copies:            2  num_qc:            1
 num_obs:       225  max_num_obs:       225
observations
truth
QC radar
  first:            1  last:       225
 OBS            1
      -1.85666446673671
       2.11373178166621
       1.00000000000000
 -1 2 -1
obdef
loc3d
        4.90540352515539              0.69194112440599            606.33142089843750     -1
kind
     25     
    8100          153283     
       12.25000000000000  
 OBS            2
      -0.78952808415379
       2.18036957170315
       1.00000000000000
 1 3 -1
obdef
loc3d
        4.94546412681761              0.68348353984884             17.75631332397461     -1
kind
     25     
    8100          153283     
       12.25000000000000  
 OBS            3
       4.31495127130172
       2.36458731216434
       1.00000000000000
 2 4 -1
obdef
loc3d
        4.94660974174000              0.67744857875853             29.35406684875488     -1
kind
     25     
    8100          153283     
       12.25000000000000  
 OBS            4
       2.82196353340484
       1.53591624711879
       1.00000000000000
 3 5 -1
obdef
loc3d
        4.94648126630843              0.68652865419204             54.82812500000000     -1
kind
     25     
    8100          153283     
       12.25000000000000  
 OBS            5
       6.88999446978230
       2.57723903751255
       1.00000000000000
 4 6 -1
obdef
loc3d
        4.94445426011379              0.68507566758975             62.61011505126953     -1
kind
     25     
    8100          153283     
       12.25000000000000  
 OBS            6
      -0.14781748631872
       2.08291549211458
       1.00000000000000
 5 7 -1
obdef
loc3d
        4.94602055174578              0.68752162087271            134.15721130371091     -1
kind
     25     
    8100          153283     
       12.25000000000000  
 OBS            7
       1.90498040315748
       0.27265304663695
       1.00000000000000
 6 8 -1
obdef
loc3d
        4.94603912728501              0.67254511985829             35.00297546386719     -1
kind
     25     
    8100          153283     
       12.25000000000000  
 OBS            8
      -0.63504535989449
       0.87743117433920
       1.00000000000000
 7 9 -1
obdef
loc3d
        4.95877904994953              0.67986585977255             17.04111671447754     -1
kind
     25     
    8100          153283     
       12.25000000000000  
 OBS            9
       4.35173629312134
       3.89004631263866
       1.00000000000000
 8 10 -1
obdef
loc3d
        4.93958042817759              0.69095160998657            226.13127136230469     -1
kind
     25     
    8100          153283     
       12.25000000000000  
 OBS            10
       1.44934134464625
       4.20165166165641
       1.00000000000000
 9 11 -1
obdef
loc3d
        4.95756313665553              0.69181797222864             89.84997558593750     -1
kind
     25     
    8100          153283     
       12.25000000000000  
 OBS            11
      -5.38406940520527
       0.10015395022946
       1.00000000000000
 10 12 -1
obdef
loc3d
        4.94078657111844              0.67409210989409             60.81152343750000     -1
kind
     25     
    8100          153283     
       12.25000000000000  
 OBS            12
       1.90108061257828
       1.55994384851269
       1.00000000000000
 11 13 -1
obdef
loc3d
        4.95557846691255              0.67267262139613              1.00000000000000     -1
kind
     25     
    8100          153283     
       12.25000000000000  
 OBS            13
      -1.33363397578703
       0.05744443660808
       1.00000000000000
 12 14 -1
obdef
loc3d
        4.93193348448080              0.68856418981073            106.00000000000000     -1
kind
     25     
    8100          153283     
       12.25000000000000  
 OBS            14
      10.56744554532038
       5.51876346661182
       1.00000000000000
 13 15 -1
obdef
loc3d
        4.89970838141578              0.68765245249877            785.09423828125000     -1
kind
     25     
    8100          153283     
       12.25000000000000  
 OBS            15
       3.01131681485341
       2.93813322379120
       1.00000000000000
 14 16 -1
obdef
loc3d
        4.95026814558372              0.68993059237416             93.11567687988281     -1
kind
     25     
    8100          153283     
       12.25000000000000  
 OBS            16
       2.03068379670421
       4.05954352121405
       1.00000000000000
 15 17 -1
obdef
loc3d
        4.94174512165160              0.68484635226999            116.56585693359381     -1
kind
     25     
    8100          153283     
       12.25000000000000  
 OBS            17
       3.81181464061362
       0.59809605027987
       1.00000000000000
 16 18 -1
obdef
loc3d
        4.95420735021482              0.68473663912788             15.00000000000000     -1
kind
     25     
    8100          153283     
       12.25000000000000  
 OBS            18
      -0.88322053708779
       1.21646861152172
       1.00000000000000
 17 19 -1
obdef
loc3d
        4.93477042118681              0.68310638816012            118.89588928222661     -1
kind
     25     
    8100          153283     
       12.25000000000000  
 OBS            19
       1.07515697565037
       2.76897917526967
       1.00000000000000
 18 20 -1
obdef
loc3d
        4.93795631029682              0.68276407673392            144.94107055664060     -1
kind
     25     
    8100          153283     
       12.25000000000000  
 OBS            20
      -2.37507878652104
       1.50062498546713
       1.00000000000000
 19 21 -1
obdef
loc3d
        4.94001671685736              0.68064929967652             43.67281723022461     -1
kind
     25     
    8100          153283     
       12.25000000000000  
 OBS            21
       0.23201868424141
       1.70452664757033
       1.00000000000000
 20 22 -1
obdef
loc3d
        4.94058460161740              0.67807181314514             70.17810058593750     -1
kind
     25     
    8100          153283     
       12.25000000000000  
 OBS            22
      -2.57219070207526
       0.83703100760313
       1.00000000000000
 21 23 -1
obdef
loc3d
        4.95423295419494              0.68033176843505              3.71636104583740     -1
kind
     25     
    8100          153283     
       12.25000000000000  
 OBS            23
      -1.54175745418277
       1.91766666600144
       1.00000000000000
 22 24 -1
obdef
loc3d
        4.94926894458696              0.66642585587446             10.91526031494141     -1
kind
     25     
    8100          153283     
       12.25000000000000  
 OBS            24
       5.16424770930488
       2.74881402676218
       1.00000000000000
 23 25 -1
obdef
loc3d
        4.96223480186848              0.66700036066835              5.00000000000000     -1
kind
     25     
    8100          153283     
       12.25000000000000  
 OBS            25
       1.98405230837577
       2.67322026433291
       1.00000000000000
 24 26 -1
obdef
loc3d
        4.95546148971009              0.67729393735082              6.17724800109863     -1
kind
     25     
    8100          153283     
       12.25000000000000  
 OBS            26
      -0.65143863023685
       1.56365440740097
       1.00000000000000
 25 27 -1
obdef
loc3d
        4.92652723985629              0.69051382381431            146.04148864746091     -1
kind
     25     
    8100          153283     
       12.25000000000000  
 OBS            27
      -0.09604471686860
       1.79067416200771
       1.00000000000000
 26 28 -1
obdef
loc3d
        4.96366005344362              0.66920346185787              6.00000000000000     -1
kind
     25     
    8100          153283     
       12.25000000000000  
 OBS            28
       5.00446281024811
       1.21810242126448
       1.00000000000000
 27 29 -1
obdef
loc3d
        4.97052949833720              0.66907739847133              8.84140872955322     -1
kind
     25     
    8100          153283     
       12.25000000000000  
 OBS            29
       1.05087333847669
       0.93636780392758
       1.00000000000000
 28 30 -1
obdef
loc3d
        4.93727739535368              0.69277976810143            187.24655151367190     -1
kind
     25     
    8100          153283     
       12.25000000000000  
 OBS            30
       1.53274078841145
       1.59104932507066
       1.00000000000000
 29 31 -1
obdef
loc3d
        4.94575592838423              0.68143846111579             35.01654815673828     -1
kind
     25     
    8100          153283     
       12.25000000000000  
 OBS            31
       1.13895199476240
       1.92901520628132
       1.00000000000000
 30 32 -1
obdef
loc3d
        4.93184075890513              0.68784163962489             92.58054351806641     -1
kind
     25     
    8100          153283     
       12.25000000000000  
 OBS            32
       4.09048936690650
       4.70391661554160
       1.00000000000000
 31 33 -1
obdef
loc3d
        4.94081711590956              0.68854862967758            162.55853271484381     -1
kind
     25     
    8100          153283     
       12.25000000000000  
 OBS            33
       0.75951467991371
       2.08540534825373
       1.00000000000000
 32 34 -1
obdef
loc3d
        4.94249854456299              0.67650785339572             60.39866638183594     -1
kind
     25     
    8100          153283     
       12.25000000000000  
 OBS            34
       8.89458092527842
       2.61114280711565
       1.00000000000000
 33 35 -1
obdef
loc3d
        4.93162931041089              0.68282844530430             93.04485321044922     -1
kind
     25     
    8100          153283     
       12.25000000000000  
 OBS            35
       3.39957465065949
       0.79534750672302
       1.00000000000000
 34 36 -1
obdef
loc3d
        4.93293180012842              0.69147876068069            106.50605773925780     -1
kind
     25     
    8100          153283     
       12.25000000000000  
 OBS            36
       5.21877996235796
       1.13558478729486
       1.00000000000000
 35 37 -1
obdef
loc3d
        4.94231542915734              0.67925336633936             45.80761718750000     -1
kind
     25     
    8100          153283     
       12.25000000000000  
 OBS            37
      -3.12548408222253
       0.38377187791452
       1.00000000000000
 36 38 -1
obdef
loc3d
        4.94267046375275              0.67009027494016             28.73577499389648     -1
kind
     25     
    8100          153283     
       12.25000000000000  
 OBS            38
       4.48076108575097
       2.63811268134435
       1.00000000000000
 37 39 -1
obdef
loc3d
        4.95301390972552              0.69283749825579             93.74549102783203     -1
kind
     25     
    8100          153283     
       12.25000000000000  
 OBS            39
       1.55429495505447
       1.64369234768743
       1.00000000000000
 38 40 -1
obdef
loc3d
        4.93993476658470              0.67588412939320             29.35707092285156     -1
kind
     25     
    8100          153283     
       12.25000000000000  
 OBS            40
      -1.09485284995756
      -0.85424118016277
       1.00000000000000
 39 41 -1
obdef
loc3d
        4.93755681423869              0.67212761520231             23.80049896240234     -1
kind
     25     
    8100          153283     
       12.25000000000000  
 OBS            41
       5.30404761783452
       3.74161409696044
       1.00000000000000
 40 42 -1
obdef
loc3d
        4.93524778363115              0.68687961042640            201.53530883789060     -1
kind
     25     
    8100          153283     
       12.25000000000000  
 OBS            42
       6.70182178714032
       4.60131172812715
       1.00000000000000
 41 43 -1
obdef
loc3d
        4.94487715611266              0.69284945127485            184.54177856445310     -1
kind
     25     
    8100          153283     
       12.25000000000000  
 OBS            43
       1.94565726431649
       2.18956172503143
       1.00000000000000
 42 44 -1
obdef
loc3d
        4.93574679201688              0.68074234291388             92.12267303466797     -1
kind
     25     
    8100          153283     
       12.25000000000000  
 OBS            44
       7.94107502644166
       3.46704229115745
       1.00000000000000
 43 45 -1
obdef
loc3d
        4.93948311897746              0.68677523412020            143.54531860351560     -1
kind
     25     
    8100          153283     
       12.25000000000000  
 OBS            45
       0.08626711982080
       0.25946453668564
       1.00000000000000
 44 46 -1
obdef
loc3d
        4.93535147134114              0.68874818734546            154.91955566406250     -1
kind
     25     
    8100          153283     
       12.25000000000000  
 OBS            46
       0.10564812845888
      -0.17640938313417
       1.00000000000000
 45 47 -1
obdef
loc3d
        4.93998720508067              0.67099618858999             15.00000000000000     -1
kind
     25     
    8100          153283     
       12.25000000000000  
 OBS            47
       0.48366000563843
       2.32847459612137
       1.00000000000000
 46 48 -1
obdef
loc3d
        4.95377154670010              0.68841616298427              1.00000000000000     -1
kind
     25     
    8100          153283     
       12.25000000000000  
 OBS            48
       3.25393261659054
       0.18538890444726
       1.00000000000000
 47 49 -1
obdef
loc3d
        4.94369600674710              0.67424831199146             56.55799865722656     -1
kind
     25     
    8100          153283     
       12.25000000000000  
 OBS            49
       4.61142830643006
       1.36509936550445
       1.00000000000000
 48 50 -1
obdef
loc3d
        4.94554915949750              0.67592825057405             27.37830162048340     -1
kind
     25     
    8100          153283     
       12.25000000000000  
 OBS            50
       1.13027061736685
       5.05371998599001
       1.00000000000000
 49 51 -1
obdef
loc3d
        4.93817225910204              0.68863985936718            220.11502075195310     -1
kind
     25     
    8100          153283     
       12.25000000000000  
 OBS            51
       3.43551281785781
       0.73751958711970
       1.00000000000000
 50 52 -1
obdef
loc3d
        4.94679227765370              0.67424304503817             25.38815879821777     -1
kind
     25     
    8100          153283     
       12.25000000000000  
 OBS            52
      -1.72612739227697
       0.37437424986548
       1.00000000000000
 51 53 -1
obdef
loc3d
        4.93825175772606              0.67415674930066             45.00000000000000     -1
kind
     25     
    8100          153283     
       12.25000000000000  
 OBS            53
       9.55134612995751
       4.11467043461578
       1.00000000000000
 52 54 -1
obdef
loc3d
        4.94311892630401              0.68721450203000            155.69055175781250     -1
kind
     25     
    8100          153283     
       12.25000000000000  
 OBS            54
       0.74098725716230
       1.17232498216514
       1.00000000000000
 53 55 -1
obdef
loc3d
        4.94449382724881              0.67792071808206             14.15527343750000     -1
kind
     25     
    8100          153283     
       12.25000000000000  
 OBS            55
      -2.07473121689580
       0.65102678057093
       1.00000000000000
 54 56 -1
obdef
loc3d
        4.94565692959859              0.66987151098961             30.00000000000000     -1
kind
     25     
    8100          153283     
       12.25000000000000  
 OBS            56
       5.85488501645967
       4.10990821850656
       1.00000000000000
 55 57 -1
obdef
loc3d
        4.93623940611723              0.68485115788194            160.48159790039060     -1
kind
     25     
    8100          153283     
       12.25000000000000  
 OBS            57
       3.32259837611115
       1.05499092112798
       1.00000000000000
 56 58 -1
obdef
loc3d
        4.93207688179052              0.69191340558627            266.88421630859381     -1
kind
     25     
    8100          153283     
       12.25000000000000  
 OBS            58
       2.66546232038198
       3.92315500098066
       1.00000000000000
 57 59 -1
obdef
loc3d
        4.94337184525690              0.69048472086632            168.92642211914060     -1
kind
     25     
    8100          153283     
       12.25000000000000  
 OBS            59
       2.90775090368775
       4.76018534421962
       1.00000000000000
 58 60 -1
obdef
loc3d
        4.93083275656657              0.69156409584246            530.37139892578125     -1
kind
     25     
    8100          153283     
       12.25000000000000  
 OBS            60
      -0.68880814711782
      -0.47735356341800
       1.00000000000000
 59 61 -1
obdef
loc3d
        4.93576715774405              0.67026358084744             15.00000000000000     -1
kind
     25     
    8100          153283     
       12.25000000000000  
 OBS            61
       6.13433949618791
       4.01819653765458
       1.00000000000000
 60 62 -1
obdef
loc3d
        4.94676264345478              0.69035499858378            170.37097167968750     -1
kind
     25     
    8100          153283     
       12.25000000000000  
 OBS            62
       2.51114631623488
       2.29664124967814
       1.00000000000000
 61 63 -1
obdef
loc3d
        4.94046883892718              0.69230960363225            232.29916381835940     -1
kind
     25     
    8100          153283     
       12.25000000000000  
 OBS            63
       9.18969944104755
       1.20654630951851
       1.00000000000000
 62 64 -1
obdef
loc3d
        4.94668005348904              0.66792517272334             30.00000000000000     -1
kind
     25     
    8100          153283     
       12.25000000000000  
 OBS            64
       1.74390946892716
       4.35144764433427
       1.00000000000000
 63 65 -1
obdef
loc3d
        4.93142664351951              0.69067116425814            352.18109130859381     -1
kind
     25     
    8100          153283     
       12.25000000000000  
 OBS            65
      -0.71997884451034
       1.11540643122592
       1.00000000000000
 64 66 -1
obdef
loc3d
        4.93315860158957              0.69236546390432            148.09797668457031     -1
kind
     25     
    8100          153283     
       12.25000000000000  
 OBS            66
       2.10795522535853
       1.93144649801981
       1.00000000000000
 65 67 -1
obdef
loc3d
        4.94330474517536              0.68101851702487             28.94674682617188     -1
kind
     25     
    8100          153283     
       12.25000000000000  
 OBS            67
       3.96861958063458
       3.44258211692402
       1.00000000000000
 66 68 -1
obdef
loc3d
        4.93900329796962              0.68465687192145            135.10733032226560     -1
kind
     25     
    8100          153283     
       12.25000000000000  
 OBS            68
       6.89771742197441
       3.86595110031944
       1.00000000000000
 67 69 -1
obdef
loc3d
        4.94044166392076              0.68262352587105            131.77731323242190     -1
kind
     25     
    8100          153283     
       12.25000000000000  
 OBS            69
       4.54802739393580
       0.89588039077535
       1.00000000000000
 68 70 -1
obdef
loc3d
        4.92619210793233              0.68978851614430            140.91706848144531     -1
kind
     25     
    8100          153283     
       12.25000000000000  
 OBS            70
      -6.13108118984213
       0.63663679116384
       1.00000000000000
 69 71 -1
obdef
loc3d
        4.94963312081941              0.66996996266355             29.99300956726074     -1
kind
     25     
    8100          153283     
       12.25000000000000  
 OBS            71
       5.54807526727333
       2.64032619962804
       1.00000000000000
 70 72 -1
obdef
loc3d
        4.92700392971737              0.68887132383449            128.38885498046881     -1
kind
     25     
    8100          153283     
       12.25000000000000  
 OBS            72
      -0.73071760477584
      -0.06533917255018
       1.00000000000000
 71 73 -1
obdef
loc3d
        4.94246333188258              0.67229541033138             45.31371688842773     -1
kind
     25     
    8100          153283     
       12.25000000000000  
 OBS            73
       5.67350884776672
       2.16164533147253
       1.00000000000000
 72 74 -1
obdef
loc3d
        4.94297820410103              0.68302629331082             53.72113800048828     -1
kind
     25     
    8100          153283     
       12.25000000000000  
 OBS            74
      -2.05520119720394
       1.38059716416486
       1.00000000000000
 73 75 -1
obdef
loc3d
        4.94625467437127              0.67931016686449             42.11843872070312     -1
kind
     25     
    8100          153283     
       12.25000000000000  
 OBS            75
       0.43690030215611
       2.12307563531850
       1.00000000000000
 74 76 -1
obdef
loc3d
        4.93718236751881              0.69150375136553            153.15858459472659     -1
kind
     25     
    8100          153283     
       12.25000000000000  
 OBS            76
       1.71328058235982
       0.98592747249248
       1.00000000000000
 75 77 -1
obdef
loc3d
        4.90540352515539              0.69194112440599            606.33142089843750     -1
kind
     26     
    8100          153283     
       12.25000000000000  
 OBS            77
      -1.15227044673982
       2.26566431957519
       1.00000000000000
 76 78 -1
obdef
loc3d
        4.94546412681761              0.68348353984884             17.75631332397461     -1
kind
     26     
    8100          153283     
       12.25000000000000  
 OBS            78
       1.35779700474583
       2.48299504294472
       1.00000000000000
 77 79 -1
obdef
loc3d
        4.94660974174000              0.67744857875853             29.35406684875488     -1
kind
     26     
    8100          153283     
       12.25000000000000  
 OBS            79
       1.93052364657095
       1.80830979235366
       1.00000000000000
 78 80 -1
obdef
loc3d
        4.94648126630843              0.68652865419204             54.82812500000000     -1
kind
     26     
    8100          153283     
       12.25000000000000  
 OBS            80
      -3.27531737464905
       1.27771965287948
       1.00000000000000
 79 81 -1
obdef
loc3d
        4.94445426011379              0.68507566758975             62.61011505126953     -1
kind
     26     
    8100          153283     
       12.25000000000000  
 OBS            81
       3.66397132486467
       1.44719882790746
       1.00000000000000
 80 82 -1
obdef
loc3d
        4.94602055174578              0.68752162087271            134.15721130371091     -1
kind
     26     
    8100          153283     
       12.25000000000000  
 OBS            82
       3.57798191793659
      -2.12672700053065
       1.00000000000000
 81 83 -1
obdef
loc3d
        4.94603912728501              0.67254511985829             35.00297546386719     -1
kind
     26     
    8100          153283     
       12.25000000000000  
 OBS            83
       2.70742258740746
       3.28096108492665
       1.00000000000000
 82 84 -1
obdef
loc3d
        4.95877904994953              0.67986585977255             17.04111671447754     -1
kind
     26     
    8100          153283     
       12.25000000000000  
 OBS            84
       0.20650081577014
       0.82155049160398
       1.00000000000000
 83 85 -1
obdef
loc3d
        4.93958042817759              0.69095160998657            226.13127136230469     -1
kind
     26     
    8100          153283     
       12.25000000000000  
 OBS            85
       6.49188340717927
       3.75802880197306
       1.00000000000000
 84 86 -1
obdef
loc3d
        4.95756313665553              0.69181797222864             89.84997558593750     -1
kind
     26     
    8100          153283     
       12.25000000000000  
 OBS            86
      -0.71623054229876
       1.07543761352476
       1.00000000000000
 85 87 -1
obdef
loc3d
        4.94078657111844              0.67409210989409             60.81152343750000     -1
kind
     26     
    8100          153283     
       12.25000000000000  
 OBS            87
       2.04922710717575
      -1.69407278224613
       1.00000000000000
 86 88 -1
obdef
loc3d
        4.95557846691255              0.67267262139613              1.00000000000000     -1
kind
     26     
    8100          153283     
       12.25000000000000  
 OBS            88
       1.79332703964026
      -0.15903173506882
       1.00000000000000
 87 89 -1
obdef
loc3d
        4.93193348448080              0.68856418981073            106.00000000000000     -1
kind
     26     
    8100          153283     
       12.25000000000000  
 OBS            89
       1.09969012030907
      -0.83853495401025
       1.00000000000000
 88 90 -1
obdef
loc3d
        4.89970838141578              0.68765245249877            785.09423828125000     -1
kind
     26     
    8100          153283     
       12.25000000000000  
 OBS            90
       4.01891705166502
       2.54424745385207
       1.00000000000000
 89 91 -1
obdef
loc3d
        4.95026814558372              0.68993059237416             93.11567687988281     -1
kind
     26     
    8100          153283     
       12.25000000000000  
 OBS            91
       2.70243137265199
       0.90807035779826
       1.00000000000000
 90 92 -1
obdef
loc3d
        4.94174512165160              0.68484635226999            116.56585693359381     -1
kind
     26     
    8100          153283     
       12.25000000000000  
 OBS            92
       5.75406407976858
       3.52349902462471
       1.00000000000000
 91 93 -1
obdef
loc3d
        4.95420735021482              0.68473663912788             15.00000000000000     -1
kind
     26     
    8100          153283     
       12.25000000000000  
 OBS            93
       3.73565059984040
       1.11260493909300
       1.00000000000000
 92 94 -1
obdef
loc3d
        4.93477042118681              0.68310638816012            118.89588928222661     -1
kind
     26     
    8100          153283     
       12.25000000000000  
 OBS            94
       2.68889946838728
       0.68245451920808
       1.00000000000000
 93 95 -1
obdef
loc3d
        4.93795631029682              0.68276407673392            144.94107055664060     -1
kind
     26     
    8100          153283     
       12.25000000000000  
 OBS            95
       6.25834415814959
       1.47473723555058
       1.00000000000000
 94 96 -1
obdef
loc3d
        4.94001671685736              0.68064929967652             43.67281723022461     -1
kind
     26     
    8100          153283     
       12.25000000000000  
 OBS            96
       5.86501571510654
       1.95293749533572
       1.00000000000000
 95 97 -1
obdef
loc3d
        4.94058460161740              0.67807181314514             70.17810058593750     -1
kind
     26     
    8100          153283     
       12.25000000000000  
 OBS            97
       3.54960052254115
       3.17644124983935
       1.00000000000000
 96 98 -1
obdef
loc3d
        4.95423295419494              0.68033176843505              3.71636104583740     -1
kind
     26     
    8100          153283     
       12.25000000000000  
 OBS            98
       2.60515519666411
      -1.92873126622076
       1.00000000000000
 97 99 -1
obdef
loc3d
        4.94926894458696              0.66642585587446             10.91526031494141     -1
kind
     26     
    8100          153283     
       12.25000000000000  
 OBS            99
      -3.46609217542697
       3.39601984014285
       1.00000000000000
 98 100 -1
obdef
loc3d
        4.96223480186848              0.66700036066835              5.00000000000000     -1
kind
     26     
    8100          153283     
       12.25000000000000  
 OBS            100
       6.94500192591145
       1.35973838200951
       1.00000000000000
 99 101 -1
obdef
loc3d
        4.95546148971009              0.67729393735082              6.17724800109863     -1
kind
     26     
    8100          153283     
       12.25000000000000  
 OBS            101
      -5.79246390171326
      -0.18080088792226
       1.00000000000000
 100 102 -1
obdef
loc3d
        4.92652723985629              0.69051382381431            146.04148864746091     -1
kind
     26     
    8100          153283     
       12.25000000000000  
 OBS            102
      -0.87690674292396
       3.12528961571450
       1.00000000000000
 101 103 -1
obdef
loc3d
        4.96366005344362              0.66920346185787              6.00000000000000     -1
kind
     26     
    8100          153283     
       12.25000000000000  
 OBS            103
       4.72175277655362
       3.70896474165632
       1.00000000000000
 102 104 -1
obdef
loc3d
        4.97052949833720              0.66907739847133              8.84140872955322     -1
kind
     26     
    8100          153283     
       12.25000000000000  
 OBS            104
       0.82503326133322
       1.29382201303465
       1.00000000000000
 103 105 -1
obdef
loc3d
        4.93727739535368              0.69277976810143            187.24655151367190     -1
kind
     26     
    8100          153283     
       12.25000000000000  
 OBS            105
       4.03176740744046
       2.42957015156517
       1.00000000000000
 104 106 -1
obdef
loc3d
        4.94575592838423              0.68143846111579             35.01654815673828     -1
kind
     26     
    8100          153283     
       12.25000000000000  
 OBS            106
       3.56225283280110
      -0.22046962781536
       1.00000000000000
 105 107 -1
obdef
loc3d
        4.93184075890513              0.68784163962489             92.58054351806641     -1
kind
     26     
    8100          153283     
       12.25000000000000  
 OBS            107
       1.59008562421229
      -0.17970668939585
       1.00000000000000
 106 108 -1
obdef
loc3d
        4.94081711590956              0.68854862967758            162.55853271484381     -1
kind
     26     
    8100          153283     
       12.25000000000000  
 OBS            108
      -2.99261161631324
       1.23596784956624
       1.00000000000000
 107 109 -1
obdef
loc3d
        4.94249854456299              0.67650785339572             60.39866638183594     -1
kind
     26     
    8100          153283     
       12.25000000000000  
 OBS            109
       0.43457672841466
       0.41766448827626
       1.00000000000000
 108 110 -1
obdef
loc3d
        4.93162931041089              0.68282844530430             93.04485321044922     -1
kind
     26     
    8100          153283     
       12.25000000000000  
 OBS            110
       0.22384466023477
       0.42416479825606
       1.00000000000000
 109 111 -1
obdef
loc3d
        4.93293180012842              0.69147876068069            106.50605773925780     -1
kind
     26     
    8100          153283     
       12.25000000000000  
 OBS            111
      -1.46192940569803
       1.97227699908998
       1.00000000000000
 110 112 -1
obdef
loc3d
        4.94231542915734              0.67925336633936             45.80761718750000     -1
kind
     26     
    8100          153283     
       12.25000000000000  
 OBS            112
      -2.65486692462404
      -0.69663857812968
       1.00000000000000
 111 113 -1
obdef
loc3d
        4.94267046375275              0.67009027494016             28.73577499389648     -1
kind
     26     
    8100          153283     
       12.25000000000000  
 OBS            113
      -1.61221237886036
       2.65306456885817
       1.00000000000000
 112 114 -1
obdef
loc3d
        4.95301390972552              0.69283749825579             93.74549102783203     -1
kind
     26     
    8100          153283     
       12.25000000000000  
 OBS            114
      -0.77563798407706
       1.14871642992380
       1.00000000000000
 113 115 -1
obdef
loc3d
        4.93993476658470              0.67588412939320             29.35707092285156     -1
kind
     26     
    8100          153283     
       12.25000000000000  
 OBS            115
      -2.60437657696653
       0.55142589431076
       1.00000000000000
 114 116 -1
obdef
loc3d
        4.93755681423869              0.67212761520231             23.80049896240234     -1
kind
     26     
    8100          153283     
       12.25000000000000  
 OBS            116
       1.26595768692962
       0.47132190022175
       1.00000000000000
 115 117 -1
obdef
loc3d
        4.93524778363115              0.68687961042640            201.53530883789060     -1
kind
     26     
    8100          153283     
       12.25000000000000  
 OBS            117
       0.36855868319016
       0.07809685592972
       1.00000000000000
 116 118 -1
obdef
loc3d
        4.94487715611266              0.69284945127485            184.54177856445310     -1
kind
     26     
    8100          153283     
       12.25000000000000  
 OBS            118
       1.52615576809422
       0.66427295413236
       1.00000000000000
 117 119 -1
obdef
loc3d
        4.93574679201688              0.68074234291388             92.12267303466797     -1
kind
     26     
    8100          153283     
       12.25000000000000  
 OBS            119
       3.47132855283680
       0.41214279511296
       1.00000000000000
 118 120 -1
obdef
loc3d
        4.93948311897746              0.68677523412020            143.54531860351560     -1
kind
     26     
    8100          153283     
       12.25000000000000  
 OBS            120
      -3.97846104548294
       0.87025576161294
       1.00000000000000
 119 121 -1
obdef
loc3d
        4.93535147134114              0.68874818734546            154.91955566406250     -1
kind
     26     
    8100          153283     
       12.25000000000000  
 OBS            121
      -1.98415315635706
      -0.60821641461436
       1.00000000000000
 120 122 -1
obdef
loc3d
        4.93998720508067              0.67099618858999             15.00000000000000     -1
kind
     26     
    8100          153283     
       12.25000000000000  
 OBS            122
       7.38815191589258
       2.54367681185768
       1.00000000000000
 121 123 -1
obdef
loc3d
        4.95377154670010              0.68841616298427              1.00000000000000     -1
kind
     26     
    8100          153283     
       12.25000000000000  
 OBS            123
       8.77346768516070
       0.93172151787721
       1.00000000000000
 122 124 -1
obdef
loc3d
        4.94369600674710              0.67424831199146             56.55799865722656     -1
kind
     26     
    8100          153283     
       12.25000000000000  
 OBS            124
       7.44577544409258
       2.47542129854317
       1.00000000000000
 123 125 -1
obdef
loc3d
        4.94554915949750              0.67592825057405             27.37830162048340     -1
kind
     26     
    8100          153283     
       12.25000000000000  
 OBS            125
       7.61262567777615
      -0.05380347980441
       1.00000000000000
 124 126 -1
obdef
loc3d
        4.93817225910204              0.68863985936718            220.11502075195310     -1
kind
     26     
    8100          153283     
       12.25000000000000  
 OBS            126
      -4.29523892320954
       0.58855998786094
       1.00000000000000
 125 127 -1
obdef
loc3d
        4.94679227765370              0.67424304503817             25.38815879821777     -1
kind
     26     
    8100          153283     
       12.25000000000000  
 OBS            127
      -1.27652417219555
       1.01794235323088
       1.00000000000000
 126 128 -1
obdef
loc3d
        4.93825175772606              0.67415674930066             45.00000000000000     -1
kind
     26     
    8100          153283     
       12.25000000000000  
 OBS            128
       1.98177146913492
       0.70559466435489
       1.00000000000000
 127 129 -1
obdef
loc3d
        4.94311892630401              0.68721450203000            155.69055175781250     -1
kind
     26     
    8100          153283     
       12.25000000000000  
 OBS            129
       3.68540845818276
       2.01479885252154
       1.00000000000000
 128 130 -1
obdef
loc3d
        4.94449382724881              0.67792071808206             14.15527343750000     -1
kind
     26     
    8100          153283     
       12.25000000000000  
 OBS            130
       2.02888027636049
      -1.24013260347655
       1.00000000000000
 129 131 -1
obdef
loc3d
        4.94565692959859              0.66987151098961             30.00000000000000     -1
kind
     26     
    8100          153283     
       12.25000000000000  
 OBS            131
       1.85150049107571
      -0.05780782557522
       1.00000000000000
 130 132 -1
obdef
loc3d
        4.93623940611723              0.68485115788194            160.48159790039060     -1
kind
     26     
    8100          153283     
       12.25000000000000  
 OBS            132
       1.88864942924670
      -0.90613622475481
       1.00000000000000
 131 133 -1
obdef
loc3d
        4.93207688179052              0.69191340558627            266.88421630859381     -1
kind
     26     
    8100          153283     
       12.25000000000000  
 OBS            133
      10.19104462885430
       0.23877928474320
       1.00000000000000
 132 134 -1
obdef
loc3d
        4.94337184525690              0.69048472086632            168.92642211914060     -1
kind
     26     
    8100          153283     
       12.25000000000000  
 OBS            134
      -2.26512453698194
      -2.13313664906479
       1.00000000000000
 133 135 -1
obdef
loc3d
        4.93083275656657              0.69156409584246            530.37139892578125     -1
kind
     26     
    8100          153283     
       12.25000000000000  
 OBS            135
       4.13529678230473
      -0.38727606507635
       1.00000000000000
 134 136 -1
obdef
loc3d
        4.93576715774405              0.67026358084744             15.00000000000000     -1
kind
     26     
    8100          153283     
       12.25000000000000  
 OBS            136
       2.53266138993378
       1.63024324031500
       1.00000000000000
 135 137 -1
obdef
loc3d
        4.94676264345478              0.69035499858378            170.37097167968750     -1
kind
     26     
    8100          153283     
       12.25000000000000  
 OBS            137
       2.57079279597509
       0.32349771271138
       1.00000000000000
 136 138 -1
obdef
loc3d
        4.94046883892718              0.69230960363225            232.29916381835940     -1
kind
     26     
    8100          153283     
       12.25000000000000  
 OBS            138
      -5.95577540391934
      -0.88598245862720
       1.00000000000000
 137 139 -1
obdef
loc3d
        4.94668005348904              0.66792517272334             30.00000000000000     -1
kind
     26     
    8100          153283     
       12.25000000000000  
 OBS            139
      -2.11295387018046
      -1.58507715919082
       1.00000000000000
 138 140 -1
obdef
loc3d
        4.93142664351951              0.69067116425814            352.18109130859381     -1
kind
     26     
    8100          153283     
       12.25000000000000  
 OBS            140
      -1.64658143239492
       0.66664901014329
       1.00000000000000
 139 141 -1
obdef
loc3d
        4.93315860158957              0.69236546390432            148.09797668457031     -1
kind
     26     
    8100          153283     
       12.25000000000000  
 OBS            141
      -1.00121101305247
       2.67623405577526
       1.00000000000000
 140 142 -1
obdef
loc3d
        4.94330474517536              0.68101851702487             28.94674682617188     -1
kind
     26     
    8100          153283     
       12.25000000000000  
 OBS            142
      -1.17221759000735
       0.19450475533749
       1.00000000000000
 141 143 -1
obdef
loc3d
        4.93900329796962              0.68465687192145            135.10733032226560     -1
kind
     26     
    8100          153283     
       12.25000000000000  
 OBS            143
       0.01240150142019
       1.13673978036272
       1.00000000000000
 142 144 -1
obdef
loc3d
        4.94044166392076              0.68262352587105            131.77731323242190     -1
kind
     26     
    8100          153283     
       12.25000000000000  
 OBS            144
       1.11301191669676
       1.60315143678670
       1.00000000000000
 143 145 -1
obdef
loc3d
        4.92619210793233              0.68978851614430            140.91706848144531     -1
kind
     26     
    8100          153283     
       12.25000000000000  
 OBS            145
      -3.69432986541097
      -1.36155781237776
       1.00000000000000
 144 146 -1
obdef
loc3d
        4.94963312081941              0.66996996266355             29.99300956726074     -1
kind
     26     
    8100          153283     
       12.25000000000000  
 OBS            146
       2.47973312438054
       0.75761976628762
       1.00000000000000
 145 147 -1
obdef
loc3d
        4.92700392971737              0.68887132383449            128.38885498046881     -1
kind
     26     
    8100          153283     
       12.25000000000000  
 OBS            147
      -2.44383424750645
      -0.50590091710803
       1.00000000000000
 146 148 -1
obdef
loc3d
        4.94246333188258              0.67229541033138             45.31371688842773     -1
kind
     26     
    8100          153283     
       12.25000000000000  
 OBS            148
       2.27468470679416
       1.73446427477078
       1.00000000000000
 147 149 -1
obdef
loc3d
        4.94297820410103              0.68302629331082             53.72113800048828     -1
kind
     26     
    8100          153283     
       12.25000000000000  
 OBS            149
       4.09115575349943
       2.79757816335416
       1.00000000000000
 148 150 -1
obdef
loc3d
        4.94625467437127              0.67931016686449             42.11843872070312     -1
kind
     26     
    8100          153283     
       12.25000000000000  
 OBS            150
       3.67824224430477
       1.18129463852950
       1.00000000000000
 149 151 -1
obdef
loc3d
        4.93718236751881              0.69150375136553            153.15858459472659     -1
kind
     26     
    8100          153283     
       12.25000000000000  
 OBS            151
     293.05587382840213
     292.17389506689199
       1.00000000000000
 150 152 -1
obdef
loc3d
        4.90540352515539              0.69194112440599            606.33142089843750     -1
kind
     27     
    8100          153283     
        6.25000000000000  
 OBS            152
     299.78069762862231
     297.67112669682098
       1.00000000000000
 151 153 -1
obdef
loc3d
        4.94546412681761              0.68348353984884             17.75631332397461     -1
kind
     27     
    8100          153283     
        6.25000000000000  
 OBS            153
     298.59337589552695
     298.20664887542500
       1.00000000000000
 152 154 -1
obdef
loc3d
        4.94660974174000              0.67744857875853             29.35406684875488     -1
kind
     27     
    8100          153283     
        6.25000000000000  
 OBS            154
     299.06745271518247
     297.22725523321702
       1.00000000000000
 153 155 -1
obdef
loc3d
        4.94648126630843              0.68652865419204             54.82812500000000     -1
kind
     27     
    8100          153283     
        6.25000000000000  
 OBS            155
     297.81012857226352
     297.42633128714800
       1.00000000000000
 154 156 -1
obdef
loc3d
        4.94445426011379              0.68507566758975             62.61011505126953     -1
kind
     27     
    8100          153283     
        6.25000000000000  
 OBS            156
     296.98503048329746
     296.90174865047402
       1.00000000000000
 155 157 -1
obdef
loc3d
        4.94602055174578              0.68752162087271            134.15721130371091     -1
kind
     27     
    8100          153283     
        6.25000000000000  
 OBS            157
     298.08708926277171
     298.23926431620998
       1.00000000000000
 156 158 -1
obdef
loc3d
        4.94603912728501              0.67254511985829             35.00297546386719     -1
kind
     27     
    8100          153283     
        6.25000000000000  
 OBS            158
     297.91771692115304
     298.23957852560000
       1.00000000000000
 157 159 -1
obdef
loc3d
        4.95877904994953              0.67986585977255             17.04111671447754     -1
kind
     27     
    8100          153283     
        6.25000000000000  
 OBS            159
     296.24484850997055
     296.26748046367402
       1.00000000000000
 158 160 -1
obdef
loc3d
        4.93958042817759              0.69095160998657            226.13127136230469     -1
kind
     27     
    8100          153283     
        6.25000000000000  
 OBS            160
     297.88472711674228
     297.17004140560300
       1.00000000000000
 159 161 -1
obdef
loc3d
        4.95756313665553              0.69181797222864             89.84997558593750     -1
kind
     27     
    8100          153283     
        6.25000000000000  
 OBS            161
     299.44687994280588
     298.02565234221601
       1.00000000000000
 160 162 -1
obdef
loc3d
        4.94078657111844              0.67409210989409             60.81152343750000     -1
kind
     27     
    8100          153283     
        6.25000000000000  
 OBS            162
     298.93719354357273
     298.77883489126202
       1.00000000000000
 161 163 -1
obdef
loc3d
        4.95557846691255              0.67267262139613              1.00000000000000     -1
kind
     27     
    8100          153283     
        6.25000000000000  
 OBS            163
     296.07838683657252
     296.55054404080101
       1.00000000000000
 162 164 -1
obdef
loc3d
        4.93193348448080              0.68856418981073            106.00000000000000     -1
kind
     27     
    8100          153283     
        6.25000000000000  
 OBS            164
     291.52937259997634
     292.13068536845901
       1.00000000000000
 163 165 -1
obdef
loc3d
        4.89970838141578              0.68765245249877            785.09423828125000     -1
kind
     27     
    8100          153283     
        6.25000000000000  
 OBS            165
     296.72363360200484
     297.19999140307800
       1.00000000000000
 164 166 -1
obdef
loc3d
        4.95026814558372              0.68993059237416             93.11567687988281     -1
kind
     27     
    8100          153283     
        6.25000000000000  
 OBS            166
     297.94075015444525
     297.06165125111602
       1.00000000000000
 165 167 -1
obdef
loc3d
        4.94174512165160              0.68484635226999            116.56585693359381     -1
kind
     27     
    8100          153283     
        6.25000000000000  
 OBS            167
     295.68840896618235
     297.59929469730901
       1.00000000000000
 166 168 -1
obdef
loc3d
        4.95420735021482              0.68473663912788             15.00000000000000     -1
kind
     27     
    8100          153283     
        6.25000000000000  
 OBS            168
     296.75850126697765
     296.78864373012402
       1.00000000000000
 167 169 -1
obdef
loc3d
        4.93477042118681              0.68310638816012            118.89588928222661     -1
kind
     27     
    8100          153283     
        6.25000000000000  
 OBS            169
     296.35516305965371
     296.82107733552198
       1.00000000000000
 168 170 -1
obdef
loc3d
        4.93795631029682              0.68276407673392            144.94107055664060     -1
kind
     27     
    8100          153283     
        6.25000000000000  
 OBS            170
     298.63826494142251
     297.67514157133701
       1.00000000000000
 169 171 -1
obdef
loc3d
        4.94001671685736              0.68064929967652             43.67281723022461     -1
kind
     27     
    8100          153283     
        6.25000000000000  
 OBS            171
     296.66044552304083
     297.95043903229703
       1.00000000000000
 170 172 -1
obdef
loc3d
        4.94058460161740              0.67807181314514             70.17810058593750     -1
kind
     27     
    8100          153283     
        6.25000000000000  
 OBS            172
     298.23485574197281
     298.24534411515901
       1.00000000000000
 171 173 -1
obdef
loc3d
        4.95423295419494              0.68033176843505              3.71636104583740     -1
kind
     27     
    8100          153283     
        6.25000000000000  
 OBS            173
     299.31924420568123
     299.99016254519898
       1.00000000000000
 172 174 -1
obdef
loc3d
        4.94926894458696              0.66642585587446             10.91526031494141     -1
kind
     27     
    8100          153283     
        6.25000000000000  
 OBS            174
     299.08389078822893
     300.67235463032603
       1.00000000000000
 173 175 -1
obdef
loc3d
        4.96223480186848              0.66700036066835              5.00000000000000     -1
kind
     27     
    8100          153283     
        6.25000000000000  
 OBS            175
     299.04541890165046
     297.95309325435198
       1.00000000000000
 174 176 -1
obdef
loc3d
        4.95546148971009              0.67729393735082              6.17724800109863     -1
kind
     27     
    8100          153283     
        6.25000000000000  
 OBS            176
     296.96220441391182
     295.47754152255499
       1.00000000000000
 175 177 -1
obdef
loc3d
        4.92652723985629              0.69051382381431            146.04148864746091     -1
kind
     27     
    8100          153283     
        6.25000000000000  
 OBS            177
     302.00008477020742
     299.72328417637402
       1.00000000000000
 176 178 -1
obdef
loc3d
        4.96366005344362              0.66920346185787              6.00000000000000     -1
kind
     27     
    8100          153283     
        6.25000000000000  
 OBS            178
     299.25879263091036
     298.86968812833800
       1.00000000000000
 177 179 -1
obdef
loc3d
        4.97052949833720              0.66907739847133              8.84140872955322     -1
kind
     27     
    8100          153283     
        6.25000000000000  
 OBS            179
     296.86795730679643
     295.90036983925501
       1.00000000000000
 178 180 -1
obdef
loc3d
        4.93727739535368              0.69277976810143            187.24655151367190     -1
kind
     27     
    8100          153283     
        6.25000000000000  
 OBS            180
     297.39807046719443
     297.91626479229899
       1.00000000000000
 179 181 -1
obdef
loc3d
        4.94575592838423              0.68143846111579             35.01654815673828     -1
kind
     27     
    8100          153283     
        6.25000000000000  
 OBS            181
     296.85130846404877
     296.49685323279999
       1.00000000000000
 180 182 -1
obdef
loc3d
        4.93184075890513              0.68784163962489             92.58054351806641     -1
kind
     27     
    8100          153283     
        6.25000000000000  
 OBS            182
     297.58735363737520
     296.98728890023102
       1.00000000000000
 181 183 -1
obdef
loc3d
        4.94081711590956              0.68854862967758            162.55853271484381     -1
kind
     27     
    8100          153283     
        6.25000000000000  
 OBS            183
     297.33833141393961
     298.06577128612503
       1.00000000000000
 182 184 -1
obdef
loc3d
        4.94249854456299              0.67650785339572             60.39866638183594     -1
kind
     27     
    8100          153283     
        6.25000000000000  
 OBS            184
     296.86295039715526
     296.67940048008398
       1.00000000000000
 183 185 -1
obdef
loc3d
        4.93162931041089              0.68282844530430             93.04485321044922     -1
kind
     27     
    8100          153283     
        6.25000000000000  
 OBS            185
     296.09830664036008
     296.90070134858701
       1.00000000000000
 184 186 -1
obdef
loc3d
        4.93293180012842              0.69147876068069            106.50605773925780     -1
kind
     27     
    8100          153283     
        6.25000000000000  
 OBS            186
     298.15651344527788
     298.16779114264801
       1.00000000000000
 185 187 -1
obdef
loc3d
        4.94231542915734              0.67925336633936             45.80761718750000     -1
kind
     27     
    8100          153283     
        6.25000000000000  
 OBS            187
     297.34598719109556
     298.67741051463099
       1.00000000000000
 186 188 -1
obdef
loc3d
        4.94267046375275              0.67009027494016             28.73577499389648     -1
kind
     27     
    8100          153283     
        6.25000000000000  
 OBS            188
     297.24354026359373
     297.53260725399099
       1.00000000000000
 187 189 -1
obdef
loc3d
        4.95301390972552              0.69283749825579             93.74549102783203     -1
kind
     27     
    8100          153283     
        6.25000000000000  
 OBS            189
     299.17864806972614
     298.14973658328898
       1.00000000000000
 188 190 -1
obdef
loc3d
        4.93993476658470              0.67588412939320             29.35707092285156     -1
kind
     27     
    8100          153283     
        6.25000000000000  
 OBS            190
     299.08641723976467
     298.43151626437401
       1.00000000000000
 189 191 -1
obdef
loc3d
        4.93755681423869              0.67212761520231             23.80049896240234     -1
kind
     27     
    8100          153283     
        6.25000000000000  
 OBS            191
     293.28016305551188
     296.59813879429402
       1.00000000000000
 190 192 -1
obdef
loc3d
        4.93524778363115              0.68687961042640            201.53530883789060     -1
kind
     27     
    8100          153283     
        6.25000000000000  
 OBS            192
     297.17668310986409
     296.52840472891899
       1.00000000000000
 191 193 -1
obdef
loc3d
        4.94487715611266              0.69284945127485            184.54177856445310     -1
kind
     27     
    8100          153283     
        6.25000000000000  
 OBS            193
     298.55426590185431
     297.39194832689401
       1.00000000000000
 192 194 -1
obdef
loc3d
        4.93574679201688              0.68074234291388             92.12267303466797     -1
kind
     27     
    8100          153283     
        6.25000000000000  
 OBS            194
     295.27980108940864
     296.73030694601698
       1.00000000000000
 193 195 -1
obdef
loc3d
        4.93948311897746              0.68677523412020            143.54531860351560     -1
kind
     27     
    8100          153283     
        6.25000000000000  
 OBS            195
     295.87889992013351
     296.55341104071499
       1.00000000000000
 194 196 -1
obdef
loc3d
        4.93535147134114              0.68874818734546            154.91955566406250     -1
kind
     27     
    8100          153283     
        6.25000000000000  
 OBS            196
     297.12045187370694
     298.68789563783798
       1.00000000000000
 195 197 -1
obdef
loc3d
        4.93998720508067              0.67099618858999             15.00000000000000     -1
kind
     27     
    8100          153283     
        6.25000000000000  
 OBS            197
     298.49355444832105
     297.42244435803701
       1.00000000000000
 196 198 -1
obdef
loc3d
        4.95377154670010              0.68841616298427              1.00000000000000     -1
kind
     27     
    8100          153283     
        6.25000000000000  
 OBS            198
     299.13551632690695
     298.07421401134098
       1.00000000000000
 197 199 -1
obdef
loc3d
        4.94369600674710              0.67424831199146             56.55799865722656     -1
kind
     27     
    8100          153283     
        6.25000000000000  
 OBS            199
     298.69436895299555
     298.03112887154998
       1.00000000000000
 198 200 -1
obdef
loc3d
        4.94554915949750              0.67592825057405             27.37830162048340     -1
kind
     27     
    8100          153283     
        6.25000000000000  
 OBS            200
     296.57097347895848
     296.30415538043502
       1.00000000000000
 199 201 -1
obdef
loc3d
        4.93817225910204              0.68863985936718            220.11502075195310     -1
kind
     27     
    8100          153283     
        6.25000000000000  
 OBS            201
     296.64931621218403
     298.00140995267401
       1.00000000000000
 200 202 -1
obdef
loc3d
        4.94679227765370              0.67424304503817             25.38815879821777     -1
kind
     27     
    8100          153283     
        6.25000000000000  
 OBS            202
     299.61058417956241
     298.03687718018500
       1.00000000000000
 201 203 -1
obdef
loc3d
        4.93825175772606              0.67415674930066             45.00000000000000     -1
kind
     27     
    8100          153283     
        6.25000000000000  
 OBS            203
     297.50036147414403
     296.83559671737697
       1.00000000000000
 202 204 -1
obdef
loc3d
        4.94311892630401              0.68721450203000            155.69055175781250     -1
kind
     27     
    8100          153283     
        6.25000000000000  
 OBS            204
     297.49838203669481
     298.00405936342202
       1.00000000000000
 203 205 -1
obdef
loc3d
        4.94449382724881              0.67792071808206             14.15527343750000     -1
kind
     27     
    8100          153283     
        6.25000000000000  
 OBS            205
     297.82105951148230
     298.69461379532402
       1.00000000000000
 204 206 -1
obdef
loc3d
        4.94565692959859              0.66987151098961             30.00000000000000     -1
kind
     27     
    8100          153283     
        6.25000000000000  
 OBS            206
     295.83946159906208
     296.91015717208597
       1.00000000000000
 205 207 -1
obdef
loc3d
        4.93623940611723              0.68485115788194            160.48159790039060     -1
kind
     27     
    8100          153283     
        6.25000000000000  
 OBS            207
     294.89698775357249
     296.06402699591899
       1.00000000000000
 206 208 -1
obdef
loc3d
        4.93207688179052              0.69191340558627            266.88421630859381     -1
kind
     27     
    8100          153283     
        6.25000000000000  
 OBS            208
     297.01741880301284
     296.78237812350397
       1.00000000000000
 207 209 -1
obdef
loc3d
        4.94337184525690              0.69048472086632            168.92642211914060     -1
kind
     27     
    8100          153283     
        6.25000000000000  
 OBS            209
     292.31626201503252
     294.27728456626102
       1.00000000000000
 208 210 -1
obdef
loc3d
        4.93083275656657              0.69156409584246            530.37139892578125     -1
kind
     27     
    8100          153283     
        6.25000000000000  
 OBS            210
     298.78414242884509
     298.81570555168702
       1.00000000000000
 209 211 -1
obdef
loc3d
        4.93576715774405              0.67026358084744             15.00000000000000     -1
kind
     27     
    8100          153283     
        6.25000000000000  
 OBS            211
     297.66906255492069
     296.93309103240802
       1.00000000000000
 210 212 -1
obdef
loc3d
        4.94676264345478              0.69035499858378            170.37097167968750     -1
kind
     27     
    8100          153283     
        6.25000000000000  
 OBS            212
     294.66286689134006
     296.08575844874002
       1.00000000000000
 211 213 -1
obdef
loc3d
        4.94046883892718              0.69230960363225            232.29916381835940     -1
kind
     27     
    8100          153283     
        6.25000000000000  
 OBS            213
     298.43725876929193
     299.45995795882101
       1.00000000000000
 212 214 -1
obdef
loc3d
        4.94668005348904              0.66792517272334             30.00000000000000     -1
kind
     27     
    8100          153283     
        6.25000000000000  
 OBS            214
     293.58569218671948
     295.50424017048101
       1.00000000000000
 213 215 -1
obdef
loc3d
        4.93142664351951              0.69067116425814            352.18109130859381     -1
kind
     27     
    8100          153283     
        6.25000000000000  
 OBS            215
     295.54742120961930
     296.25924746172598
       1.00000000000000
 214 216 -1
obdef
loc3d
        4.93315860158957              0.69236546390432            148.09797668457031     -1
kind
     27     
    8100          153283     
        6.25000000000000  
 OBS            216
     296.24134218295524
     297.89281920386401
       1.00000000000000
 215 217 -1
obdef
loc3d
        4.94330474517536              0.68101851702487             28.94674682617188     -1
kind
     27     
    8100          153283     
        6.25000000000000  
 OBS            217
     296.57122707855473
     296.88078676037600
       1.00000000000000
 216 218 -1
obdef
loc3d
        4.93900329796962              0.68465687192145            135.10733032226560     -1
kind
     27     
    8100          153283     
        6.25000000000000  
 OBS            218
     299.06366720380561
     296.98656316821501
       1.00000000000000
 217 219 -1
obdef
loc3d
        4.94044166392076              0.68262352587105            131.77731323242190     -1
kind
     27     
    8100          153283     
        6.25000000000000  
 OBS            219
     294.99200444584187
     295.38056395311798
       1.00000000000000
 218 220 -1
obdef
loc3d
        4.92619210793233              0.68978851614430            140.91706848144531     -1
kind
     27     
    8100          153283     
        6.25000000000000  
 OBS            220
     297.63688918103117
     299.11482264700498
       1.00000000000000
 219 221 -1
obdef
loc3d
        4.94963312081941              0.66996996266355             29.99300956726074     -1
kind
     27     
    8100          153283     
        6.25000000000000  
 OBS            221
     295.36220253269897
     296.03231416322001
       1.00000000000000
 220 222 -1
obdef
loc3d
        4.92700392971737              0.68887132383449            128.38885498046881     -1
kind
     27     
    8100          153283     
        6.25000000000000  
 OBS            222
     298.63876924997152
     298.39736839388900
       1.00000000000000
 221 223 -1
obdef
loc3d
        4.94246333188258              0.67229541033138             45.31371688842773     -1
kind
     27     
    8100          153283     
        6.25000000000000  
 OBS            223
     297.61604175887913
     297.30825099011003
       1.00000000000000
 222 224 -1
obdef
loc3d
        4.94297820410103              0.68302629331082             53.72113800048828     -1
kind
     27     
    8100          153283     
        6.25000000000000  
 OBS            224
     296.71943113503397
     298.16033137499801
       1.00000000000000
 223 225 -1
obdef
loc3d
        4.94625467437127              0.67931016686449             42.11843872070312     -1
kind
     27     
    8100          153283     
        6.25000000000000  
 OBS            225
     296.38300270859918
     296.48460480073697
       1.00000000000000
 224 -1 -1
obdef
loc3d
        4.93718236751881              0.69150375136553            153.15858459472659     -1
kind
     27     
    8100          153283     
        6.25000000000000  
