 obs_sequence
obs_kind_definitions
       3
    25          LAND_SFC_U_WIND_COMPONENT   
    26          LAND_SFC_V_WIND_COMPONENT   
    27          LAND_SFC_TEMPERATURE   
  num_copies:            2  num_qc:            1
 num_obs:       225  max_num_obs:       225
observations
truth
QC radar
  first:            1  last:       225
 OBS            1
       4.82369668042399
       1.77087529883776
       1.00000000000000
 -1 2 -1
obdef
loc3d
        4.90540352515539              0.69194112440599            606.33142089843750     -1
kind
     25     
    7200          153283     
       12.25000000000000  
 OBS            2
       0.05685195298526
       2.00507680021029
       1.00000000000000
 1 3 -1
obdef
loc3d
        4.94546412681761              0.68348353984884             17.75631332397461     -1
kind
     25     
    7200          153283     
       12.25000000000000  
 OBS            3
       4.85270962369399
       0.80101831358439
       1.00000000000000
 2 4 -1
obdef
loc3d
        4.94660974174000              0.67744857875853             29.35406684875488     -1
kind
     25     
    7200          153283     
       12.25000000000000  
 OBS            4
      -3.43279820299326
       1.55882830321797
       1.00000000000000
 3 5 -1
obdef
loc3d
        4.94648126630843              0.68652865419204             54.82812500000000     -1
kind
     25     
    7200          153283     
       12.25000000000000  
 OBS            5
      -3.49857575037582
       2.38692145647275
       1.00000000000000
 4 6 -1
obdef
loc3d
        4.94445426011379              0.68507566758975             62.61011505126953     -1
kind
     25     
    7200          153283     
       12.25000000000000  
 OBS            6
      -1.03762053035030
       1.97666836773177
       1.00000000000000
 5 7 -1
obdef
loc3d
        4.94602055174578              0.68752162087271            134.15721130371091     -1
kind
     25     
    7200          153283     
       12.25000000000000  
 OBS            7
       0.22179263947555
       0.57211281158856
       1.00000000000000
 6 8 -1
obdef
loc3d
        4.94603912728501              0.67254511985829             35.00297546386719     -1
kind
     25     
    7200          153283     
       12.25000000000000  
 OBS            8
      -1.44440316229520
       0.55791631878091
       1.00000000000000
 7 9 -1
obdef
loc3d
        4.95877904994953              0.67986585977255             17.04111671447754     -1
kind
     25     
    7200          153283     
       12.25000000000000  
 OBS            9
       2.13100279211328
       4.47106024867844
       1.00000000000000
 8 10 -1
obdef
loc3d
        4.93958042817759              0.69095160998657            226.13127136230469     -1
kind
     25     
    7200          153283     
       12.25000000000000  
 OBS            10
       2.92487557333064
       4.87489842493470
       1.00000000000000
 9 11 -1
obdef
loc3d
        4.95756313665553              0.69181797222864             89.84997558593750     -1
kind
     25     
    7200          153283     
       12.25000000000000  
 OBS            11
      -3.50888430663267
       0.08054608396136
       1.00000000000000
 10 12 -1
obdef
loc3d
        4.94078657111844              0.67409210989409             60.81152343750000     -1
kind
     25     
    7200          153283     
       12.25000000000000  
 OBS            12
       3.36307279081962
       2.00930556199549
       1.00000000000000
 11 13 -1
obdef
loc3d
        4.95557846691255              0.67267262139613              1.00000000000000     -1
kind
     25     
    7200          153283     
       12.25000000000000  
 OBS            13
       2.30664342376648
       1.20994539029699
       1.00000000000000
 12 14 -1
obdef
loc3d
        4.93193348448080              0.68856418981073            106.00000000000000     -1
kind
     25     
    7200          153283     
       12.25000000000000  
 OBS            14
       0.81851886115631
       5.47566401447964
       1.00000000000000
 13 15 -1
obdef
loc3d
        4.89970838141578              0.68765245249877            785.09423828125000     -1
kind
     25     
    7200          153283     
       12.25000000000000  
 OBS            15
      -2.60563632920975
       2.75598441420748
       1.00000000000000
 14 16 -1
obdef
loc3d
        4.95026814558372              0.68993059237416             93.11567687988281     -1
kind
     25     
    7200          153283     
       12.25000000000000  
 OBS            16
       4.38148646202496
       3.79046743821660
       1.00000000000000
 15 17 -1
obdef
loc3d
        4.94174512165160              0.68484635226999            116.56585693359381     -1
kind
     25     
    7200          153283     
       12.25000000000000  
 OBS            17
      -3.82398763509338
       0.41398148026097
       1.00000000000000
 16 18 -1
obdef
loc3d
        4.95420735021482              0.68473663912788             15.00000000000000     -1
kind
     25     
    7200          153283     
       12.25000000000000  
 OBS            18
       1.86781917776015
       1.41922947236086
       1.00000000000000
 17 19 -1
obdef
loc3d
        4.93477042118681              0.68310638816012            118.89588928222661     -1
kind
     25     
    7200          153283     
       12.25000000000000  
 OBS            19
      -1.12090129822756
       2.90046874306871
       1.00000000000000
 18 20 -1
obdef
loc3d
        4.93795631029682              0.68276407673392            144.94107055664060     -1
kind
     25     
    7200          153283     
       12.25000000000000  
 OBS            20
       3.97546931411712
       1.52526804015569
       1.00000000000000
 19 21 -1
obdef
loc3d
        4.94001671685736              0.68064929967652             43.67281723022461     -1
kind
     25     
    7200          153283     
       12.25000000000000  
 OBS            21
      -2.32564616048048
       1.20712349138747
       1.00000000000000
 20 22 -1
obdef
loc3d
        4.94058460161740              0.67807181314514             70.17810058593750     -1
kind
     25     
    7200          153283     
       12.25000000000000  
 OBS            22
       2.27686799283680
       1.03349010155106
       1.00000000000000
 21 23 -1
obdef
loc3d
        4.95423295419494              0.68033176843505              3.71636104583740     -1
kind
     25     
    7200          153283     
       12.25000000000000  
 OBS            23
       3.00473445758378
       2.27330849326632
       1.00000000000000
 22 24 -1
obdef
loc3d
        4.94926894458696              0.66642585587446             10.91526031494141     -1
kind
     25     
    7200          153283     
       12.25000000000000  
 OBS            24
       3.70097727704823
       2.24522320851782
       1.00000000000000
 23 25 -1
obdef
loc3d
        4.96223480186848              0.66700036066835              5.00000000000000     -1
kind
     25     
    7200          153283     
       12.25000000000000  
 OBS            25
       2.38451149139936
       1.80198748898385
       1.00000000000000
 24 26 -1
obdef
loc3d
        4.95546148971009              0.67729393735082              6.17724800109863     -1
kind
     25     
    7200          153283     
       12.25000000000000  
 OBS            26
      -1.37803242255479
       2.02874907390000
       1.00000000000000
 25 27 -1
obdef
loc3d
        4.92652723985629              0.69051382381431            146.04148864746091     -1
kind
     25     
    7200          153283     
       12.25000000000000  
 OBS            27
      -1.26760544712206
       1.06956352331443
       1.00000000000000
 26 28 -1
obdef
loc3d
        4.96366005344362              0.66920346185787              6.00000000000000     -1
kind
     25     
    7200          153283     
       12.25000000000000  
 OBS            28
       4.07489074021653
       1.35479093627600
       1.00000000000000
 27 29 -1
obdef
loc3d
        4.97052949833720              0.66907739847133              8.84140872955322     -1
kind
     25     
    7200          153283     
       12.25000000000000  
 OBS            29
       6.11389162673696
       4.88372804200372
       1.00000000000000
 28 30 -1
obdef
loc3d
        4.93505853489354              0.69035668900909            163.38452148437500     -1
kind
     25     
    7200          153283     
       12.25000000000000  
 OBS            30
      -1.53512746278252
      -0.37664007638573
       1.00000000000000
 29 31 -1
obdef
loc3d
        4.93979773523841              0.67259214116167             45.00000000000000     -1
kind
     25     
    7200          153283     
       12.25000000000000  
 OBS            31
       6.97964744761814
       3.29899713938585
       1.00000000000000
 30 32 -1
obdef
loc3d
        4.92901815402419              0.68818595396932            126.56063842773440     -1
kind
     25     
    7200          153283     
       12.25000000000000  
 OBS            32
      -0.79426159454839
       3.50080720506504
       1.00000000000000
 31 33 -1
obdef
loc3d
        4.92864050752959              0.68988490592333            360.09008789062500     -1
kind
     25     
    7200          153283     
       12.25000000000000  
 OBS            33
       1.26455294234311
       4.53781679452186
       1.00000000000000
 32 34 -1
obdef
loc3d
        4.94071794293451              0.68880476183725            173.77728271484381     -1
kind
     25     
    7200          153283     
       12.25000000000000  
 OBS            34
      -0.41836154425031
       0.61755458606804
       1.00000000000000
 33 35 -1
obdef
loc3d
        4.94475069255349              0.67936922784321             17.10044860839844     -1
kind
     25     
    7200          153283     
       12.25000000000000  
 OBS            35
      -1.39224247270436
       1.56243821221589
       1.00000000000000
 34 36 -1
obdef
loc3d
        4.93040524362615              0.68956958577383            472.38653564453119     -1
kind
     25     
    7200          153283     
       12.25000000000000  
 OBS            36
       2.12206817889182
       4.03905617264906
       1.00000000000000
 35 37 -1
obdef
loc3d
        4.93438788521233              0.68743777381223            157.39462280273440     -1
kind
     25     
    7200          153283     
       12.25000000000000  
 OBS            37
      -2.45248167873451
       3.10572756962412
       1.00000000000000
 36 38 -1
obdef
loc3d
        4.93003537520636              0.69083454089469            382.75677490234381     -1
kind
     25     
    7200          153283     
       12.25000000000000  
 OBS            38
       4.74606610211926
       3.01814679519363
       1.00000000000000
 37 39 -1
obdef
loc3d
        4.94262489165251              0.68702513034102            130.29710388183591     -1
kind
     25     
    7200          153283     
       12.25000000000000  
 OBS            39
       9.00399605524304
       4.08738238105370
       1.00000000000000
 38 40 -1
obdef
loc3d
        4.93100113789334              0.68653549583784             94.66114807128906     -1
kind
     25     
    7200          153283     
       12.25000000000000  
 OBS            40
       3.92328034801959
       1.28403940022572
       1.00000000000000
 39 41 -1
obdef
loc3d
        4.94000002935902              0.67612888350011             59.69976806640625     -1
kind
     25     
    7200          153283     
       12.25000000000000  
 OBS            41
       6.43885702291893
       5.43170386192158
       1.00000000000000
 40 42 -1
obdef
loc3d
        4.94231604692662              0.69077376274482            190.83442687988281     -1
kind
     25     
    7200          153283     
       12.25000000000000  
 OBS            42
       2.95484607918412
       3.53185391119898
       1.00000000000000
 41 43 -1
obdef
loc3d
        4.93554247635603              0.69268257167582            131.09960937500000     -1
kind
     25     
    7200          153283     
       12.25000000000000  
 OBS            43
       4.37954264748330
       3.81455022411633
       1.00000000000000
 42 44 -1
obdef
loc3d
        4.94069913477896              0.68279864123905            131.77731323242190     -1
kind
     25     
    7200          153283     
       12.25000000000000  
 OBS            44
       2.21216154603614
       0.19114461902501
       1.00000000000000
 43 45 -1
obdef
loc3d
        4.94367854378329              0.67420565331297             56.55799865722656     -1
kind
     25     
    7200          153283     
       12.25000000000000  
 OBS            45
      -0.25610672942884
       0.20582052659633
       1.00000000000000
 44 46 -1
obdef
loc3d
        4.93814984943932              0.67457436016830             39.55386734008789     -1
kind
     25     
    7200          153283     
       12.25000000000000  
 OBS            46
       4.29024133798357
       1.66738414916886
       1.00000000000000
 45 47 -1
obdef
loc3d
        4.94253566982520              0.68065092526894             48.56933593750000     -1
kind
     25     
    7200          153283     
       12.25000000000000  
 OBS            47
       6.52234408820641
       2.58506979022692
       1.00000000000000
 46 48 -1
obdef
loc3d
        4.93593154408741              0.68080949477360             85.35743713378906     -1
kind
     25     
    7200          153283     
       12.25000000000000  
 OBS            48
      -2.71699755329491
       3.93776228194207
       1.00000000000000
 47 49 -1
obdef
loc3d
        4.94758068519446              0.69282395273635            179.51908874511719     -1
kind
     25     
    7200          153283     
       12.25000000000000  
 OBS            49
       2.43423549934853
      -0.48001972612775
       1.00000000000000
 48 50 -1
obdef
loc3d
        4.93541634697774              0.67261831698898             21.54207611083984     -1
kind
     25     
    7200          153283     
       12.25000000000000  
 OBS            50
       1.38108852551995
       4.86167924900193
       1.00000000000000
 49 51 -1
obdef
loc3d
        4.93342752395137              0.68533697059699            120.48287200927730     -1
kind
     25     
    7200          153283     
       12.25000000000000  
 OBS            51
       4.07062856574644
      -0.07460243416587
       1.00000000000000
 50 52 -1
obdef
loc3d
        4.92811551620144              0.69141391763145            189.00242614746091     -1
kind
     25     
    7200          153283     
       12.25000000000000  
 OBS            52
       4.62390081991665
       1.24371384228888
       1.00000000000000
 51 53 -1
obdef
loc3d
        4.94328780634786              0.67761918906629             21.61136627197266     -1
kind
     25     
    7200          153283     
       12.25000000000000  
 OBS            53
       6.35732413023778
       5.48844405084004
       1.00000000000000
 52 54 -1
obdef
loc3d
        4.93617130041664              0.68578341426755            199.41349792480469     -1
kind
     25     
    7200          153283     
       12.25000000000000  
 OBS            54
      -0.47825781324196
       1.39768306290366
       1.00000000000000
 53 55 -1
obdef
loc3d
        4.94488890698391              0.68151038983677             42.34177017211914     -1
kind
     25     
    7200          153283     
       12.25000000000000  
 OBS            55
       6.03158349827475
       1.86085928954101
       1.00000000000000
 54 56 -1
obdef
loc3d
        4.94610769319308              0.67540343249948             44.88281250000000     -1
kind
     25     
    7200          153283     
       12.25000000000000  
 OBS            56
       1.20489884532437
       5.07795504300759
       1.00000000000000
 55 57 -1
obdef
loc3d
        4.93098289428918              0.69278368564599            411.59194946289062     -1
kind
     25     
    7200          153283     
       12.25000000000000  
 OBS            57
      -2.38168192089884
      -0.90191296038770
       1.00000000000000
 56 58 -1
obdef
loc3d
        4.93746284305807              0.67295620864423             44.45593643188477     -1
kind
     25     
    7200          153283     
       12.25000000000000  
 OBS            58
       3.92473363313162
       3.88835885918073
       1.00000000000000
 57 59 -1
obdef
loc3d
        4.93742549337872              0.68866580079864            241.84100341796881     -1
kind
     25     
    7200          153283     
       12.25000000000000  
 OBS            59
       7.10175529753885
       0.47342640703248
       1.00000000000000
 58 60 -1
obdef
loc3d
        4.94310367286119              0.67063823067780             37.30942153930664     -1
kind
     25     
    7200          153283     
       12.25000000000000  
 OBS            60
       1.93761863321061
       4.35867766165498
       1.00000000000000
 59 61 -1
obdef
loc3d
        4.94312354358950              0.69286317278749            201.84664916992190     -1
kind
     25     
    7200          153283     
       12.25000000000000  
 OBS            61
      -1.22498886540177
      -2.14344653276874
       1.00000000000000
 60 62 -1
obdef
loc3d
        4.93202293942753              0.69056809921756            124.38476562500000     -1
kind
     25     
    7200          153283     
       12.25000000000000  
 OBS            62
      -2.48592388903098
       3.38095863993847
       1.00000000000000
 61 63 -1
obdef
loc3d
        4.93852899085493              0.69282303339671            210.85327148437500     -1
kind
     25     
    7200          153283     
       12.25000000000000  
 OBS            63
       0.81131272805373
       3.51052640550554
       1.00000000000000
 62 64 -1
obdef
loc3d
        4.93925110381924              0.68654477021234            169.40324401855469     -1
kind
     25     
    7200          153283     
       12.25000000000000  
 OBS            64
       1.55817689703281
       3.28758977232049
       1.00000000000000
 63 65 -1
obdef
loc3d
        4.94561300163474              0.69021407942450            101.67103576660161     -1
kind
     25     
    7200          153283     
       12.25000000000000  
 OBS            65
       3.13621136174507
       1.68119547936630
       1.00000000000000
 64 66 -1
obdef
loc3d
        4.94677761419795              0.66921213830349             30.00000000000000     -1
kind
     25     
    7200          153283     
       12.25000000000000  
 OBS            66
       0.76359578929500
       2.49704566156155
       1.00000000000000
 65 67 -1
obdef
loc3d
        4.91464000802058              0.69220313236118            256.98049926757812     -1
kind
     25     
    7200          153283     
       12.25000000000000  
 OBS            67
      -2.11862540217531
       0.59690863475584
       1.00000000000000
 66 68 -1
obdef
loc3d
        4.91222840493483              0.69213090540308            311.66015625000000     -1
kind
     25     
    7200          153283     
       12.25000000000000  
 OBS            68
       2.66866503045587
       3.69120011819324
       1.00000000000000
 67 69 -1
obdef
loc3d
        4.90319820253832              0.69077085029214            558.21520996093750     -1
kind
     25     
    7200          153283     
       12.25000000000000  
 OBS            69
       1.01083397343917
       1.81345271846446
       1.00000000000000
 68 70 -1
obdef
loc3d
        4.90548367400941              0.68961427180382            340.45385742187500     -1
kind
     25     
    7200          153283     
       12.25000000000000  
 OBS            70
       3.48081887015892
       2.38046976605170
       1.00000000000000
 69 71 -1
obdef
loc3d
        4.90182808691748              0.69286665451088            711.58941650390625     -1
kind
     25     
    7200          153283     
       12.25000000000000  
 OBS            71
       3.49137242156710
       1.23321739959599
       1.00000000000000
 70 72 -1
obdef
loc3d
        4.92199514385413              0.69211089395115            185.84292602539060     -1
kind
     25     
    7200          153283     
       12.25000000000000  
 OBS            72
       0.95332483347525
       3.05864034566596
       1.00000000000000
 71 73 -1
obdef
loc3d
        4.91709198426003              0.69266703903771            205.88345336914060     -1
kind
     25     
    7200          153283     
       12.25000000000000  
 OBS            73
      -2.75758108629257
       1.42745948420671
       1.00000000000000
 72 74 -1
obdef
loc3d
        4.91305125126208              0.69031483822850            320.48217773437500     -1
kind
     25     
    7200          153283     
       12.25000000000000  
 OBS            74
      -1.27476902133917
       1.55155376051762
       1.00000000000000
 73 75 -1
obdef
loc3d
        4.90918301095293              0.69233086407935            229.95614624023440     -1
kind
     25     
    7200          153283     
       12.25000000000000  
 OBS            75
       6.64700856829677
       4.62662664506714
       1.00000000000000
 74 76 -1
obdef
loc3d
        4.90002894620424              0.69031812013417            840.25653076171875     -1
kind
     25     
    7200          153283     
       12.25000000000000  
 OBS            76
       1.62429061921805
       1.10139788015598
       1.00000000000000
 75 77 -1
obdef
loc3d
        4.90540352515539              0.69194112440599            606.33142089843750     -1
kind
     26     
    7200          153283     
       12.25000000000000  
 OBS            77
       3.93973271406875
       2.18641255500290
       1.00000000000000
 76 78 -1
obdef
loc3d
        4.94546412681761              0.68348353984884             17.75631332397461     -1
kind
     26     
    7200          153283     
       12.25000000000000  
 OBS            78
      -2.11794406360657
       2.49778379070728
       1.00000000000000
 77 79 -1
obdef
loc3d
        4.94660974174000              0.67744857875853             29.35406684875488     -1
kind
     26     
    7200          153283     
       12.25000000000000  
 OBS            79
       8.05929162507347
       1.71580311314937
       1.00000000000000
 78 80 -1
obdef
loc3d
        4.94648126630843              0.68652865419204             54.82812500000000     -1
kind
     26     
    7200          153283     
       12.25000000000000  
 OBS            80
       2.56113066824957
       1.43263056808034
       1.00000000000000
 79 81 -1
obdef
loc3d
        4.94445426011379              0.68507566758975             62.61011505126953     -1
kind
     26     
    7200          153283     
       12.25000000000000  
 OBS            81
       0.79192021733689
       1.61568168674582
       1.00000000000000
 80 82 -1
obdef
loc3d
        4.94602055174578              0.68752162087271            134.15721130371091     -1
kind
     26     
    7200          153283     
       12.25000000000000  
 OBS            82
      -2.56056535479467
      -1.44186203674085
       1.00000000000000
 81 83 -1
obdef
loc3d
        4.94603912728501              0.67254511985829             35.00297546386719     -1
kind
     26     
    7200          153283     
       12.25000000000000  
 OBS            83
      -1.16778765507999
       0.76156822928837
       1.00000000000000
 82 84 -1
obdef
loc3d
        4.95877904994953              0.67986585977255             17.04111671447754     -1
kind
     26     
    7200          153283     
       12.25000000000000  
 OBS            84
      -0.77202496467333
       1.18180446831767
       1.00000000000000
 83 85 -1
obdef
loc3d
        4.93958042817759              0.69095160998657            226.13127136230469     -1
kind
     26     
    7200          153283     
       12.25000000000000  
 OBS            85
       2.31217261810220
       4.67688896760088
       1.00000000000000
 84 86 -1
obdef
loc3d
        4.95756313665553              0.69181797222864             89.84997558593750     -1
kind
     26     
    7200          153283     
       12.25000000000000  
 OBS            86
      -3.97817782196308
       0.45622772307458
       1.00000000000000
 85 87 -1
obdef
loc3d
        4.94078657111844              0.67409210989409             60.81152343750000     -1
kind
     26     
    7200          153283     
       12.25000000000000  
 OBS            87
      -3.18544684714343
      -2.57590234907964
       1.00000000000000
 86 88 -1
obdef
loc3d
        4.95557846691255              0.67267262139613              1.00000000000000     -1
kind
     26     
    7200          153283     
       12.25000000000000  
 OBS            88
      -1.67104823421982
       0.16192391006912
       1.00000000000000
 87 89 -1
obdef
loc3d
        4.93193348448080              0.68856418981073            106.00000000000000     -1
kind
     26     
    7200          153283     
       12.25000000000000  
 OBS            89
      -5.64270458965588
      -0.89075847471143
       1.00000000000000
 88 90 -1
obdef
loc3d
        4.89970838141578              0.68765245249877            785.09423828125000     -1
kind
     26     
    7200          153283     
       12.25000000000000  
 OBS            90
       5.96802207184089
       2.52742161437373
       1.00000000000000
 89 91 -1
obdef
loc3d
        4.95026814558372              0.68993059237416             93.11567687988281     -1
kind
     26     
    7200          153283     
       12.25000000000000  
 OBS            91
      -3.52775110741855
       1.10173410744281
       1.00000000000000
 90 92 -1
obdef
loc3d
        4.94174512165160              0.68484635226999            116.56585693359381     -1
kind
     26     
    7200          153283     
       12.25000000000000  
 OBS            92
      -1.22817133897072
       3.17411186375560
       1.00000000000000
 91 93 -1
obdef
loc3d
        4.95420735021482              0.68473663912788             15.00000000000000     -1
kind
     26     
    7200          153283     
       12.25000000000000  
 OBS            93
       4.21490351667586
       0.89609521278989
       1.00000000000000
 92 94 -1
obdef
loc3d
        4.93477042118681              0.68310638816012            118.89588928222661     -1
kind
     26     
    7200          153283     
       12.25000000000000  
 OBS            94
       1.02489399971588
       0.90200424952572
       1.00000000000000
 93 95 -1
obdef
loc3d
        4.93795631029682              0.68276407673392            144.94107055664060     -1
kind
     26     
    7200          153283     
       12.25000000000000  
 OBS            95
       3.20657205622209
       1.50047386765138
       1.00000000000000
 94 96 -1
obdef
loc3d
        4.94001671685736              0.68064929967652             43.67281723022461     -1
kind
     26     
    7200          153283     
       12.25000000000000  
 OBS            96
       2.51061848307675
       2.40848420652517
       1.00000000000000
 95 97 -1
obdef
loc3d
        4.94058460161740              0.67807181314514             70.17810058593750     -1
kind
     26     
    7200          153283     
       12.25000000000000  
 OBS            97
       4.42792723316525
       3.18139337937543
       1.00000000000000
 96 98 -1
obdef
loc3d
        4.95423295419494              0.68033176843505              3.71636104583740     -1
kind
     26     
    7200          153283     
       12.25000000000000  
 OBS            98
      -0.44302775330544
       1.34527627640972
       1.00000000000000
 97 99 -1
obdef
loc3d
        4.94926894458696              0.66642585587446             10.91526031494141     -1
kind
     26     
    7200          153283     
       12.25000000000000  
 OBS            99
       4.63275468246528
       3.88633175933509
       1.00000000000000
 98 100 -1
obdef
loc3d
        4.96223480186848              0.66700036066835              5.00000000000000     -1
kind
     26     
    7200          153283     
       12.25000000000000  
 OBS            100
      -7.00773531467937
       2.05974493933766
       1.00000000000000
 99 101 -1
obdef
loc3d
        4.95546148971009              0.67729393735082              6.17724800109863     -1
kind
     26     
    7200          153283     
       12.25000000000000  
 OBS            101
      -4.13750089977929
      -0.66324186774388
       1.00000000000000
 100 102 -1
obdef
loc3d
        4.92652723985629              0.69051382381431            146.04148864746091     -1
kind
     26     
    7200          153283     
       12.25000000000000  
 OBS            102
       1.67439366722490
       3.64020625732284
       1.00000000000000
 101 103 -1
obdef
loc3d
        4.96366005344362              0.66920346185787              6.00000000000000     -1
kind
     26     
    7200          153283     
       12.25000000000000  
 OBS            103
      -5.52026951351828
       3.92101091102840
       1.00000000000000
 102 104 -1
obdef
loc3d
        4.97052949833720              0.66907739847133              8.84140872955322     -1
kind
     26     
    7200          153283     
       12.25000000000000  
 OBS            104
      -3.12134680939206
      -0.39965268800644
       1.00000000000000
 103 105 -1
obdef
loc3d
        4.93505853489354              0.69035668900909            163.38452148437500     -1
kind
     26     
    7200          153283     
       12.25000000000000  
 OBS            105
      -3.81027985742520
      -0.45461544641360
       1.00000000000000
 104 106 -1
obdef
loc3d
        4.93979773523841              0.67259214116167             45.00000000000000     -1
kind
     26     
    7200          153283     
       12.25000000000000  
 OBS            106
       1.44094452650664
      -1.21580526371846
       1.00000000000000
 105 107 -1
obdef
loc3d
        4.92901815402419              0.68818595396932            126.56063842773440     -1
kind
     26     
    7200          153283     
       12.25000000000000  
 OBS            107
       0.95542902285421
      -1.40716631715843
       1.00000000000000
 106 108 -1
obdef
loc3d
        4.92864050752959              0.68988490592333            360.09008789062500     -1
kind
     26     
    7200          153283     
       12.25000000000000  
 OBS            108
       1.72066961376639
       0.15736029097819
       1.00000000000000
 107 109 -1
obdef
loc3d
        4.94071794293451              0.68880476183725            173.77728271484381     -1
kind
     26     
    7200          153283     
       12.25000000000000  
 OBS            109
      -0.33315481345865
       2.34993171271646
       1.00000000000000
 108 110 -1
obdef
loc3d
        4.94475069255349              0.67936922784321             17.10044860839844     -1
kind
     26     
    7200          153283     
       12.25000000000000  
 OBS            110
       2.04734620069779
      -0.05498212515515
       1.00000000000000
 109 111 -1
obdef
loc3d
        4.93040524362615              0.68956958577383            472.38653564453119     -1
kind
     26     
    7200          153283     
       12.25000000000000  
 OBS            111
       0.15510870823775
       0.66104872749158
       1.00000000000000
 110 112 -1
obdef
loc3d
        4.93438788521233              0.68743777381223            157.39462280273440     -1
kind
     26     
    7200          153283     
       12.25000000000000  
 OBS            112
       0.25601835000067
      -2.00506258754290
       1.00000000000000
 111 113 -1
obdef
loc3d
        4.93003537520636              0.69083454089469            382.75677490234381     -1
kind
     26     
    7200          153283     
       12.25000000000000  
 OBS            113
       3.18521583548690
       0.44688166477637
       1.00000000000000
 112 114 -1
obdef
loc3d
        4.94262489165251              0.68702513034102            130.29710388183591     -1
kind
     26     
    7200          153283     
       12.25000000000000  
 OBS            114
       3.79545073828400
      -0.45699700576708
       1.00000000000000
 113 115 -1
obdef
loc3d
        4.93100113789334              0.68653549583784             94.66114807128906     -1
kind
     26     
    7200          153283     
       12.25000000000000  
 OBS            115
       0.62309508262023
       1.08333659811359
       1.00000000000000
 114 116 -1
obdef
loc3d
        4.94000002935902              0.67612888350011             59.69976806640625     -1
kind
     26     
    7200          153283     
       12.25000000000000  
 OBS            116
      -1.12600915598525
       0.02454431900095
       1.00000000000000
 115 117 -1
obdef
loc3d
        4.94231604692662              0.69077376274482            190.83442687988281     -1
kind
     26     
    7200          153283     
       12.25000000000000  
 OBS            117
      -2.08036030091756
      -0.70303234083937
       1.00000000000000
 116 118 -1
obdef
loc3d
        4.93554247635603              0.69268257167582            131.09960937500000     -1
kind
     26     
    7200          153283     
       12.25000000000000  
 OBS            118
       1.82292075933004
       1.26308292401205
       1.00000000000000
 117 119 -1
obdef
loc3d
        4.94069913477896              0.68279864123905            131.77731323242190     -1
kind
     26     
    7200          153283     
       12.25000000000000  
 OBS            119
      -0.99959330000659
      -0.41270304860660
       1.00000000000000
 118 120 -1
obdef
loc3d
        4.94367854378329              0.67420565331297             56.55799865722656     -1
kind
     26     
    7200          153283     
       12.25000000000000  
 OBS            120
       0.18811681244189
       1.65678812242940
       1.00000000000000
 119 121 -1
obdef
loc3d
        4.93814984943932              0.67457436016830             39.55386734008789     -1
kind
     26     
    7200          153283     
       12.25000000000000  
 OBS            121
      -0.09986458679946
       2.12662939171286
       1.00000000000000
 120 122 -1
obdef
loc3d
        4.94253566982520              0.68065092526894             48.56933593750000     -1
kind
     26     
    7200          153283     
       12.25000000000000  
 OBS            122
      -0.76035806342781
       0.86501442711105
       1.00000000000000
 121 123 -1
obdef
loc3d
        4.93593154408741              0.68080949477360             85.35743713378906     -1
kind
     26     
    7200          153283     
       12.25000000000000  
 OBS            123
      -3.08742513703369
       2.33975008532693
       1.00000000000000
 122 124 -1
obdef
loc3d
        4.94758068519446              0.69282395273635            179.51908874511719     -1
kind
     26     
    7200          153283     
       12.25000000000000  
 OBS            124
      -1.16286777663926
       1.20628091910864
       1.00000000000000
 123 125 -1
obdef
loc3d
        4.93541634697774              0.67261831698898             21.54207611083984     -1
kind
     26     
    7200          153283     
       12.25000000000000  
 OBS            125
       2.01489828371101
      -0.08650039029677
       1.00000000000000
 124 126 -1
obdef
loc3d
        4.93342752395137              0.68533697059699            120.48287200927730     -1
kind
     26     
    7200          153283     
       12.25000000000000  
 OBS            126
       0.55165689163763
       1.47045056369900
       1.00000000000000
 125 127 -1
obdef
loc3d
        4.92811551620144              0.69141391763145            189.00242614746091     -1
kind
     26     
    7200          153283     
       12.25000000000000  
 OBS            127
       0.03344057005777
       2.49031613013173
       1.00000000000000
 126 128 -1
obdef
loc3d
        4.94328780634786              0.67761918906629             21.61136627197266     -1
kind
     26     
    7200          153283     
       12.25000000000000  
 OBS            128
      -1.81943032342882
      -0.68453232171972
       1.00000000000000
 127 129 -1
obdef
loc3d
        4.93617130041664              0.68578341426755            199.41349792480469     -1
kind
     26     
    7200          153283     
       12.25000000000000  
 OBS            129
      -1.54210382353477
       2.56367892840652
       1.00000000000000
 128 130 -1
obdef
loc3d
        4.94488890698391              0.68151038983677             42.34177017211914     -1
kind
     26     
    7200          153283     
       12.25000000000000  
 OBS            130
       3.29400677477618
       1.10058141421947
       1.00000000000000
 129 131 -1
obdef
loc3d
        4.94610769319308              0.67540343249948             44.88281250000000     -1
kind
     26     
    7200          153283     
       12.25000000000000  
 OBS            131
      -2.58211589340302
      -1.59363041404143
       1.00000000000000
 130 132 -1
obdef
loc3d
        4.93098289428918              0.69278368564599            411.59194946289062     -1
kind
     26     
    7200          153283     
       12.25000000000000  
 OBS            132
       5.51183368949867
       0.43032094696646
       1.00000000000000
 131 133 -1
obdef
loc3d
        4.93746284305807              0.67295620864423             44.45593643188477     -1
kind
     26     
    7200          153283     
       12.25000000000000  
 OBS            133
       3.36988520778389
       0.41818159789239
       1.00000000000000
 132 134 -1
obdef
loc3d
        4.93742549337872              0.68866580079864            241.84100341796881     -1
kind
     26     
    7200          153283     
       12.25000000000000  
 OBS            134
       1.33270003430481
      -1.11703387107202
       1.00000000000000
 133 135 -1
obdef
loc3d
        4.94310367286119              0.67063823067780             37.30942153930664     -1
kind
     26     
    7200          153283     
       12.25000000000000  
 OBS            135
       2.57395137508579
       0.24120723038164
       1.00000000000000
 134 136 -1
obdef
loc3d
        4.94312354358950              0.69286317278749            201.84664916992190     -1
kind
     26     
    7200          153283     
       12.25000000000000  
 OBS            136
       2.23959177877260
       0.48207548147349
       1.00000000000000
 135 137 -1
obdef
loc3d
        4.93202293942753              0.69056809921756            124.38476562500000     -1
kind
     26     
    7200          153283     
       12.25000000000000  
 OBS            137
       2.11216076543282
       0.54562518950597
       1.00000000000000
 136 138 -1
obdef
loc3d
        4.93852899085493              0.69282303339671            210.85327148437500     -1
kind
     26     
    7200          153283     
       12.25000000000000  
 OBS            138
       1.54187354269812
       0.79220536548688
       1.00000000000000
 137 139 -1
obdef
loc3d
        4.93925110381924              0.68654477021234            169.40324401855469     -1
kind
     26     
    7200          153283     
       12.25000000000000  
 OBS            139
      -2.13834828792122
       1.06922599551390
       1.00000000000000
 138 140 -1
obdef
loc3d
        4.94561300163474              0.69021407942450            101.67103576660161     -1
kind
     26     
    7200          153283     
       12.25000000000000  
 OBS            140
      -6.85472746945434
      -1.38053235232421
       1.00000000000000
 139 141 -1
obdef
loc3d
        4.94677761419795              0.66921213830349             30.00000000000000     -1
kind
     26     
    7200          153283     
       12.25000000000000  
 OBS            141
      -5.17804608888880
      -0.78871913411022
       1.00000000000000
 140 142 -1
obdef
loc3d
        4.91464000802058              0.69220313236118            256.98049926757812     -1
kind
     26     
    7200          153283     
       12.25000000000000  
 OBS            142
      -0.38490423821693
      -0.63897985977928
       1.00000000000000
 141 143 -1
obdef
loc3d
        4.91222840493483              0.69213090540308            311.66015625000000     -1
kind
     26     
    7200          153283     
       12.25000000000000  
 OBS            143
      -3.19850869522897
      -0.94020739394591
       1.00000000000000
 142 144 -1
obdef
loc3d
        4.90319820253832              0.69077085029214            558.21520996093750     -1
kind
     26     
    7200          153283     
       12.25000000000000  
 OBS            144
       0.71976113606220
       0.69048896129343
       1.00000000000000
 143 145 -1
obdef
loc3d
        4.90548367400941              0.68961427180382            340.45385742187500     -1
kind
     26     
    7200          153283     
       12.25000000000000  
 OBS            145
      -0.01591304478693
       0.32126841543958
       1.00000000000000
 144 146 -1
obdef
loc3d
        4.90182808691748              0.69286665451088            711.58941650390625     -1
kind
     26     
    7200          153283     
       12.25000000000000  
 OBS            146
      -7.72224926785006
      -1.26023448139841
       1.00000000000000
 145 147 -1
obdef
loc3d
        4.92199514385413              0.69211089395115            185.84292602539060     -1
kind
     26     
    7200          153283     
       12.25000000000000  
 OBS            147
      -4.58351548072940
      -0.24118493361386
       1.00000000000000
 146 148 -1
obdef
loc3d
        4.91709198426003              0.69266703903771            205.88345336914060     -1
kind
     26     
    7200          153283     
       12.25000000000000  
 OBS            148
      -0.52916833129442
      -0.18723165583344
       1.00000000000000
 147 149 -1
obdef
loc3d
        4.91305125126208              0.69031483822850            320.48217773437500     -1
kind
     26     
    7200          153283     
       12.25000000000000  
 OBS            149
       3.93504291158515
       0.04127661062228
       1.00000000000000
 148 150 -1
obdef
loc3d
        4.90918301095293              0.69233086407935            229.95614624023440     -1
kind
     26     
    7200          153283     
       12.25000000000000  
 OBS            150
      -0.46533109791059
      -0.67264592407450
       1.00000000000000
 149 151 -1
obdef
loc3d
        4.90002894620424              0.69031812013417            840.25653076171875     -1
kind
     26     
    7200          153283     
       12.25000000000000  
 OBS            151
     291.41777590283141
     292.31776140092097
       1.00000000000000
 150 152 -1
obdef
loc3d
        4.90540352515539              0.69194112440599            606.33142089843750     -1
kind
     27     
    7200          153283     
        6.25000000000000  
 OBS            152
     297.79259401297901
     297.77507241443601
       1.00000000000000
 151 153 -1
obdef
loc3d
        4.94546412681761              0.68348353984884             17.75631332397461     -1
kind
     27     
    7200          153283     
        6.25000000000000  
 OBS            153
     298.74878962622154
     298.13629515153298
       1.00000000000000
 152 154 -1
obdef
loc3d
        4.94660974174000              0.67744857875853             29.35406684875488     -1
kind
     27     
    7200          153283     
        6.25000000000000  
 OBS            154
     296.53808482432032
     297.35995118977002
       1.00000000000000
 153 155 -1
obdef
loc3d
        4.94648126630843              0.68652865419204             54.82812500000000     -1
kind
     27     
    7200          153283     
        6.25000000000000  
 OBS            155
     299.75592858129841
     297.49599643153402
       1.00000000000000
 154 156 -1
obdef
loc3d
        4.94445426011379              0.68507566758975             62.61011505126953     -1
kind
     27     
    7200          153283     
        6.25000000000000  
 OBS            156
     297.49359041554868
     297.02962556986802
       1.00000000000000
 155 157 -1
obdef
loc3d
        4.94602055174578              0.68752162087271            134.15721130371091     -1
kind
     27     
    7200          153283     
        6.25000000000000  
 OBS            157
     298.15619346381487
     298.44600619198400
       1.00000000000000
 156 158 -1
obdef
loc3d
        4.94603912728501              0.67254511985829             35.00297546386719     -1
kind
     27     
    7200          153283     
        6.25000000000000  
 OBS            158
     298.14511868103813
     298.21026315210003
       1.00000000000000
 157 159 -1
obdef
loc3d
        4.95877904994953              0.67986585977255             17.04111671447754     -1
kind
     27     
    7200          153283     
        6.25000000000000  
 OBS            159
     295.11861220286477
     296.36969031391601
       1.00000000000000
 158 160 -1
obdef
loc3d
        4.93958042817759              0.69095160998657            226.13127136230469     -1
kind
     27     
    7200          153283     
        6.25000000000000  
 OBS            160
     298.71650934199982
     297.44277189990100
       1.00000000000000
 159 161 -1
obdef
loc3d
        4.95756313665553              0.69181797222864             89.84997558593750     -1
kind
     27     
    7200          153283     
        6.25000000000000  
 OBS            161
     297.91092470078519
     298.13600129966801
       1.00000000000000
 160 162 -1
obdef
loc3d
        4.94078657111844              0.67409210989409             60.81152343750000     -1
kind
     27     
    7200          153283     
        6.25000000000000  
 OBS            162
     297.91642423513724
     298.76836326507703
       1.00000000000000
 161 163 -1
obdef
loc3d
        4.95557846691255              0.67267262139613              1.00000000000000     -1
kind
     27     
    7200          153283     
        6.25000000000000  
 OBS            163
     296.93493956552430
     296.64089645845598
       1.00000000000000
 162 164 -1
obdef
loc3d
        4.93193348448080              0.68856418981073            106.00000000000000     -1
kind
     27     
    7200          153283     
        6.25000000000000  
 OBS            164
     292.24682605504779
     292.20430116954401
       1.00000000000000
 163 165 -1
obdef
loc3d
        4.89970838141578              0.68765245249877            785.09423828125000     -1
kind
     27     
    7200          153283     
        6.25000000000000  
 OBS            165
     299.90632940756768
     297.35284320495401
       1.00000000000000
 164 166 -1
obdef
loc3d
        4.95026814558372              0.68993059237416             93.11567687988281     -1
kind
     27     
    7200          153283     
        6.25000000000000  
 OBS            166
     295.24743535889684
     297.13331429729999
       1.00000000000000
 165 167 -1
obdef
loc3d
        4.94174512165160              0.68484635226999            116.56585693359381     -1
kind
     27     
    7200          153283     
        6.25000000000000  
 OBS            167
     299.29980717640865
     297.77741683538801
       1.00000000000000
 166 168 -1
obdef
loc3d
        4.95420735021482              0.68473663912788             15.00000000000000     -1
kind
     27     
    7200          153283     
        6.25000000000000  
 OBS            168
     297.27716629032443
     296.93954403242998
       1.00000000000000
 167 169 -1
obdef
loc3d
        4.93477042118681              0.68310638816012            118.89588928222661     -1
kind
     27     
    7200          153283     
        6.25000000000000  
 OBS            169
     296.37265457055577
     296.94248123441599
       1.00000000000000
 168 170 -1
obdef
loc3d
        4.93795631029682              0.68276407673392            144.94107055664060     -1
kind
     27     
    7200          153283     
        6.25000000000000  
 OBS            170
     298.85347866770962
     297.80527701156097
       1.00000000000000
 169 171 -1
obdef
loc3d
        4.94001671685736              0.68064929967652             43.67281723022461     -1
kind
     27     
    7200          153283     
        6.25000000000000  
 OBS            171
     298.48378884101663
     297.96677593804901
       1.00000000000000
 170 172 -1
obdef
loc3d
        4.94058460161740              0.67807181314514             70.17810058593750     -1
kind
     27     
    7200          153283     
        6.25000000000000  
 OBS            172
     299.80816183148806
     298.45264965285003
       1.00000000000000
 171 173 -1
obdef
loc3d
        4.95423295419494              0.68033176843505              3.71636104583740     -1
kind
     27     
    7200          153283     
        6.25000000000000  
 OBS            173
     301.12738021781087
     300.25744280166299
       1.00000000000000
 172 174 -1
obdef
loc3d
        4.94926894458696              0.66642585587446             10.91526031494141     -1
kind
     27     
    7200          153283     
        6.25000000000000  
 OBS            174
     301.65439250131686
     300.65427444401502
       1.00000000000000
 173 175 -1
obdef
loc3d
        4.96223480186848              0.66700036066835              5.00000000000000     -1
kind
     27     
    7200          153283     
        6.25000000000000  
 OBS            175
     297.28208808696479
     298.11581016736199
       1.00000000000000
 174 176 -1
obdef
loc3d
        4.95546148971009              0.67729393735082              6.17724800109863     -1
kind
     27     
    7200          153283     
        6.25000000000000  
 OBS            176
     295.46563036762063
     295.61677862704101
       1.00000000000000
 175 177 -1
obdef
loc3d
        4.92652723985629              0.69051382381431            146.04148864746091     -1
kind
     27     
    7200          153283     
        6.25000000000000  
 OBS            177
     299.44329467485028
     299.60803983805999
       1.00000000000000
 176 178 -1
obdef
loc3d
        4.96366005344362              0.66920346185787              6.00000000000000     -1
kind
     27     
    7200          153283     
        6.25000000000000  
 OBS            178
     298.99272394949566
     298.72658371971198
       1.00000000000000
 177 179 -1
obdef
loc3d
        4.97052949833720              0.66907739847133              8.84140872955322     -1
kind
     27     
    7200          153283     
        6.25000000000000  
 OBS            179
     299.06141900459551
     296.92809196285702
       1.00000000000000
 178 180 -1
obdef
loc3d
        4.93505853489354              0.69035668900909            163.38452148437500     -1
kind
     27     
    7200          153283     
        6.25000000000000  
 OBS            180
     298.24311394753732
     298.38243688502598
       1.00000000000000
 179 181 -1
obdef
loc3d
        4.93979773523841              0.67259214116167             45.00000000000000     -1
kind
     27     
    7200          153283     
        6.25000000000000  
 OBS            181
     297.29863893838547
     296.50516075317398
       1.00000000000000
 180 182 -1
obdef
loc3d
        4.92901815402419              0.68818595396932            126.56063842773440     -1
kind
     27     
    7200          153283     
        6.25000000000000  
 OBS            182
     295.03005902641434
     295.23132621021801
       1.00000000000000
 181 183 -1
obdef
loc3d
        4.92864050752959              0.68988490592333            360.09008789062500     -1
kind
     27     
    7200          153283     
        6.25000000000000  
 OBS            183
     296.07491132775357
     297.07454199411598
       1.00000000000000
 182 184 -1
obdef
loc3d
        4.94071794293451              0.68880476183725            173.77728271484381     -1
kind
     27     
    7200          153283     
        6.25000000000000  
 OBS            184
     297.31315919108602
     298.43798593792201
       1.00000000000000
 183 185 -1
obdef
loc3d
        4.94475069255349              0.67936922784321             17.10044860839844     -1
kind
     27     
    7200          153283     
        6.25000000000000  
 OBS            185
     296.03795370373359
     294.80926541365801
       1.00000000000000
 184 186 -1
obdef
loc3d
        4.93040524362615              0.68956958577383            472.38653564453119     -1
kind
     27     
    7200          153283     
        6.25000000000000  
 OBS            186
     296.87493113885085
     296.75146249771001
       1.00000000000000
 185 187 -1
obdef
loc3d
        4.93438788521233              0.68743777381223            157.39462280273440     -1
kind
     27     
    7200          153283     
        6.25000000000000  
 OBS            187
     294.48120299698104
     295.12320483994398
       1.00000000000000
 186 188 -1
obdef
loc3d
        4.93003537520636              0.69083454089469            382.75677490234381     -1
kind
     27     
    7200          153283     
        6.25000000000000  
 OBS            188
     295.11067664644037
     296.92560420959700
       1.00000000000000
 187 189 -1
obdef
loc3d
        4.94262489165251              0.68702513034102            130.29710388183591     -1
kind
     27     
    7200          153283     
        6.25000000000000  
 OBS            189
     296.04827456525067
     296.94854269449900
       1.00000000000000
 188 190 -1
obdef
loc3d
        4.93100113789334              0.68653549583784             94.66114807128906     -1
kind
     27     
    7200          153283     
        6.25000000000000  
 OBS            190
     297.50562093383064
     298.27839019015101
       1.00000000000000
 189 191 -1
obdef
loc3d
        4.94000002935902              0.67612888350011             59.69976806640625     -1
kind
     27     
    7200          153283     
        6.25000000000000  
 OBS            191
     295.22818254215002
     296.64083188611698
       1.00000000000000
 190 192 -1
obdef
loc3d
        4.94231604692662              0.69077376274482            190.83442687988281     -1
kind
     27     
    7200          153283     
        6.25000000000000  
 OBS            192
     297.76099712456931
     296.67651836080103
       1.00000000000000
 191 193 -1
obdef
loc3d
        4.93554247635603              0.69268257167582            131.09960937500000     -1
kind
     27     
    7200          153283     
        6.25000000000000  
 OBS            193
     298.79937052545768
     297.30120046351101
       1.00000000000000
 192 194 -1
obdef
loc3d
        4.94069913477896              0.68279864123905            131.77731323242190     -1
kind
     27     
    7200          153283     
        6.25000000000000  
 OBS            194
     297.75130451638415
     298.12493531173800
       1.00000000000000
 193 195 -1
obdef
loc3d
        4.94367854378329              0.67420565331297             56.55799865722656     -1
kind
     27     
    7200          153283     
        6.25000000000000  
 OBS            195
     296.82566924788688
     298.16910495840699
       1.00000000000000
 194 196 -1
obdef
loc3d
        4.93814984943932              0.67457436016830             39.55386734008789     -1
kind
     27     
    7200          153283     
        6.25000000000000  
 OBS            196
     298.06285053943503
     297.96771559789499
       1.00000000000000
 195 197 -1
obdef
loc3d
        4.94253566982520              0.68065092526894             48.56933593750000     -1
kind
     27     
    7200          153283     
        6.25000000000000  
 OBS            197
     296.65976802394948
     297.53857419823203
       1.00000000000000
 196 198 -1
obdef
loc3d
        4.93593154408741              0.68080949477360             85.35743713378906     -1
kind
     27     
    7200          153283     
        6.25000000000000  
 OBS            198
     297.09281189523966
     296.84523284620099
       1.00000000000000
 197 199 -1
obdef
loc3d
        4.94758068519446              0.69282395273635            179.51908874511719     -1
kind
     27     
    7200          153283     
        6.25000000000000  
 OBS            199
     298.48248385721803
     298.64025207269799
       1.00000000000000
 198 200 -1
obdef
loc3d
        4.93541634697774              0.67261831698898             21.54207611083984     -1
kind
     27     
    7200          153283     
        6.25000000000000  
 OBS            200
     296.33907868141864
     297.30962276336498
       1.00000000000000
 199 201 -1
obdef
loc3d
        4.93342752395137              0.68533697059699            120.48287200927730     -1
kind
     27     
    7200          153283     
        6.25000000000000  
 OBS            201
     295.92453931090688
     295.40367898850599
       1.00000000000000
 200 202 -1
obdef
loc3d
        4.92811551620144              0.69141391763145            189.00242614746091     -1
kind
     27     
    7200          153283     
        6.25000000000000  
 OBS            202
     298.36567457896206
     298.23386734773402
       1.00000000000000
 201 203 -1
obdef
loc3d
        4.94328780634786              0.67761918906629             21.61136627197266     -1
kind
     27     
    7200          153283     
        6.25000000000000  
 OBS            203
     296.62236449971664
     296.65718418028598
       1.00000000000000
 202 204 -1
obdef
loc3d
        4.93617130041664              0.68578341426755            199.41349792480469     -1
kind
     27     
    7200          153283     
        6.25000000000000  
 OBS            204
     298.19835889901560
     297.96633374058200
       1.00000000000000
 203 205 -1
obdef
loc3d
        4.94488890698391              0.68151038983677             42.34177017211914     -1
kind
     27     
    7200          153283     
        6.25000000000000  
 OBS            205
     296.22893078990643
     297.88972567794599
       1.00000000000000
 204 206 -1
obdef
loc3d
        4.94610769319308              0.67540343249948             44.88281250000000     -1
kind
     27     
    7200          153283     
        6.25000000000000  
 OBS            206
     294.54511272957370
     294.64331508547002
       1.00000000000000
 205 207 -1
obdef
loc3d
        4.93098289428918              0.69278368564599            411.59194946289062     -1
kind
     27     
    7200          153283     
        6.25000000000000  
 OBS            207
     298.59025486526161
     298.32330461263098
       1.00000000000000
 206 208 -1
obdef
loc3d
        4.93746284305807              0.67295620864423             44.45593643188477     -1
kind
     27     
    7200          153283     
        6.25000000000000  
 OBS            208
     294.05966292449170
     296.38723884341999
       1.00000000000000
 207 209 -1
obdef
loc3d
        4.93742549337872              0.68866580079864            241.84100341796881     -1
kind
     27     
    7200          153283     
        6.25000000000000  
 OBS            209
     297.47025322940755
     298.76136465735198
       1.00000000000000
 208 210 -1
obdef
loc3d
        4.94310367286119              0.67063823067780             37.30942153930664     -1
kind
     27     
    7200          153283     
        6.25000000000000  
 OBS            210
     296.07807470928918
     296.44687311058698
       1.00000000000000
 209 211 -1
obdef
loc3d
        4.94312354358950              0.69286317278749            201.84664916992190     -1
kind
     27     
    7200          153283     
        6.25000000000000  
 OBS            211
     296.36746842993028
     296.70732729464697
       1.00000000000000
 210 212 -1
obdef
loc3d
        4.93202293942753              0.69056809921756            124.38476562500000     -1
kind
     27     
    7200          153283     
        6.25000000000000  
 OBS            212
     295.77828779162695
     296.32501260686098
       1.00000000000000
 211 213 -1
obdef
loc3d
        4.93852899085493              0.69282303339671            210.85327148437500     -1
kind
     27     
    7200          153283     
        6.25000000000000  
 OBS            213
     297.97769614153333
     296.81029074353700
       1.00000000000000
 212 214 -1
obdef
loc3d
        4.93925110381924              0.68654477021234            169.40324401855469     -1
kind
     27     
    7200          153283     
        6.25000000000000  
 OBS            214
     297.07297573790271
     297.49522362386699
       1.00000000000000
 213 215 -1
obdef
loc3d
        4.94561300163474              0.69021407942450            101.67103576660161     -1
kind
     27     
    7200          153283     
        6.25000000000000  
 OBS            215
     299.50037159326939
     299.28960529115199
       1.00000000000000
 214 216 -1
obdef
loc3d
        4.94677761419795              0.66921213830349             30.00000000000000     -1
kind
     27     
    7200          153283     
        6.25000000000000  
 OBS            216
     296.15641877496176
     295.22006825560499
       1.00000000000000
 215 217 -1
obdef
loc3d
        4.91464000802058              0.69220313236118            256.98049926757812     -1
kind
     27     
    7200          153283     
        6.25000000000000  
 OBS            217
     296.43059021678448
     295.04867388249897
       1.00000000000000
 216 218 -1
obdef
loc3d
        4.91222840493483              0.69213090540308            311.66015625000000     -1
kind
     27     
    7200          153283     
        6.25000000000000  
 OBS            218
     291.44970110051662
     291.91105802363199
       1.00000000000000
 217 219 -1
obdef
loc3d
        4.90319820253832              0.69077085029214            558.21520996093750     -1
kind
     27     
    7200          153283     
        6.25000000000000  
 OBS            219
     295.05298092907753
     293.95196259741999
       1.00000000000000
 218 220 -1
obdef
loc3d
        4.90548367400941              0.68961427180382            340.45385742187500     -1
kind
     27     
    7200          153283     
        6.25000000000000  
 OBS            220
     290.88538504882541
     292.12627137634797
       1.00000000000000
 219 221 -1
obdef
loc3d
        4.90182808691748              0.69286665451088            711.58941650390625     -1
kind
     27     
    7200          153283     
        6.25000000000000  
 OBS            221
     295.02675196026189
     295.44665612234201
       1.00000000000000
 220 222 -1
obdef
loc3d
        4.92199514385413              0.69211089395115            185.84292602539060     -1
kind
     27     
    7200          153283     
        6.25000000000000  
 OBS            222
     293.92960826313015
     295.73180992701799
       1.00000000000000
 221 223 -1
obdef
loc3d
        4.91709198426003              0.69266703903771            205.88345336914060     -1
kind
     27     
    7200          153283     
        6.25000000000000  
 OBS            223
     293.17106785627652
     294.66447320625400
       1.00000000000000
 222 224 -1
obdef
loc3d
        4.91305125126208              0.69031483822850            320.48217773437500     -1
kind
     27     
    7200          153283     
        6.25000000000000  
 OBS            224
     297.17699361261202
     295.85984577569900
       1.00000000000000
 223 225 -1
obdef
loc3d
        4.90918301095293              0.69233086407935            229.95614624023440     -1
kind
     27     
    7200          153283     
        6.25000000000000  
 OBS            225
     291.28816383233584
     291.61696211348698
       1.00000000000000
 224 -1 -1
obdef
loc3d
        4.90002894620424              0.69031812013417            840.25653076171875     -1
kind
     27     
    7200          153283     
        6.25000000000000  
