 obs_sequence
obs_kind_definitions
       3
    25          LAND_SFC_U_WIND_COMPONENT   
    26          LAND_SFC_V_WIND_COMPONENT   
    27          LAND_SFC_TEMPERATURE   
  num_copies:            2  num_qc:            1
 num_obs:       225  max_num_obs:       225
observations
truth
QC radar
  first:            1  last:       225
 OBS            1
       3.10172882812492
      -0.41591935260508
       1.00000000000000
 -1 2 -1
obdef
loc3d
        4.90540352515539              0.69194112440599            606.33142089843750     -1
kind
     25     
    37800          153139     
       12.25000000000000  
 OBS            2
      -0.53351565192981
      -0.66256776954085
       1.00000000000000
 1 3 -1
obdef
loc3d
        4.94546412681761              0.68348353984884             17.75631332397461     -1
kind
     25     
    37800          153139     
       12.25000000000000  
 OBS            3
      -1.60311704039584
      -0.14672394773008
       1.00000000000000
 2 4 -1
obdef
loc3d
        4.94660974174000              0.67744857875853             29.35406684875488     -1
kind
     25     
    37800          153139     
       12.25000000000000  
 OBS            4
       2.36658799055882
      -1.79230278827021
       1.00000000000000
 3 5 -1
obdef
loc3d
        4.94648126630843              0.68652865419204             54.82812500000000     -1
kind
     25     
    37800          153139     
       12.25000000000000  
 OBS            5
      -7.97197008557290
      -1.94057220954825
       1.00000000000000
 4 6 -1
obdef
loc3d
        4.94445426011379              0.68507566758975             62.61011505126953     -1
kind
     25     
    37800          153139     
       12.25000000000000  
 OBS            6
      -0.05561278085468
      -2.82680411995165
       1.00000000000000
 5 7 -1
obdef
loc3d
        4.94602055174578              0.68752162087271            134.15721130371091     -1
kind
     25     
    37800          153139     
       12.25000000000000  
 OBS            7
      -6.78893804827832
      -0.78582308325699
       1.00000000000000
 6 8 -1
obdef
loc3d
        4.94603912728501              0.67254511985829             35.00297546386719     -1
kind
     25     
    37800          153139     
       12.25000000000000  
 OBS            8
      -1.61008274994072
      -1.41623045137553
       1.00000000000000
 7 9 -1
obdef
loc3d
        4.95877904994953              0.67986585977255             17.04111671447754     -1
kind
     25     
    37800          153139     
       12.25000000000000  
 OBS            9
       0.58413664915160
       1.97880992458641
       1.00000000000000
 8 10 -1
obdef
loc3d
        4.93958042817759              0.69095160998657            226.13127136230469     -1
kind
     25     
    37800          153139     
       12.25000000000000  
 OBS            10
       2.50425221191763
       2.64273498035707
       1.00000000000000
 9 11 -1
obdef
loc3d
        4.95756313665553              0.69181797222864             89.84997558593750     -1
kind
     25     
    37800          153139     
       12.25000000000000  
 OBS            11
      -0.84488286282194
      -1.01422835077676
       1.00000000000000
 10 12 -1
obdef
loc3d
        4.94078657111844              0.67409210989409             60.81152343750000     -1
kind
     25     
    37800          153139     
       12.25000000000000  
 OBS            12
      -0.61342359515430
      -0.61726186707713
       1.00000000000000
 11 13 -1
obdef
loc3d
        4.95557846691255              0.67267262139613              1.00000000000000     -1
kind
     25     
    37800          153139     
       12.25000000000000  
 OBS            13
       0.41275104200153
      -0.14870841425731
       1.00000000000000
 12 14 -1
obdef
loc3d
        4.93193348448080              0.68856418981073            106.00000000000000     -1
kind
     25     
    37800          153139     
       12.25000000000000  
 OBS            14
      -2.96955721371107
      -4.19034432656469
       1.00000000000000
 13 15 -1
obdef
loc3d
        4.89970838141578              0.68765245249877            785.09423828125000     -1
kind
     25     
    37800          153139     
       12.25000000000000  
 OBS            15
      -1.46238738752352
      -1.84873315197432
       1.00000000000000
 14 16 -1
obdef
loc3d
        4.95026814558372              0.68993059237416             93.11567687988281     -1
kind
     25     
    37800          153139     
       12.25000000000000  
 OBS            16
       0.90350491763262
      -1.46482264096391
       1.00000000000000
 15 17 -1
obdef
loc3d
        4.94174512165160              0.68484635226999            116.56585693359381     -1
kind
     25     
    37800          153139     
       12.25000000000000  
 OBS            17
      -6.65625427653148
      -0.87422486112873
       1.00000000000000
 16 18 -1
obdef
loc3d
        4.95420735021482              0.68473663912788             15.00000000000000     -1
kind
     25     
    37800          153139     
       12.25000000000000  
 OBS            18
       8.03087091020408
       6.14171411838457
       1.00000000000000
 17 19 -1
obdef
loc3d
        4.93477042118681              0.68310638816012            118.89588928222661     -1
kind
     25     
    37800          153139     
       12.25000000000000  
 OBS            19
      -0.10076119169956
      -1.88411313858704
       1.00000000000000
 18 20 -1
obdef
loc3d
        4.93795631029682              0.68276407673392            144.94107055664060     -1
kind
     25     
    37800          153139     
       12.25000000000000  
 OBS            20
       4.51831159484868
      -0.43740696080238
       1.00000000000000
 19 21 -1
obdef
loc3d
        4.94001671685736              0.68064929967652             43.67281723022461     -1
kind
     25     
    37800          153139     
       12.25000000000000  
 OBS            21
      -7.09553528332587
      -1.49022430619086
       1.00000000000000
 20 22 -1
obdef
loc3d
        4.94058460161740              0.67807181314514             70.17810058593750     -1
kind
     25     
    37800          153139     
       12.25000000000000  
 OBS            22
       3.00610444188882
       3.02519358428229
       1.00000000000000
 21 23 -1
obdef
loc3d
        4.95423295419494              0.68033176843505              3.71636104583740     -1
kind
     25     
    37800          153139     
       12.25000000000000  
 OBS            23
      -3.30131111436996
      -0.92259947002768
       1.00000000000000
 22 24 -1
obdef
loc3d
        4.94926894458696              0.66642585587446             10.91526031494141     -1
kind
     25     
    37800          153139     
       12.25000000000000  
 OBS            24
       2.40495823651174
       0.71276670087190
       1.00000000000000
 23 25 -1
obdef
loc3d
        4.96223480186848              0.66700036066835              5.00000000000000     -1
kind
     25     
    37800          153139     
       12.25000000000000  
 OBS            25
       1.19015779303381
      -0.61622139546609
       1.00000000000000
 24 26 -1
obdef
loc3d
        4.95546148971009              0.67729393735082              6.17724800109863     -1
kind
     25     
    37800          153139     
       12.25000000000000  
 OBS            26
      -4.01732292869329
       0.32561307004429
       1.00000000000000
 25 27 -1
obdef
loc3d
        4.92652723985629              0.69051382381431            146.04148864746091     -1
kind
     25     
    37800          153139     
       12.25000000000000  
 OBS            27
      -0.55443686949459
       0.07378606667385
       1.00000000000000
 26 28 -1
obdef
loc3d
        4.96366005344362              0.66920346185787              6.00000000000000     -1
kind
     25     
    37800          153139     
       12.25000000000000  
 OBS            28
      -0.36028086079293
      -2.23134578154077
       1.00000000000000
 27 29 -1
obdef
loc3d
        4.97052949833720              0.66907739847133              8.84140872955322     -1
kind
     25     
    37800          153139     
       12.25000000000000  
 OBS            29
       2.56520678118464
      -0.96055881646897
       1.00000000000000
 28 30 -1
obdef
loc3d
        4.95245337490985              0.69269329908122            116.45774841308589     -1
kind
     25     
    37800          153139     
       12.25000000000000  
 OBS            30
      -0.85301472750940
      -2.13912824490299
       1.00000000000000
 29 31 -1
obdef
loc3d
        4.94885353278042              0.69277717633329            144.09075927734381     -1
kind
     25     
    37800          153139     
       12.25000000000000  
 OBS            31
      -4.20618582050115
       0.72000866624120
       1.00000000000000
 30 32 -1
obdef
loc3d
        4.94336975041274              0.69009669144632            168.92642211914060     -1
kind
     25     
    37800          153139     
       12.25000000000000  
 OBS            32
       2.15755272139581
      -1.04508973404937
       1.00000000000000
 31 33 -1
obdef
loc3d
        4.93556788041953              0.67027828664670             15.00000000000000     -1
kind
     25     
    37800          153139     
       12.25000000000000  
 OBS            33
       2.50063050839232
      -0.89400723283026
       1.00000000000000
 32 34 -1
obdef
loc3d
        4.94033180527593              0.67113295277478             15.00000000000000     -1
kind
     25     
    37800          153139     
       12.25000000000000  
 OBS            34
      -4.45439331900469
      -0.35681555346794
       1.00000000000000
 33 35 -1
obdef
loc3d
        4.94303858410231              0.67245219021673             45.31371688842773     -1
kind
     25     
    37800          153139     
       12.25000000000000  
 OBS            35
       4.12185412231410
       0.47603064705348
       1.00000000000000
 34 36 -1
obdef
loc3d
        4.94353452184302              0.67563108019985             33.40631103515625     -1
kind
     25     
    37800          153139     
       12.25000000000000  
 OBS            36
       1.94829711642592
      -1.05221760831013
       1.00000000000000
 35 37 -1
obdef
loc3d
        4.94374389829480              0.67833415521310             29.86422538757324     -1
kind
     25     
    37800          153139     
       12.25000000000000  
 OBS            37
       0.57263797463690
      -2.59077889622803
       1.00000000000000
 36 38 -1
obdef
loc3d
        4.94273365028682              0.68737244152012            176.80966186523440     -1
kind
     25     
    37800          153139     
       12.25000000000000  
 OBS            38
       1.44591408785848
      -2.59632461643555
       1.00000000000000
 37 39 -1
obdef
loc3d
        4.92701506510552              0.68724654189208            235.55827331542969     -1
kind
     25     
    37800          153139     
       12.25000000000000  
 OBS            39
       0.80068084337769
      -0.04374098638734
       1.00000000000000
 38 40 -1
obdef
loc3d
        4.93770287749180              0.68559892863867            149.84144592285159     -1
kind
     25     
    37800          153139     
       12.25000000000000  
 OBS            40
       7.55391146903005
       1.64446296295715
       1.00000000000000
 39 41 -1
obdef
loc3d
        4.92849072850511              0.69275166570057            196.64169311523440     -1
kind
     25     
    37800          153139     
       12.25000000000000  
 OBS            41
      -1.77321075469374
      -0.85569235583801
       1.00000000000000
 40 42 -1
obdef
loc3d
        4.94704606827608              0.66890083993760             30.00000000000000     -1
kind
     25     
    37800          153139     
       12.25000000000000  
 OBS            42
      -4.53772996100723
      -0.70107333891899
       1.00000000000000
 41 43 -1
obdef
loc3d
        4.93215285315783              0.69272179551745            405.54205322265619     -1
kind
     25     
    37800          153139     
       12.25000000000000  
 OBS            43
       1.22770544430119
      -1.09601770520408
       1.00000000000000
 42 44 -1
obdef
loc3d
        4.93041137291484              0.68610286792166             95.01055908203125     -1
kind
     25     
    37800          153139     
       12.25000000000000  
 OBS            44
       3.75070750557642
       3.27123292861225
       1.00000000000000
 43 45 -1
obdef
loc3d
        4.94340662813579              0.66912283370227             30.00000000000000     -1
kind
     25     
    37800          153139     
       12.25000000000000  
 OBS            45
      -3.12760831909181
      -1.57227776236141
       1.00000000000000
 44 46 -1
obdef
loc3d
        4.94246051140049              0.69284522685509            232.15176391601560     -1
kind
     25     
    37800          153139     
       12.25000000000000  
 OBS            46
       1.02509430356463
      -1.50915496206702
       1.00000000000000
 45 47 -1
obdef
loc3d
        4.94897278262263              0.68784055253573             58.60614395141602     -1
kind
     25     
    37800          153139     
       12.25000000000000  
 OBS            47
      -0.67408875926337
      -1.06279730664809
       1.00000000000000
 46 48 -1
obdef
loc3d
        4.94541527617556              0.68071005727643             33.77826690673828     -1
kind
     25     
    37800          153139     
       12.25000000000000  
 OBS            48
      -2.73493637974041
      -1.32397453984079
       1.00000000000000
 47 49 -1
obdef
loc3d
        4.93748800785195              0.67296050504062             44.45593643188477     -1
kind
     25     
    37800          153139     
       12.25000000000000  
 OBS            49
      -4.56839513227367
      -0.18239129234059
       1.00000000000000
 48 50 -1
obdef
loc3d
        4.93696530791536              0.69256666762304            156.90283203125000     -1
kind
     25     
    37800          153139     
       12.25000000000000  
 OBS            50
       0.86634488477814
      -1.96338258350200
       1.00000000000000
 49 51 -1
obdef
loc3d
        4.92145179475246              0.69276808226809            165.77503967285159     -1
kind
     25     
    37800          153139     
       12.25000000000000  
 OBS            51
       1.14498969674289
      -2.61956947895358
       1.00000000000000
 50 52 -1
obdef
loc3d
        4.93950672299123              0.68813471885857            177.40441894531250     -1
kind
     25     
    37800          153139     
       12.25000000000000  
 OBS            52
       2.08740827235198
       0.73784960969729
       1.00000000000000
 51 53 -1
obdef
loc3d
        4.93611382531472              0.68823817566222            173.73840332031250     -1
kind
     25     
    37800          153139     
       12.25000000000000  
 OBS            53
      -1.20988904696010
      -4.04590145188988
       1.00000000000000
 52 54 -1
obdef
loc3d
        4.94685988234341              0.69028594514941            170.37097167968750     -1
kind
     25     
    37800          153139     
       12.25000000000000  
 OBS            54
      -2.65906794808498
      -0.30011388599496
       1.00000000000000
 53 55 -1
obdef
loc3d
        4.93440797857224              0.69076858072881            137.08886718750000     -1
kind
     25     
    37800          153139     
       12.25000000000000  
 OBS            55
      -3.27631411426565
      -0.13071699537519
       1.00000000000000
 54 56 -1
obdef
loc3d
        4.93397023736678              0.68569719666510            120.48287200927730     -1
kind
     25     
    37800          153139     
       12.25000000000000  
 OBS            56
      -2.73491540549470
      -0.72408640808615
       1.00000000000000
 55 57 -1
obdef
loc3d
        4.96098036034072              0.67790128169477             17.24609375000000     -1
kind
     25     
    37800          153139     
       12.25000000000000  
 OBS            57
       4.64169754847965
      -1.62959272952974
       1.00000000000000
 56 58 -1
obdef
loc3d
        4.95746178551042              0.68576241061300             17.20619201660156     -1
kind
     25     
    37800          153139     
       12.25000000000000  
 OBS            58
       0.11665601111347
      -0.32549778777659
       1.00000000000000
 57 59 -1
obdef
loc3d
        4.96821528454312              0.66626811336639              8.93466186523438     -1
kind
     25     
    37800          153139     
       12.25000000000000  
 OBS            59
      -2.82163437086918
      -0.13461468004600
       1.00000000000000
 58 60 -1
obdef
loc3d
        4.95821139545160              0.68356985009176             15.00000000000000     -1
kind
     25     
    37800          153139     
       12.25000000000000  
 OBS            60
      -0.31182538275824
      -0.68600666058736
       1.00000000000000
 59 61 -1
obdef
loc3d
        4.95929084301108              0.67289450711582              9.91464328765869     -1
kind
     25     
    37800          153139     
       12.25000000000000  
 OBS            61
      -3.30456504436015
      -0.85910978196572
       1.00000000000000
 60 62 -1
obdef
loc3d
        4.95884231318174              0.67566319569297             12.79061889648438     -1
kind
     25     
    37800          153139     
       12.25000000000000  
 OBS            62
      -0.49461828867290
      -1.66228189258006
       1.00000000000000
 61 63 -1
obdef
loc3d
        4.96068172506451              0.68176493518182             14.00000000000000     -1
kind
     25     
    37800          153139     
       12.25000000000000  
 OBS            63
      -4.32941208300520
      -3.00944771070432
       1.00000000000000
 62 64 -1
obdef
loc3d
        4.96044430349621              0.68522255501691             15.00000000000000     -1
kind
     25     
    37800          153139     
       12.25000000000000  
 OBS            64
       0.93829201947710
      -0.42678796558015
       1.00000000000000
 63 65 -1
obdef
loc3d
        4.95653505007277              0.68174821287482             15.07347202301025     -1
kind
     25     
    37800          153139     
       12.25000000000000  
 OBS            65
      -5.05444297236948
      -0.44059663794837
       1.00000000000000
 64 66 -1
obdef
loc3d
        4.96521948188739              0.66389255790081              6.10258388519287     -1
kind
     25     
    37800          153139     
       12.25000000000000  
 OBS            66
      -3.85212194581057
      -0.78647238544997
       1.00000000000000
 65 67 -1
obdef
loc3d
        4.96720461139216              0.67033432936439             12.91210937500000     -1
kind
     25     
    37800          153139     
       12.25000000000000  
 OBS            67
       0.43278610963662
      -2.59713683840730
       1.00000000000000
 66 68 -1
obdef
loc3d
        4.96018888249816              0.68814255256013             15.00000000000000     -1
kind
     25     
    37800          153139     
       12.25000000000000  
 OBS            68
      -4.48403460317328
      -2.22301527210114
       1.00000000000000
 67 69 -1
obdef
loc3d
        4.95410557213704              0.69029785801799             54.42578125000000     -1
kind
     25     
    37800          153139     
       12.25000000000000  
 OBS            69
       4.24836208306171
      -1.33099270552384
       1.00000000000000
 68 70 -1
obdef
loc3d
        4.95508230192316              0.68705689194968              9.08530712127686     -1
kind
     25     
    37800          153139     
       12.25000000000000  
 OBS            70
       1.73817902575682
      -1.48505494062908
       1.00000000000000
 69 71 -1
obdef
loc3d
        4.89659470219302              0.68517541625982            824.84875488281250     -1
kind
     25     
    37800          153139     
       12.25000000000000  
 OBS            71
       2.18181002517190
       1.18603810084651
       1.00000000000000
 70 72 -1
obdef
loc3d
        4.89719607397323              0.69286120068011            493.76440429687500     -1
kind
     25     
    37800          153139     
       12.25000000000000  
 OBS            72
      -3.77788488907685
      -1.76252216348692
       1.00000000000000
 71 73 -1
obdef
loc3d
        4.91562721585699              0.69268557315466            290.85858154296881     -1
kind
     25     
    37800          153139     
       12.25000000000000  
 OBS            73
      -0.43922807802795
      -2.00641928116313
       1.00000000000000
 72 74 -1
obdef
loc3d
        4.89650463462054              0.68965598658767            806.96582031250000     -1
kind
     25     
    37800          153139     
       12.25000000000000  
 OBS            74
      -0.46003689072552
      -3.76539033767427
       1.00000000000000
 73 75 -1
obdef
loc3d
        4.90117724149658              0.69117926561099            769.23168945312500     -1
kind
     25     
    37800          153139     
       12.25000000000000  
 OBS            75
      -8.27097831890080
      -3.89452737602744
       1.00000000000000
 74 76 -1
obdef
loc3d
        4.91058697772938              0.69047364022544            228.45222473144531     -1
kind
     25     
    37800          153139     
       12.25000000000000  
 OBS            76
       5.41617323996261
       1.29657045902112
       1.00000000000000
 75 77 -1
obdef
loc3d
        4.90540352515539              0.69194112440599            606.33142089843750     -1
kind
     26     
    37800          153139     
       12.25000000000000  
 OBS            77
       2.87847138905238
       4.64932799322480
       1.00000000000000
 76 78 -1
obdef
loc3d
        4.94546412681761              0.68348353984884             17.75631332397461     -1
kind
     26     
    37800          153139     
       12.25000000000000  
 OBS            78
       2.83982703394217
       8.39056823745629
       1.00000000000000
 77 79 -1
obdef
loc3d
        4.94660974174000              0.67744857875853             29.35406684875488     -1
kind
     26     
    37800          153139     
       12.25000000000000  
 OBS            79
       5.72771456281194
       6.16966338644438
       1.00000000000000
 78 80 -1
obdef
loc3d
        4.94648126630843              0.68652865419204             54.82812500000000     -1
kind
     26     
    37800          153139     
       12.25000000000000  
 OBS            80
       8.72252950500369
       4.55628092804980
       1.00000000000000
 79 81 -1
obdef
loc3d
        4.94445426011379              0.68507566758975             62.61011505126953     -1
kind
     26     
    37800          153139     
       12.25000000000000  
 OBS            81
       5.03915457941541
       5.56682177948438
       1.00000000000000
 80 82 -1
obdef
loc3d
        4.94602055174578              0.68752162087271            134.15721130371091     -1
kind
     26     
    37800          153139     
       12.25000000000000  
 OBS            82
      10.03027468709241
      10.72673083135830
       1.00000000000000
 81 83 -1
obdef
loc3d
        4.94603912728501              0.67254511985829             35.00297546386719     -1
kind
     26     
    37800          153139     
       12.25000000000000  
 OBS            83
      13.15715440503682
      12.34607430713580
       1.00000000000000
 82 84 -1
obdef
loc3d
        4.95877904994953              0.67986585977255             17.04111671447754     -1
kind
     26     
    37800          153139     
       12.25000000000000  
 OBS            84
      -1.78237635825404
       4.40906087125706
       1.00000000000000
 83 85 -1
obdef
loc3d
        4.93958042817759              0.69095160998657            226.13127136230469     -1
kind
     26     
    37800          153139     
       12.25000000000000  
 OBS            85
      10.94860032414744
       8.50290373170183
       1.00000000000000
 84 86 -1
obdef
loc3d
        4.95756313665553              0.69181797222864             89.84997558593750     -1
kind
     26     
    37800          153139     
       12.25000000000000  
 OBS            86
      11.34572247899769
      10.17970543892570
       1.00000000000000
 85 87 -1
obdef
loc3d
        4.94078657111844              0.67409210989409             60.81152343750000     -1
kind
     26     
    37800          153139     
       12.25000000000000  
 OBS            87
      11.77515666991746
      11.64919152769220
       1.00000000000000
 86 88 -1
obdef
loc3d
        4.95557846691255              0.67267262139613              1.00000000000000     -1
kind
     26     
    37800          153139     
       12.25000000000000  
 OBS            88
      -1.19535703910168
       5.36917128990540
       1.00000000000000
 87 89 -1
obdef
loc3d
        4.93193348448080              0.68856418981073            106.00000000000000     -1
kind
     26     
    37800          153139     
       12.25000000000000  
 OBS            89
       7.03462565706188
       5.59508174114314
       1.00000000000000
 88 90 -1
obdef
loc3d
        4.89970838141578              0.68765245249877            785.09423828125000     -1
kind
     26     
    37800          153139     
       12.25000000000000  
 OBS            90
      11.69839597945917
       8.40401579155934
       1.00000000000000
 89 91 -1
obdef
loc3d
        4.95026814558372              0.68993059237416             93.11567687988281     -1
kind
     26     
    37800          153139     
       12.25000000000000  
 OBS            91
       8.72201059570727
       7.53936283185832
       1.00000000000000
 90 92 -1
obdef
loc3d
        4.94174512165160              0.68484635226999            116.56585693359381     -1
kind
     26     
    37800          153139     
       12.25000000000000  
 OBS            92
       1.53477690779421
       8.06110338545528
       1.00000000000000
 91 93 -1
obdef
loc3d
        4.95420735021482              0.68473663912788             15.00000000000000     -1
kind
     26     
    37800          153139     
       12.25000000000000  
 OBS            93
      -0.96322946323607
      -2.84761547974092
       1.00000000000000
 92 94 -1
obdef
loc3d
        4.93477042118681              0.68310638816012            118.89588928222661     -1
kind
     26     
    37800          153139     
       12.25000000000000  
 OBS            94
       6.75721921303778
       7.33165885045198
       1.00000000000000
 93 95 -1
obdef
loc3d
        4.93795631029682              0.68276407673392            144.94107055664060     -1
kind
     26     
    37800          153139     
       12.25000000000000  
 OBS            95
      14.58038488986570
       9.66235712106294
       1.00000000000000
 94 96 -1
obdef
loc3d
        4.94001671685736              0.68064929967652             43.67281723022461     -1
kind
     26     
    37800          153139     
       12.25000000000000  
 OBS            96
      12.08734033359241
      10.63935670999360
       1.00000000000000
 95 97 -1
obdef
loc3d
        4.94058460161740              0.67807181314514             70.17810058593750     -1
kind
     26     
    37800          153139     
       12.25000000000000  
 OBS            97
       2.22507908911024
       8.15540532674295
       1.00000000000000
 96 98 -1
obdef
loc3d
        4.95423295419494              0.68033176843505              3.71636104583740     -1
kind
     26     
    37800          153139     
       12.25000000000000  
 OBS            98
       7.98094141316475
       8.82862855712419
       1.00000000000000
 97 99 -1
obdef
loc3d
        4.94926894458696              0.66642585587446             10.91526031494141     -1
kind
     26     
    37800          153139     
       12.25000000000000  
 OBS            99
      14.34323392288294
      10.27456800627030
       1.00000000000000
 98 100 -1
obdef
loc3d
        4.96223480186848              0.66700036066835              5.00000000000000     -1
kind
     26     
    37800          153139     
       12.25000000000000  
 OBS            100
      20.83631792221829
      12.36197069346410
       1.00000000000000
 99 101 -1
obdef
loc3d
        4.95546148971009              0.67729393735082              6.17724800109863     -1
kind
     26     
    37800          153139     
       12.25000000000000  
 OBS            101
       8.42226219981278
       4.74538534340795
       1.00000000000000
 100 102 -1
obdef
loc3d
        4.92652723985629              0.69051382381431            146.04148864746091     -1
kind
     26     
    37800          153139     
       12.25000000000000  
 OBS            102
      10.27216943480357
      10.38168241016540
       1.00000000000000
 101 103 -1
obdef
loc3d
        4.96366005344362              0.66920346185787              6.00000000000000     -1
kind
     26     
    37800          153139     
       12.25000000000000  
 OBS            103
       7.00801709280774
      12.72707991267910
       1.00000000000000
 102 104 -1
obdef
loc3d
        4.97052949833720              0.66907739847133              8.84140872955322     -1
kind
     26     
    37800          153139     
       12.25000000000000  
 OBS            104
      11.32077437181029
       8.27995109755573
       1.00000000000000
 103 105 -1
obdef
loc3d
        4.95245337490985              0.69269329908122            116.45774841308589     -1
kind
     26     
    37800          153139     
       12.25000000000000  
 OBS            105
      11.45720902280921
       9.89601477419519
       1.00000000000000
 104 106 -1
obdef
loc3d
        4.94885353278042              0.69277717633329            144.09075927734381     -1
kind
     26     
    37800          153139     
       12.25000000000000  
 OBS            106
      -1.11023627094872
      -0.05077356022691
       1.00000000000000
 105 107 -1
obdef
loc3d
        4.94336975041274              0.69009669144632            168.92642211914060     -1
kind
     26     
    37800          153139     
       12.25000000000000  
 OBS            107
       3.36274727037188
       8.35947465751605
       1.00000000000000
 106 108 -1
obdef
loc3d
        4.93556788041953              0.67027828664670             15.00000000000000     -1
kind
     26     
    37800          153139     
       12.25000000000000  
 OBS            108
       8.03780590494190
       8.78868831572676
       1.00000000000000
 107 109 -1
obdef
loc3d
        4.94033180527593              0.67113295277478             15.00000000000000     -1
kind
     26     
    37800          153139     
       12.25000000000000  
 OBS            109
      18.16018986488950
      10.76534532391240
       1.00000000000000
 108 110 -1
obdef
loc3d
        4.94303858410231              0.67245219021673             45.31371688842773     -1
kind
     26     
    37800          153139     
       12.25000000000000  
 OBS            110
      11.66883833043218
       8.95413717974309
       1.00000000000000
 109 111 -1
obdef
loc3d
        4.94353452184302              0.67563108019985             33.40631103515625     -1
kind
     26     
    37800          153139     
       12.25000000000000  
 OBS            111
      10.83232728368171
       8.64261002589891
       1.00000000000000
 110 112 -1
obdef
loc3d
        4.94374389829480              0.67833415521310             29.86422538757324     -1
kind
     26     
    37800          153139     
       12.25000000000000  
 OBS            112
       8.10375404809525
       8.36287726099945
       1.00000000000000
 111 113 -1
obdef
loc3d
        4.94273365028682              0.68737244152012            176.80966186523440     -1
kind
     26     
    37800          153139     
       12.25000000000000  
 OBS            113
       0.01590868687446
       4.83984419343127
       1.00000000000000
 112 114 -1
obdef
loc3d
        4.92701506510552              0.68724654189208            235.55827331542969     -1
kind
     26     
    37800          153139     
       12.25000000000000  
 OBS            114
       0.87621182612538
       0.13635211619191
       1.00000000000000
 113 115 -1
obdef
loc3d
        4.93770287749180              0.68559892863867            149.84144592285159     -1
kind
     26     
    37800          153139     
       12.25000000000000  
 OBS            115
       2.47946463888798
       7.89908640492122
       1.00000000000000
 114 116 -1
obdef
loc3d
        4.92849072850511              0.69275166570057            196.64169311523440     -1
kind
     26     
    37800          153139     
       12.25000000000000  
 OBS            116
       6.37214337471478
      10.84397951817510
       1.00000000000000
 115 117 -1
obdef
loc3d
        4.94704606827608              0.66890083993760             30.00000000000000     -1
kind
     26     
    37800          153139     
       12.25000000000000  
 OBS            117
       7.45463544567836
       8.02424730489671
       1.00000000000000
 116 118 -1
obdef
loc3d
        4.93215285315783              0.69272179551745            405.54205322265619     -1
kind
     26     
    37800          153139     
       12.25000000000000  
 OBS            118
      -0.61380933996590
       3.26210401557514
       1.00000000000000
 117 119 -1
obdef
loc3d
        4.93041137291484              0.68610286792166             95.01055908203125     -1
kind
     26     
    37800          153139     
       12.25000000000000  
 OBS            119
       3.41321793592583
       4.09801028169766
       1.00000000000000
 118 120 -1
obdef
loc3d
        4.94340662813579              0.66912283370227             30.00000000000000     -1
kind
     26     
    37800          153139     
       12.25000000000000  
 OBS            120
       0.02781705793920
       6.99204051851934
       1.00000000000000
 119 121 -1
obdef
loc3d
        4.94246051140049              0.69284522685509            232.15176391601560     -1
kind
     26     
    37800          153139     
       12.25000000000000  
 OBS            121
      13.11231743351301
       9.72594261448524
       1.00000000000000
 120 122 -1
obdef
loc3d
        4.94897278262263              0.68784055253573             58.60614395141602     -1
kind
     26     
    37800          153139     
       12.25000000000000  
 OBS            122
       5.01837871391260
       5.91866103365487
       1.00000000000000
 121 123 -1
obdef
loc3d
        4.94541527617556              0.68071005727643             33.77826690673828     -1
kind
     26     
    37800          153139     
       12.25000000000000  
 OBS            123
       7.54337801296060
       8.46580747582613
       1.00000000000000
 122 124 -1
obdef
loc3d
        4.93748800785195              0.67296050504062             44.45593643188477     -1
kind
     26     
    37800          153139     
       12.25000000000000  
 OBS            124
       6.26805522971638
       8.63830852303322
       1.00000000000000
 123 125 -1
obdef
loc3d
        4.93696530791536              0.69256666762304            156.90283203125000     -1
kind
     26     
    37800          153139     
       12.25000000000000  
 OBS            125
      -0.47528733100650
       3.90457758260032
       1.00000000000000
 124 126 -1
obdef
loc3d
        4.92145179475246              0.69276808226809            165.77503967285159     -1
kind
     26     
    37800          153139     
       12.25000000000000  
 OBS            126
      14.18464908780208
       8.56675701154552
       1.00000000000000
 125 127 -1
obdef
loc3d
        4.93950672299123              0.68813471885857            177.40441894531250     -1
kind
     26     
    37800          153139     
       12.25000000000000  
 OBS            127
       5.79519166510701
       4.73373075204309
       1.00000000000000
 126 128 -1
obdef
loc3d
        4.93611382531472              0.68823817566222            173.73840332031250     -1
kind
     26     
    37800          153139     
       12.25000000000000  
 OBS            128
       7.21823664239326
      10.54398625018780
       1.00000000000000
 127 129 -1
obdef
loc3d
        4.94685988234341              0.69028594514941            170.37097167968750     -1
kind
     26     
    37800          153139     
       12.25000000000000  
 OBS            129
      12.50458992786975
       7.41658620130821
       1.00000000000000
 128 130 -1
obdef
loc3d
        4.93440797857224              0.69076858072881            137.08886718750000     -1
kind
     26     
    37800          153139     
       12.25000000000000  
 OBS            130
       5.95025704485545
       3.28196796548809
       1.00000000000000
 129 131 -1
obdef
loc3d
        4.93397023736678              0.68569719666510            120.48287200927730     -1
kind
     26     
    37800          153139     
       12.25000000000000  
 OBS            131
       7.16281795529605
      11.05714362122050
       1.00000000000000
 130 132 -1
obdef
loc3d
        4.96098036034072              0.67790128169477             17.24609375000000     -1
kind
     26     
    37800          153139     
       12.25000000000000  
 OBS            132
       7.84851781803894
       7.23000829025300
       1.00000000000000
 131 133 -1
obdef
loc3d
        4.95746178551042              0.68576241061300             17.20619201660156     -1
kind
     26     
    37800          153139     
       12.25000000000000  
 OBS            133
      14.26513365270890
      12.33842200016090
       1.00000000000000
 132 134 -1
obdef
loc3d
        4.96821528454312              0.66626811336639              8.93466186523438     -1
kind
     26     
    37800          153139     
       12.25000000000000  
 OBS            134
      10.28502080621189
       7.25124889102394
       1.00000000000000
 133 135 -1
obdef
loc3d
        4.95821139545160              0.68356985009176             15.00000000000000     -1
kind
     26     
    37800          153139     
       12.25000000000000  
 OBS            135
       2.70702763735077
       9.66810203405602
       1.00000000000000
 134 136 -1
obdef
loc3d
        4.95929084301108              0.67289450711582              9.91464328765869     -1
kind
     26     
    37800          153139     
       12.25000000000000  
 OBS            136
      18.08123563589739
      12.08239238754930
       1.00000000000000
 135 137 -1
obdef
loc3d
        4.95884231318174              0.67566319569297             12.79061889648438     -1
kind
     26     
    37800          153139     
       12.25000000000000  
 OBS            137
      14.94884997232236
      10.80140296744050
       1.00000000000000
 136 138 -1
obdef
loc3d
        4.96068172506451              0.68176493518182             14.00000000000000     -1
kind
     26     
    37800          153139     
       12.25000000000000  
 OBS            138
       6.18814870580555
       7.06144248618437
       1.00000000000000
 137 139 -1
obdef
loc3d
        4.96044430349621              0.68522255501691             15.00000000000000     -1
kind
     26     
    37800          153139     
       12.25000000000000  
 OBS            139
      11.90584717644731
      10.14286804867160
       1.00000000000000
 138 140 -1
obdef
loc3d
        4.95653505007277              0.68174821287482             15.07347202301025     -1
kind
     26     
    37800          153139     
       12.25000000000000  
 OBS            140
      11.63276457603314
      13.27256619559160
       1.00000000000000
 139 141 -1
obdef
loc3d
        4.96521948188739              0.66389255790081              6.10258388519287     -1
kind
     26     
    37800          153139     
       12.25000000000000  
 OBS            141
      12.37663251778342
      11.58182007574700
       1.00000000000000
 140 142 -1
obdef
loc3d
        4.96720461139216              0.67033432936439             12.91210937500000     -1
kind
     26     
    37800          153139     
       12.25000000000000  
 OBS            142
      12.07149840755874
       8.98382789643996
       1.00000000000000
 141 143 -1
obdef
loc3d
        4.96018888249816              0.68814255256013             15.00000000000000     -1
kind
     26     
    37800          153139     
       12.25000000000000  
 OBS            143
       4.12072145290090
       4.89845667980364
       1.00000000000000
 142 144 -1
obdef
loc3d
        4.95410557213704              0.69029785801799             54.42578125000000     -1
kind
     26     
    37800          153139     
       12.25000000000000  
 OBS            144
       3.02511290324924
       6.81901142293198
       1.00000000000000
 143 145 -1
obdef
loc3d
        4.95508230192316              0.68705689194968              9.08530712127686     -1
kind
     26     
    37800          153139     
       12.25000000000000  
 OBS            145
       6.63928073373790
       8.74768223478478
       1.00000000000000
 144 146 -1
obdef
loc3d
        4.89659470219302              0.68517541625982            824.84875488281250     -1
kind
     26     
    37800          153139     
       12.25000000000000  
 OBS            146
       0.97750559436411
      -1.11562241564161
       1.00000000000000
 145 147 -1
obdef
loc3d
        4.89719607397323              0.69286120068011            493.76440429687500     -1
kind
     26     
    37800          153139     
       12.25000000000000  
 OBS            147
       2.26474807733112
       1.86998096865761
       1.00000000000000
 146 148 -1
obdef
loc3d
        4.91562721585699              0.69268557315466            290.85858154296881     -1
kind
     26     
    37800          153139     
       12.25000000000000  
 OBS            148
       2.59148393780547
       4.86475337387512
       1.00000000000000
 147 149 -1
obdef
loc3d
        4.89650463462054              0.68965598658767            806.96582031250000     -1
kind
     26     
    37800          153139     
       12.25000000000000  
 OBS            149
       3.88369515310256
       4.64487843004426
       1.00000000000000
 148 150 -1
obdef
loc3d
        4.90117724149658              0.69117926561099            769.23168945312500     -1
kind
     26     
    37800          153139     
       12.25000000000000  
 OBS            150
      -0.10411601031007
      -0.88898283323835
       1.00000000000000
 149 151 -1
obdef
loc3d
        4.91058697772938              0.69047364022544            228.45222473144531     -1
kind
     26     
    37800          153139     
       12.25000000000000  
 OBS            151
     285.94499909131349
     287.57610127723200
       1.00000000000000
 150 152 -1
obdef
loc3d
        4.90540352515539              0.69194112440599            606.33142089843750     -1
kind
     27     
    37800          153139     
        6.25000000000000  
 OBS            152
     288.73177549911202
     288.89891006010703
       1.00000000000000
 151 153 -1
obdef
loc3d
        4.94546412681761              0.68348353984884             17.75631332397461     -1
kind
     27     
    37800          153139     
        6.25000000000000  
 OBS            153
     290.62480293890587
     290.34534360378598
       1.00000000000000
 152 154 -1
obdef
loc3d
        4.94660974174000              0.67744857875853             29.35406684875488     -1
kind
     27     
    37800          153139     
        6.25000000000000  
 OBS            154
     289.74643806897859
     288.34515028831203
       1.00000000000000
 153 155 -1
obdef
loc3d
        4.94648126630843              0.68652865419204             54.82812500000000     -1
kind
     27     
    37800          153139     
        6.25000000000000  
 OBS            155
     289.88993843696909
     288.56421284485299
       1.00000000000000
 154 156 -1
obdef
loc3d
        4.94445426011379              0.68507566758975             62.61011505126953     -1
kind
     27     
    37800          153139     
        6.25000000000000  
 OBS            156
     286.62072132258896
     287.82372762538500
       1.00000000000000
 155 157 -1
obdef
loc3d
        4.94602055174578              0.68752162087271            134.15721130371091     -1
kind
     27     
    37800          153139     
        6.25000000000000  
 OBS            157
     289.28247296890447
     290.75408929544301
       1.00000000000000
 156 158 -1
obdef
loc3d
        4.94603912728501              0.67254511985829             35.00297546386719     -1
kind
     27     
    37800          153139     
        6.25000000000000  
 OBS            158
     290.15274876658566
     290.18756718793799
       1.00000000000000
 157 159 -1
obdef
loc3d
        4.95877904994953              0.67986585977255             17.04111671447754     -1
kind
     27     
    37800          153139     
        6.25000000000000  
 OBS            159
     289.61766337120935
     288.02739941628499
       1.00000000000000
 158 160 -1
obdef
loc3d
        4.93958042817759              0.69095160998657            226.13127136230469     -1
kind
     27     
    37800          153139     
        6.25000000000000  
 OBS            160
     288.68438026622141
     289.17187769856997
       1.00000000000000
 159 161 -1
obdef
loc3d
        4.95756313665553              0.69181797222864             89.84997558593750     -1
kind
     27     
    37800          153139     
        6.25000000000000  
 OBS            161
     292.25406632923097
     290.77868616990401
       1.00000000000000
 160 162 -1
obdef
loc3d
        4.94078657111844              0.67409210989409             60.81152343750000     -1
kind
     27     
    37800          153139     
        6.25000000000000  
 OBS            162
     290.01567170122598
     290.60449150473499
       1.00000000000000
 161 163 -1
obdef
loc3d
        4.95557846691255              0.67267262139613              1.00000000000000     -1
kind
     27     
    37800          153139     
        6.25000000000000  
 OBS            163
     288.80929691768108
     288.78448725422902
       1.00000000000000
 162 164 -1
obdef
loc3d
        4.93193348448080              0.68856418981073            106.00000000000000     -1
kind
     27     
    37800          153139     
        6.25000000000000  
 OBS            164
     287.03341695828448
     286.72348316067900
       1.00000000000000
 163 165 -1
obdef
loc3d
        4.89970838141578              0.68765245249877            785.09423828125000     -1
kind
     27     
    37800          153139     
        6.25000000000000  
 OBS            165
     288.05753213392541
     288.18730375129599
       1.00000000000000
 164 166 -1
obdef
loc3d
        4.95026814558372              0.68993059237416             93.11567687988281     -1
kind
     27     
    37800          153139     
        6.25000000000000  
 OBS            166
     289.43571925062906
     288.71571484994098
       1.00000000000000
 165 167 -1
obdef
loc3d
        4.94174512165160              0.68484635226999            116.56585693359381     -1
kind
     27     
    37800          153139     
        6.25000000000000  
 OBS            167
     288.85885286876317
     289.51672877131699
       1.00000000000000
 166 168 -1
obdef
loc3d
        4.95420735021482              0.68473663912788             15.00000000000000     -1
kind
     27     
    37800          153139     
        6.25000000000000  
 OBS            168
     289.76915816278637
     288.75670287168202
       1.00000000000000
 167 169 -1
obdef
loc3d
        4.93477042118681              0.68310638816012            118.89588928222661     -1
kind
     27     
    37800          153139     
        6.25000000000000  
 OBS            169
     289.63910512068719
     289.05044744516999
       1.00000000000000
 168 170 -1
obdef
loc3d
        4.93795631029682              0.68276407673392            144.94107055664060     -1
kind
     27     
    37800          153139     
        6.25000000000000  
 OBS            170
     290.30716793389422
     290.04786239733602
       1.00000000000000
 169 171 -1
obdef
loc3d
        4.94001671685736              0.68064929967652             43.67281723022461     -1
kind
     27     
    37800          153139     
        6.25000000000000  
 OBS            171
     289.94417018431568
     290.40918496567798
       1.00000000000000
 170 172 -1
obdef
loc3d
        4.94058460161740              0.67807181314514             70.17810058593750     -1
kind
     27     
    37800          153139     
        6.25000000000000  
 OBS            172
     289.26476489766378
     290.32899886929101
       1.00000000000000
 171 173 -1
obdef
loc3d
        4.95423295419494              0.68033176843505              3.71636104583740     -1
kind
     27     
    37800          153139     
        6.25000000000000  
 OBS            173
     290.34258421249882
     290.72073319590800
       1.00000000000000
 172 174 -1
obdef
loc3d
        4.94926894458696              0.66642585587446             10.91526031494141     -1
kind
     27     
    37800          153139     
        6.25000000000000  
 OBS            174
     291.65677667519799
     291.03663428493201
       1.00000000000000
 173 175 -1
obdef
loc3d
        4.96223480186848              0.66700036066835              5.00000000000000     -1
kind
     27     
    37800          153139     
        6.25000000000000  
 OBS            175
     290.10370152754297
     290.47764197884902
       1.00000000000000
 174 176 -1
obdef
loc3d
        4.95546148971009              0.67729393735082              6.17724800109863     -1
kind
     27     
    37800          153139     
        6.25000000000000  
 OBS            176
     287.70536191419524
     288.50654409782300
       1.00000000000000
 175 177 -1
obdef
loc3d
        4.92652723985629              0.69051382381431            146.04148864746091     -1
kind
     27     
    37800          153139     
        6.25000000000000  
 OBS            177
     291.01219783237610
     290.72634680570002
       1.00000000000000
 176 178 -1
obdef
loc3d
        4.96366005344362              0.66920346185787              6.00000000000000     -1
kind
     27     
    37800          153139     
        6.25000000000000  
 OBS            178
     288.16110528005970
     290.05099383127401
       1.00000000000000
 177 179 -1
obdef
loc3d
        4.97052949833720              0.66907739847133              8.84140872955322     -1
kind
     27     
    37800          153139     
        6.25000000000000  
 OBS            179
     287.96443363648740
     288.61951225559801
       1.00000000000000
 178 180 -1
obdef
loc3d
        4.95245337490985              0.69269329908122            116.45774841308589     -1
kind
     27     
    37800          153139     
        6.25000000000000  
 OBS            180
     286.28715129599436
     287.95904417597001
       1.00000000000000
 179 181 -1
obdef
loc3d
        4.94885353278042              0.69277717633329            144.09075927734381     -1
kind
     27     
    37800          153139     
        6.25000000000000  
 OBS            181
     287.48836512932763
     287.72060975918203
       1.00000000000000
 180 182 -1
obdef
loc3d
        4.94336975041274              0.69009669144632            168.92642211914060     -1
kind
     27     
    37800          153139     
        6.25000000000000  
 OBS            182
     291.60211162345507
     291.35557451087101
       1.00000000000000
 181 183 -1
obdef
loc3d
        4.93556788041953              0.67027828664670             15.00000000000000     -1
kind
     27     
    37800          153139     
        6.25000000000000  
 OBS            183
     290.96096946302470
     291.17746623432799
       1.00000000000000
 182 184 -1
obdef
loc3d
        4.94033180527593              0.67113295277478             15.00000000000000     -1
kind
     27     
    37800          153139     
        6.25000000000000  
 OBS            184
     290.28111272670537
     290.83290044863799
       1.00000000000000
 183 185 -1
obdef
loc3d
        4.94303858410231              0.67245219021673             45.31371688842773     -1
kind
     27     
    37800          153139     
        6.25000000000000  
 OBS            185
     291.11263225063283
     290.61264223012603
       1.00000000000000
 184 186 -1
obdef
loc3d
        4.94353452184302              0.67563108019985             33.40631103515625     -1
kind
     27     
    37800          153139     
        6.25000000000000  
 OBS            186
     291.40617998500812
     290.52031985269900
       1.00000000000000
 185 187 -1
obdef
loc3d
        4.94374389829480              0.67833415521310             29.86422538757324     -1
kind
     27     
    37800          153139     
        6.25000000000000  
 OBS            187
     286.76286442322476
     288.21404415844000
       1.00000000000000
 186 188 -1
obdef
loc3d
        4.94273365028682              0.68737244152012            176.80966186523440     -1
kind
     27     
    37800          153139     
        6.25000000000000  
 OBS            188
     287.23744693076736
     288.27224388962901
       1.00000000000000
 187 189 -1
obdef
loc3d
        4.92701506510552              0.68724654189208            235.55827331542969     -1
kind
     27     
    37800          153139     
        6.25000000000000  
 OBS            189
     287.62884324102367
     288.10999902845703
       1.00000000000000
 188 190 -1
obdef
loc3d
        4.93770287749180              0.68559892863867            149.84144592285159     -1
kind
     27     
    37800          153139     
        6.25000000000000  
 OBS            190
     289.50670900612096
     288.86103360712201
       1.00000000000000
 189 191 -1
obdef
loc3d
        4.92849072850511              0.69275166570057            196.64169311523440     -1
kind
     27     
    37800          153139     
        6.25000000000000  
 OBS            191
     290.51278483498396
     290.93907777513698
       1.00000000000000
 190 192 -1
obdef
loc3d
        4.94704606827608              0.66890083993760             30.00000000000000     -1
kind
     27     
    37800          153139     
        6.25000000000000  
 OBS            192
     287.25485618237911
     287.10544706396900
       1.00000000000000
 191 193 -1
obdef
loc3d
        4.93215285315783              0.69272179551745            405.54205322265619     -1
kind
     27     
    37800          153139     
        6.25000000000000  
 OBS            193
     286.24711418618381
     288.50837381239899
       1.00000000000000
 192 194 -1
obdef
loc3d
        4.93041137291484              0.68610286792166             95.01055908203125     -1
kind
     27     
    37800          153139     
        6.25000000000000  
 OBS            194
     291.09882893660284
     290.64070525965099
       1.00000000000000
 193 195 -1
obdef
loc3d
        4.94340662813579              0.66912283370227             30.00000000000000     -1
kind
     27     
    37800          153139     
        6.25000000000000  
 OBS            195
     285.82236520028545
     287.84773109215001
       1.00000000000000
 194 196 -1
obdef
loc3d
        4.94246051140049              0.69284522685509            232.15176391601560     -1
kind
     27     
    37800          153139     
        6.25000000000000  
 OBS            196
     286.95078815129438
     288.18890917887097
       1.00000000000000
 195 197 -1
obdef
loc3d
        4.94897278262263              0.68784055253573             58.60614395141602     -1
kind
     27     
    37800          153139     
        6.25000000000000  
 OBS            197
     287.90945394522095
     289.67132949353203
       1.00000000000000
 196 198 -1
obdef
loc3d
        4.94541527617556              0.68071005727643             33.77826690673828     -1
kind
     27     
    37800          153139     
        6.25000000000000  
 OBS            198
     292.19223730852542
     291.05657834164600
       1.00000000000000
 197 199 -1
obdef
loc3d
        4.93748800785195              0.67296050504062             44.45593643188477     -1
kind
     27     
    37800          153139     
        6.25000000000000  
 OBS            199
     287.16761347242925
     288.46293910180498
       1.00000000000000
 198 200 -1
obdef
loc3d
        4.93696530791536              0.69256666762304            156.90283203125000     -1
kind
     27     
    37800          153139     
        6.25000000000000  
 OBS            200
     290.94601827647227
     288.34830256515897
       1.00000000000000
 199 201 -1
obdef
loc3d
        4.92145179475246              0.69276808226809            165.77503967285159     -1
kind
     27     
    37800          153139     
        6.25000000000000  
 OBS            201
     288.68503763742063
     288.53607965193601
       1.00000000000000
 200 202 -1
obdef
loc3d
        4.93950672299123              0.68813471885857            177.40441894531250     -1
kind
     27     
    37800          153139     
        6.25000000000000  
 OBS            202
     289.06428438991571
     288.63015490971299
       1.00000000000000
 201 203 -1
obdef
loc3d
        4.93611382531472              0.68823817566222            173.73840332031250     -1
kind
     27     
    37800          153139     
        6.25000000000000  
 OBS            203
     288.24502995402901
     287.86852107212400
       1.00000000000000
 202 204 -1
obdef
loc3d
        4.94685988234341              0.69028594514941            170.37097167968750     -1
kind
     27     
    37800          153139     
        6.25000000000000  
 OBS            204
     287.88401273818693
     288.65971310658801
       1.00000000000000
 203 205 -1
obdef
loc3d
        4.93440797857224              0.69076858072881            137.08886718750000     -1
kind
     27     
    37800          153139     
        6.25000000000000  
 OBS            205
     288.20690626247085
     288.56085709367198
       1.00000000000000
 204 206 -1
obdef
loc3d
        4.93397023736678              0.68569719666510            120.48287200927730     -1
kind
     27     
    37800          153139     
        6.25000000000000  
 OBS            206
     290.02108201485265
     290.20692212681001
       1.00000000000000
 205 207 -1
obdef
loc3d
        4.96098036034072              0.67790128169477             17.24609375000000     -1
kind
     27     
    37800          153139     
        6.25000000000000  
 OBS            207
     290.62717111371416
     289.30930915184598
       1.00000000000000
 206 208 -1
obdef
loc3d
        4.95746178551042              0.68576241061300             17.20619201660156     -1
kind
     27     
    37800          153139     
        6.25000000000000  
 OBS            208
     291.85702325833250
     290.33277566437602
       1.00000000000000
 207 209 -1
obdef
loc3d
        4.96821528454312              0.66626811336639              8.93466186523438     -1
kind
     27     
    37800          153139     
        6.25000000000000  
 OBS            209
     290.28267090979011
     289.67127120298301
       1.00000000000000
 208 210 -1
obdef
loc3d
        4.95821139545160              0.68356985009176             15.00000000000000     -1
kind
     27     
    37800          153139     
        6.25000000000000  
 OBS            210
     291.28498499918203
     290.69651991839601
       1.00000000000000
 209 211 -1
obdef
loc3d
        4.95929084301108              0.67289450711582              9.91464328765869     -1
kind
     27     
    37800          153139     
        6.25000000000000  
 OBS            211
     291.48952385085317
     290.53280847977902
       1.00000000000000
 210 212 -1
obdef
loc3d
        4.95884231318174              0.67566319569297             12.79061889648438     -1
kind
     27     
    37800          153139     
        6.25000000000000  
 OBS            212
     292.14917287295242
     289.93094945456801
       1.00000000000000
 211 213 -1
obdef
loc3d
        4.96068172506451              0.68176493518182             14.00000000000000     -1
kind
     27     
    37800          153139     
        6.25000000000000  
 OBS            213
     289.13374414677298
     289.38605876354802
       1.00000000000000
 212 214 -1
obdef
loc3d
        4.96044430349621              0.68522255501691             15.00000000000000     -1
kind
     27     
    37800          153139     
        6.25000000000000  
 OBS            214
     290.88777892124727
     290.07531331518999
       1.00000000000000
 213 215 -1
obdef
loc3d
        4.95653505007277              0.68174821287482             15.07347202301025     -1
kind
     27     
    37800          153139     
        6.25000000000000  
 OBS            215
     289.10629590565844
     290.55534722686400
       1.00000000000000
 214 216 -1
obdef
loc3d
        4.96521948188739              0.66389255790081              6.10258388519287     -1
kind
     27     
    37800          153139     
        6.25000000000000  
 OBS            216
     288.50090048263530
     290.46121705349600
       1.00000000000000
 215 217 -1
obdef
loc3d
        4.96720461139216              0.67033432936439             12.91210937500000     -1
kind
     27     
    37800          153139     
        6.25000000000000  
 OBS            217
     289.17601682613218
     289.29928735110599
       1.00000000000000
 216 218 -1
obdef
loc3d
        4.96018888249816              0.68814255256013             15.00000000000000     -1
kind
     27     
    37800          153139     
        6.25000000000000  
 OBS            218
     287.89015416217410
     288.29004650409399
       1.00000000000000
 217 219 -1
obdef
loc3d
        4.95410557213704              0.69029785801799             54.42578125000000     -1
kind
     27     
    37800          153139     
        6.25000000000000  
 OBS            219
     288.69084496954264
     289.33324374836002
       1.00000000000000
 218 220 -1
obdef
loc3d
        4.95508230192316              0.68705689194968              9.08530712127686     -1
kind
     27     
    37800          153139     
        6.25000000000000  
 OBS            220
     287.32040866889264
     287.46689123769499
       1.00000000000000
 219 221 -1
obdef
loc3d
        4.89659470219302              0.68517541625982            824.84875488281250     -1
kind
     27     
    37800          153139     
        6.25000000000000  
 OBS            221
     288.05358063995868
     288.46662480892002
       1.00000000000000
 220 222 -1
obdef
loc3d
        4.89719607397323              0.69286120068011            493.76440429687500     -1
kind
     27     
    37800          153139     
        6.25000000000000  
 OBS            222
     290.87311186648395
     288.49478867708001
       1.00000000000000
 221 223 -1
obdef
loc3d
        4.91562721585699              0.69268557315466            290.85858154296881     -1
kind
     27     
    37800          153139     
        6.25000000000000  
 OBS            223
     286.50499755401916
     287.29662367997003
       1.00000000000000
 222 224 -1
obdef
loc3d
        4.89650463462054              0.68965598658767            806.96582031250000     -1
kind
     27     
    37800          153139     
        6.25000000000000  
 OBS            224
     286.26883615229002
     287.02225145388201
       1.00000000000000
 223 225 -1
obdef
loc3d
        4.90117724149658              0.69117926561099            769.23168945312500     -1
kind
     27     
    37800          153139     
        6.25000000000000  
 OBS            225
     288.80789271717560
     288.38380740321799
       1.00000000000000
 224 -1 -1
obdef
loc3d
        4.91058697772938              0.69047364022544            228.45222473144531     -1
kind
     27     
    37800          153139     
        6.25000000000000  
