 obs_sequence
obs_kind_definitions
       3
    25          LAND_SFC_U_WIND_COMPONENT   
    26          LAND_SFC_V_WIND_COMPONENT   
    27          LAND_SFC_TEMPERATURE   
  num_copies:            2  num_qc:            1
 num_obs:       225  max_num_obs:       225
observations
truth
QC radar
  first:            1  last:       225
 OBS            1
      17.73929770171267
      11.28965464029810
       1.00000000000000
 -1 2 -1
obdef
loc3d
        4.90540352515539              0.69194112440599            606.33142089843750     -1
kind
     25     
    79200          153139     
       12.25000000000000  
 OBS            2
       0.99876048124140
       2.95017483001459
       1.00000000000000
 1 3 -1
obdef
loc3d
        4.94546412681761              0.68348353984884             17.75631332397461     -1
kind
     25     
    79200          153139     
       12.25000000000000  
 OBS            3
       8.18647850529885
       7.14702703860152
       1.00000000000000
 2 4 -1
obdef
loc3d
        4.94660974174000              0.67744857875853             29.35406684875488     -1
kind
     25     
    79200          153139     
       12.25000000000000  
 OBS            4
       5.03818648591162
       3.20405707046868
       1.00000000000000
 3 5 -1
obdef
loc3d
        4.94648126630843              0.68652865419204             54.82812500000000     -1
kind
     25     
    79200          153139     
       12.25000000000000  
 OBS            5
       4.62131982312415
       4.43581963374847
       1.00000000000000
 4 6 -1
obdef
loc3d
        4.94445426011379              0.68507566758975             62.61011505126953     -1
kind
     25     
    79200          153139     
       12.25000000000000  
 OBS            6
       8.42334235292115
       4.84139261504322
       1.00000000000000
 5 7 -1
obdef
loc3d
        4.94602055174578              0.68752162087271            134.15721130371091     -1
kind
     25     
    79200          153139     
       12.25000000000000  
 OBS            7
       9.74839462566511
       4.48832270198986
       1.00000000000000
 6 8 -1
obdef
loc3d
        4.94603912728501              0.67254511985829             35.00297546386719     -1
kind
     25     
    79200          153139     
       12.25000000000000  
 OBS            8
       7.57256127036392
       8.11293000247160
       1.00000000000000
 7 9 -1
obdef
loc3d
        4.95877904994953              0.67986585977255             17.04111671447754     -1
kind
     25     
    79200          153139     
       12.25000000000000  
 OBS            9
      13.21930152384012
       8.94866005723624
       1.00000000000000
 8 10 -1
obdef
loc3d
        4.93958042817759              0.69095160998657            226.13127136230469     -1
kind
     25     
    79200          153139     
       12.25000000000000  
 OBS            10
       4.09247308867693
       6.22870314757442
       1.00000000000000
 9 11 -1
obdef
loc3d
        4.95756313665553              0.69181797222864             89.84997558593750     -1
kind
     25     
    79200          153139     
       12.25000000000000  
 OBS            11
       8.17491836710930
       4.12038212607097
       1.00000000000000
 10 12 -1
obdef
loc3d
        4.94078657111844              0.67409210989409             60.81152343750000     -1
kind
     25     
    79200          153139     
       12.25000000000000  
 OBS            12
       6.96744083877699
       7.65414222497048
       1.00000000000000
 11 13 -1
obdef
loc3d
        4.95557846691255              0.67267262139613              1.00000000000000     -1
kind
     25     
    79200          153139     
       12.25000000000000  
 OBS            13
      11.34055514072819
      10.22784945454070
       1.00000000000000
 12 14 -1
obdef
loc3d
        4.93193348448080              0.68856418981073            106.00000000000000     -1
kind
     25     
    79200          153139     
       12.25000000000000  
 OBS            14
       9.10605683232850
      12.73232391921610
       1.00000000000000
 13 15 -1
obdef
loc3d
        4.89970838141578              0.68765245249877            785.09423828125000     -1
kind
     25     
    79200          153139     
       12.25000000000000  
 OBS            15
       6.54659671521706
       4.42334931450368
       1.00000000000000
 14 16 -1
obdef
loc3d
        4.95026814558372              0.68993059237416             93.11567687988281     -1
kind
     25     
    79200          153139     
       12.25000000000000  
 OBS            16
       3.84264987221018
       4.62549998385080
       1.00000000000000
 15 17 -1
obdef
loc3d
        4.94174512165160              0.68484635226999            116.56585693359381     -1
kind
     25     
    79200          153139     
       12.25000000000000  
 OBS            17
       7.84589415093743
       9.29280985427263
       1.00000000000000
 16 18 -1
obdef
loc3d
        4.95420735021482              0.68473663912788             15.00000000000000     -1
kind
     25     
    79200          153139     
       12.25000000000000  
 OBS            18
       2.64653300644246
       3.43085088150465
       1.00000000000000
 17 19 -1
obdef
loc3d
        4.93477042118681              0.68310638816012            118.89588928222661     -1
kind
     25     
    79200          153139     
       12.25000000000000  
 OBS            19
       3.45155785560561
       3.94656827084140
       1.00000000000000
 18 20 -1
obdef
loc3d
        4.93795631029682              0.68276407673392            144.94107055664060     -1
kind
     25     
    79200          153139     
       12.25000000000000  
 OBS            20
       9.63736112029775
       4.83293349674720
       1.00000000000000
 19 21 -1
obdef
loc3d
        4.94001671685736              0.68064929967652             43.67281723022461     -1
kind
     25     
    79200          153139     
       12.25000000000000  
 OBS            21
       7.70068431496893
       4.29169643570708
       1.00000000000000
 20 22 -1
obdef
loc3d
        4.94058460161740              0.67807181314514             70.17810058593750     -1
kind
     25     
    79200          153139     
       12.25000000000000  
 OBS            22
      11.32789078649187
       7.04236398413642
       1.00000000000000
 21 23 -1
obdef
loc3d
        4.95423295419494              0.68033176843505              3.71636104583740     -1
kind
     25     
    79200          153139     
       12.25000000000000  
 OBS            23
       8.22297326238552
       7.32915637658433
       1.00000000000000
 22 24 -1
obdef
loc3d
        4.94926894458696              0.66642585587446             10.91526031494141     -1
kind
     25     
    79200          153139     
       12.25000000000000  
 OBS            24
       8.48881951608501
       8.16046073420192
       1.00000000000000
 23 25 -1
obdef
loc3d
        4.96223480186848              0.66700036066835              5.00000000000000     -1
kind
     25     
    79200          153139     
       12.25000000000000  
 OBS            25
       6.47860098129331
       7.87767718995925
       1.00000000000000
 24 26 -1
obdef
loc3d
        4.95546148971009              0.67729393735082              6.17724800109863     -1
kind
     25     
    79200          153139     
       12.25000000000000  
 OBS            26
       7.58663249669819
       9.34288037941011
       1.00000000000000
 25 27 -1
obdef
loc3d
        4.92652723985629              0.69051382381431            146.04148864746091     -1
kind
     25     
    79200          153139     
       12.25000000000000  
 OBS            27
      -0.39751289217172
       7.49946090222041
       1.00000000000000
 26 28 -1
obdef
loc3d
        4.96366005344362              0.66920346185787              6.00000000000000     -1
kind
     25     
    79200          153139     
       12.25000000000000  
 OBS            28
       8.39284302725486
       5.16723024019872
       1.00000000000000
 27 29 -1
obdef
loc3d
        4.97052949833720              0.66907739847133              8.84140872955322     -1
kind
     25     
    79200          153139     
       12.25000000000000  
 OBS            29
       6.02180544956847
       3.67529827776437
       1.00000000000000
 28 30 -1
obdef
loc3d
        4.95272465676814              0.69285338512106             17.57446289062500     -1
kind
     25     
    79200          153139     
       12.25000000000000  
 OBS            30
       3.32598960624075
       4.37934652466712
       1.00000000000000
 29 31 -1
obdef
loc3d
        4.94895487610473              0.69270373762026            144.09075927734381     -1
kind
     25     
    79200          153139     
       12.25000000000000  
 OBS            31
       8.81357992832579
       8.37501493454056
       1.00000000000000
 30 32 -1
obdef
loc3d
        4.94293085461737              0.69053117803871            168.92642211914060     -1
kind
     25     
    79200          153139     
       12.25000000000000  
 OBS            32
       5.52121089541693
       4.31566633622961
       1.00000000000000
 31 33 -1
obdef
loc3d
        4.93556788041953              0.67027828664670             15.00000000000000     -1
kind
     25     
    79200          153139     
       12.25000000000000  
 OBS            33
       4.48152728788983
       7.59968077774060
       1.00000000000000
 32 34 -1
obdef
loc3d
        4.94611628544174              0.67496858055017             35.03607940673828     -1
kind
     25     
    79200          153139     
       12.25000000000000  
 OBS            34
       4.23545035162621
       5.99908454106655
       1.00000000000000
 33 35 -1
obdef
loc3d
        4.94304709522229              0.67138694960003             45.00000000000000     -1
kind
     25     
    79200          153139     
       12.25000000000000  
 OBS            35
      11.08234080225385
       6.94009243923425
       1.00000000000000
 34 36 -1
obdef
loc3d
        4.94323627307922              0.67609935421143             50.91764831542969     -1
kind
     25     
    79200          153139     
       12.25000000000000  
 OBS            36
       3.65677168460848
       5.31650565015703
       1.00000000000000
 35 37 -1
obdef
loc3d
        4.94382880471830              0.67878617658979             35.27229690551758     -1
kind
     25     
    79200          153139     
       12.25000000000000  
 OBS            37
       5.06337365756510
       6.26329513813946
       1.00000000000000
 36 38 -1
obdef
loc3d
        4.94220707390035              0.68781081917460            173.94366455078119     -1
kind
     25     
    79200          153139     
       12.25000000000000  
 OBS            38
       6.27582760563030
       8.99983478967815
       1.00000000000000
 37 39 -1
obdef
loc3d
        4.92755542120837              0.68675243746254            174.61849975585940     -1
kind
     25     
    79200          153139     
       12.25000000000000  
 OBS            39
       3.28112705686033
       5.79755198778574
       1.00000000000000
 38 40 -1
obdef
loc3d
        4.93770287749180              0.68559892863867            149.84144592285159     -1
kind
     25     
    79200          153139     
       12.25000000000000  
 OBS            40
       8.30483971165542
      11.89926055312490
       1.00000000000000
 39 41 -1
obdef
loc3d
        4.92848130899840              0.69282991767383            196.64169311523440     -1
kind
     25     
    79200          153139     
       12.25000000000000  
 OBS            41
       8.39921095642287
       7.96234448997782
       1.00000000000000
 40 42 -1
obdef
loc3d
        4.94329123891126              0.66857696973652             21.80461120605469     -1
kind
     25     
    79200          153139     
       12.25000000000000  
 OBS            42
       4.26680932177054
       7.54636946800104
       1.00000000000000
 41 43 -1
obdef
loc3d
        4.93215285315783              0.69272179551745            405.54205322265619     -1
kind
     25     
    79200          153139     
       12.25000000000000  
 OBS            43
       5.88211661800902
       7.64807749786512
       1.00000000000000
 42 44 -1
obdef
loc3d
        4.93085954966869              0.68304429171430             90.32812500000000     -1
kind
     25     
    79200          153139     
       12.25000000000000  
 OBS            44
       3.32876226468723
       4.47555518240388
       1.00000000000000
 43 45 -1
obdef
loc3d
        4.93705662369825              0.67280917017713             44.45593643188477     -1
kind
     25     
    79200          153139     
       12.25000000000000  
 OBS            45
       7.72652780989799
       6.45874583615761
       1.00000000000000
 44 46 -1
obdef
loc3d
        4.94512604639754              0.69281773274108            184.54177856445310     -1
kind
     25     
    79200          153139     
       12.25000000000000  
 OBS            46
       6.67347475307293
       8.79976643679720
       1.00000000000000
 45 47 -1
obdef
loc3d
        4.94897278262263              0.68784055253573             58.60614395141602     -1
kind
     25     
    79200          153139     
       12.25000000000000  
 OBS            47
       3.06424723246849
       3.60205827569472
       1.00000000000000
 46 48 -1
obdef
loc3d
        4.94602769361993              0.68071046350214             21.00896453857422     -1
kind
     25     
    79200          153139     
       12.25000000000000  
 OBS            48
       4.63825249600819
       5.54973566759330
       1.00000000000000
 47 49 -1
obdef
loc3d
        4.93975094338173              0.67132086947702             44.21312713623047     -1
kind
     25     
    79200          153139     
       12.25000000000000  
 OBS            49
       9.42046351079997
      11.08236051441030
       1.00000000000000
 48 50 -1
obdef
loc3d
        4.93608481943111              0.69281990441712            165.01060485839841     -1
kind
     25     
    79200          153139     
       12.25000000000000  
 OBS            50
       2.52039802417598
       4.44640571977433
       1.00000000000000
 49 51 -1
obdef
loc3d
        4.92159319416735              0.69282443720594            292.33944702148438     -1
kind
     25     
    79200          153139     
       12.25000000000000  
 OBS            51
      10.39743399849149
      11.05115158630350
       1.00000000000000
 50 52 -1
obdef
loc3d
        4.93873881518950              0.68829597049600            229.64634704589841     -1
kind
     25     
    79200          153139     
       12.25000000000000  
 OBS            52
      12.39262664436567
       8.92960856414476
       1.00000000000000
 51 53 -1
obdef
loc3d
        4.93527083413009              0.68767784768684            170.73742675781250     -1
kind
     25     
    79200          153139     
       12.25000000000000  
 OBS            53
       8.49608114802286
       6.84755854119499
       1.00000000000000
 52 54 -1
obdef
loc3d
        4.94662113618514              0.69029960200592            170.37097167968750     -1
kind
     25     
    79200          153139     
       12.25000000000000  
 OBS            54
      -0.12489393491425
       6.29431357363281
       1.00000000000000
 53 55 -1
obdef
loc3d
        4.93429249379945              0.69052021135789            149.81713867187500     -1
kind
     25     
    79200          153139     
       12.25000000000000  
 OBS            55
       6.82780723871109
       7.29226323674784
       1.00000000000000
 54 56 -1
obdef
loc3d
        4.93269049343414              0.68556567101287            183.19726562500000     -1
kind
     25     
    79200          153139     
       12.25000000000000  
 OBS            56
       6.28321289888826
       6.26798685492000
       1.00000000000000
 55 57 -1
obdef
loc3d
        4.96102089029673              0.67774516842699             17.24609375000000     -1
kind
     25     
    79200          153139     
       12.25000000000000  
 OBS            57
      16.90835841512165
      11.06367114243440
       1.00000000000000
 56 58 -1
obdef
loc3d
        4.95766343385975              0.68587140474105             17.20619201660156     -1
kind
     25     
    79200          153139     
       12.25000000000000  
 OBS            58
       4.19594657583766
       5.62852114550965
       1.00000000000000
 57 59 -1
obdef
loc3d
        4.96848382491262              0.66600327539335              8.93466186523438     -1
kind
     25     
    79200          153139     
       12.25000000000000  
 OBS            59
       9.91686234640982
       8.83018241242471
       1.00000000000000
 58 60 -1
obdef
loc3d
        4.95841046678131              0.68356976794003             15.00000000000000     -1
kind
     25     
    79200          153139     
       12.25000000000000  
 OBS            60
       9.12747303256844
       7.47056534310463
       1.00000000000000
 59 61 -1
obdef
loc3d
        4.95968425198686              0.67283122878530              9.91464328765869     -1
kind
     25     
    79200          153139     
       12.25000000000000  
 OBS            61
       0.14083896648855
       6.43373604255381
       1.00000000000000
 60 62 -1
obdef
loc3d
        4.95850938370535              0.67569847985950              9.09960937500000     -1
kind
     25     
    79200          153139     
       12.25000000000000  
 OBS            62
       4.65577196912946
       7.73194485978544
       1.00000000000000
 61 63 -1
obdef
loc3d
        4.96062039600501              0.68186605212913             14.00000000000000     -1
kind
     25     
    79200          153139     
       12.25000000000000  
 OBS            63
       8.47067117742951
       9.40853263567805
       1.00000000000000
 62 64 -1
obdef
loc3d
        4.96044430349621              0.68522255501691             15.00000000000000     -1
kind
     25     
    79200          153139     
       12.25000000000000  
 OBS            64
       4.91614511719443
       7.31746838093780
       1.00000000000000
 63 65 -1
obdef
loc3d
        4.95666979050607              0.68165969365477             15.07347202301025     -1
kind
     25     
    79200          153139     
       12.25000000000000  
 OBS            65
      13.60980470119881
       8.00770752249124
       1.00000000000000
 64 66 -1
obdef
loc3d
        4.96483712939352              0.66390373451953              6.00000000000000     -1
kind
     25     
    79200          153139     
       12.25000000000000  
 OBS            66
       8.31075467502030
       7.72683060929898
       1.00000000000000
 65 67 -1
obdef
loc3d
        4.96717335385836              0.67072562238302             13.76562500000000     -1
kind
     25     
    79200          153139     
       12.25000000000000  
 OBS            67
      12.21883877916049
      10.38196877298790
       1.00000000000000
 66 68 -1
obdef
loc3d
        4.96004611966382              0.68820120365869             15.00000000000000     -1
kind
     25     
    79200          153139     
       12.25000000000000  
 OBS            68
       5.42880491042874
       7.93040791726818
       1.00000000000000
 67 69 -1
obdef
loc3d
        4.95406364445895              0.69009645468583             54.42578125000000     -1
kind
     25     
    79200          153139     
       12.25000000000000  
 OBS            69
       1.01367998677013
       5.45594348168755
       1.00000000000000
 68 70 -1
obdef
loc3d
        4.95508230192316              0.68705689194968              9.08530712127686     -1
kind
     25     
    79200          153139     
       12.25000000000000  
 OBS            70
       1.03541705210505
      10.11533247122190
       1.00000000000000
 69 71 -1
obdef
loc3d
        4.89647559039613              0.68497595921932            824.84875488281250     -1
kind
     25     
    79200          153139     
       12.25000000000000  
 OBS            71
       5.86528801927822
       5.95068042895440
       1.00000000000000
 70 72 -1
obdef
loc3d
        4.89667428721977              0.69273770557989            574.37286376953125     -1
kind
     25     
    79200          153139     
       12.25000000000000  
 OBS            72
      11.04500272364957
       7.44005568602203
       1.00000000000000
 71 73 -1
obdef
loc3d
        4.91583459977084              0.69278424988043            233.68589782714841     -1
kind
     25     
    79200          153139     
       12.25000000000000  
 OBS            73
       9.66044803236485
      11.61240245855230
       1.00000000000000
 72 74 -1
obdef
loc3d
        4.90300762067971              0.68954390300676            525.03326416015625     -1
kind
     25     
    79200          153139     
       12.25000000000000  
 OBS            74
      15.13270410815228
      13.89484541649410
       1.00000000000000
 73 75 -1
obdef
loc3d
        4.90168560310748              0.69286223560483            711.58941650390625     -1
kind
     25     
    79200          153139     
       12.25000000000000  
 OBS            75
       7.03779583863280
       6.96027553226902
       1.00000000000000
 74 76 -1
obdef
loc3d
        4.91091515139416              0.69052501454351            199.70848083496091     -1
kind
     25     
    79200          153139     
       12.25000000000000  
 OBS            76
       0.76665604329545
      -1.01819899897662
       1.00000000000000
 75 77 -1
obdef
loc3d
        4.90540352515539              0.69194112440599            606.33142089843750     -1
kind
     26     
    79200          153139     
       12.25000000000000  
 OBS            77
       9.09879546059812
      -0.15387233074334
       1.00000000000000
 76 78 -1
obdef
loc3d
        4.94546412681761              0.68348353984884             17.75631332397461     -1
kind
     26     
    79200          153139     
       12.25000000000000  
 OBS            78
      -2.62550711924268
      -0.13306382175839
       1.00000000000000
 77 79 -1
obdef
loc3d
        4.94660974174000              0.67744857875853             29.35406684875488     -1
kind
     26     
    79200          153139     
       12.25000000000000  
 OBS            79
      -0.96796716687495
       0.38700820766592
       1.00000000000000
 78 80 -1
obdef
loc3d
        4.94648126630843              0.68652865419204             54.82812500000000     -1
kind
     26     
    79200          153139     
       12.25000000000000  
 OBS            80
      -0.47690447864199
      -0.10942098464791
       1.00000000000000
 79 81 -1
obdef
loc3d
        4.94445426011379              0.68507566758975             62.61011505126953     -1
kind
     26     
    79200          153139     
       12.25000000000000  
 OBS            81
       0.87252020404862
       0.02597245953789
       1.00000000000000
 80 82 -1
obdef
loc3d
        4.94602055174578              0.68752162087271            134.15721130371091     -1
kind
     26     
    79200          153139     
       12.25000000000000  
 OBS            82
      -1.99729967418546
      -0.17405764822589
       1.00000000000000
 81 83 -1
obdef
loc3d
        4.94603912728501              0.67254511985829             35.00297546386719     -1
kind
     26     
    79200          153139     
       12.25000000000000  
 OBS            83
       0.32618816551353
      -0.80869107617142
       1.00000000000000
 82 84 -1
obdef
loc3d
        4.95877904994953              0.67986585977255             17.04111671447754     -1
kind
     26     
    79200          153139     
       12.25000000000000  
 OBS            84
      -1.88747806778671
       1.33686622932244
       1.00000000000000
 83 85 -1
obdef
loc3d
        4.93958042817759              0.69095160998657            226.13127136230469     -1
kind
     26     
    79200          153139     
       12.25000000000000  
 OBS            85
      -0.64967972282141
       1.09639480825611
       1.00000000000000
 84 86 -1
obdef
loc3d
        4.95756313665553              0.69181797222864             89.84997558593750     -1
kind
     26     
    79200          153139     
       12.25000000000000  
 OBS            86
      -1.51547044783765
      -0.17967203597881
       1.00000000000000
 85 87 -1
obdef
loc3d
        4.94078657111844              0.67409210989409             60.81152343750000     -1
kind
     26     
    79200          153139     
       12.25000000000000  
 OBS            87
      -3.02238967446459
       1.45609251236643
       1.00000000000000
 86 88 -1
obdef
loc3d
        4.95557846691255              0.67267262139613              1.00000000000000     -1
kind
     26     
    79200          153139     
       12.25000000000000  
 OBS            88
       0.80600046084415
       0.07185109880035
       1.00000000000000
 87 89 -1
obdef
loc3d
        4.93193348448080              0.68856418981073            106.00000000000000     -1
kind
     26     
    79200          153139     
       12.25000000000000  
 OBS            89
       0.18191610921293
      -1.51402764160793
       1.00000000000000
 88 90 -1
obdef
loc3d
        4.89970838141578              0.68765245249877            785.09423828125000     -1
kind
     26     
    79200          153139     
       12.25000000000000  
 OBS            90
      -3.94729125238167
       1.26180077276130
       1.00000000000000
 89 91 -1
obdef
loc3d
        4.95026814558372              0.68993059237416             93.11567687988281     -1
kind
     26     
    79200          153139     
       12.25000000000000  
 OBS            91
      -5.71573040001569
      -0.36246063168041
       1.00000000000000
 90 92 -1
obdef
loc3d
        4.94174512165160              0.68484635226999            116.56585693359381     -1
kind
     26     
    79200          153139     
       12.25000000000000  
 OBS            92
       5.99137449570267
      -1.15143424875950
       1.00000000000000
 91 93 -1
obdef
loc3d
        4.95420735021482              0.68473663912788             15.00000000000000     -1
kind
     26     
    79200          153139     
       12.25000000000000  
 OBS            93
       1.85366904843483
      -0.74223740865577
       1.00000000000000
 92 94 -1
obdef
loc3d
        4.93477042118681              0.68310638816012            118.89588928222661     -1
kind
     26     
    79200          153139     
       12.25000000000000  
 OBS            94
       1.61467649173604
      -0.57005868347898
       1.00000000000000
 93 95 -1
obdef
loc3d
        4.93795631029682              0.68276407673392            144.94107055664060     -1
kind
     26     
    79200          153139     
       12.25000000000000  
 OBS            95
      -0.29055361687516
       1.39156743785296
       1.00000000000000
 94 96 -1
obdef
loc3d
        4.94001671685736              0.68064929967652             43.67281723022461     -1
kind
     26     
    79200          153139     
       12.25000000000000  
 OBS            96
       0.33126778549083
       0.79097802273023
       1.00000000000000
 95 97 -1
obdef
loc3d
        4.94058460161740              0.67807181314514             70.17810058593750     -1
kind
     26     
    79200          153139     
       12.25000000000000  
 OBS            97
       3.57892687667491
       0.04677806565153
       1.00000000000000
 96 98 -1
obdef
loc3d
        4.95423295419494              0.68033176843505              3.71636104583740     -1
kind
     26     
    79200          153139     
       12.25000000000000  
 OBS            98
      -0.14257338462926
      -0.16765206544673
       1.00000000000000
 97 99 -1
obdef
loc3d
        4.94926894458696              0.66642585587446             10.91526031494141     -1
kind
     26     
    79200          153139     
       12.25000000000000  
 OBS            99
       4.80055657643238
       2.33144085268126
       1.00000000000000
 98 100 -1
obdef
loc3d
        4.96223480186848              0.66700036066835              5.00000000000000     -1
kind
     26     
    79200          153139     
       12.25000000000000  
 OBS            100
      -6.88711721362273
      -1.13116853402375
       1.00000000000000
 99 101 -1
obdef
loc3d
        4.95546148971009              0.67729393735082              6.17724800109863     -1
kind
     26     
    79200          153139     
       12.25000000000000  
 OBS            101
       0.84499729993229
      -1.92523021640532
       1.00000000000000
 100 102 -1
obdef
loc3d
        4.92652723985629              0.69051382381431            146.04148864746091     -1
kind
     26     
    79200          153139     
       12.25000000000000  
 OBS            102
       4.60513917602433
       2.36420269582284
       1.00000000000000
 101 103 -1
obdef
loc3d
        4.96366005344362              0.66920346185787              6.00000000000000     -1
kind
     26     
    79200          153139     
       12.25000000000000  
 OBS            103
       6.33985635789026
       3.20690583092861
       1.00000000000000
 102 104 -1
obdef
loc3d
        4.97052949833720              0.66907739847133              8.84140872955322     -1
kind
     26     
    79200          153139     
       12.25000000000000  
 OBS            104
       3.74498271277237
       0.15487532350168
       1.00000000000000
 103 105 -1
obdef
loc3d
        4.95272465676814              0.69285338512106             17.57446289062500     -1
kind
     26     
    79200          153139     
       12.25000000000000  
 OBS            105
       2.39021195211435
       1.15420778947034
       1.00000000000000
 104 106 -1
obdef
loc3d
        4.94895487610473              0.69270373762026            144.09075927734381     -1
kind
     26     
    79200          153139     
       12.25000000000000  
 OBS            106
      -0.71689176596200
       0.70528222372922
       1.00000000000000
 105 107 -1
obdef
loc3d
        4.94293085461737              0.69053117803871            168.92642211914060     -1
kind
     26     
    79200          153139     
       12.25000000000000  
 OBS            107
       0.81406514795213
       1.43810976204030
       1.00000000000000
 106 108 -1
obdef
loc3d
        4.93556788041953              0.67027828664670             15.00000000000000     -1
kind
     26     
    79200          153139     
       12.25000000000000  
 OBS            108
      -2.92106216255111
      -1.03611013018881
       1.00000000000000
 107 109 -1
obdef
loc3d
        4.94611628544174              0.67496858055017             35.03607940673828     -1
kind
     26     
    79200          153139     
       12.25000000000000  
 OBS            109
      -2.88091915379048
       1.35497036862323
       1.00000000000000
 108 110 -1
obdef
loc3d
        4.94304709522229              0.67138694960003             45.00000000000000     -1
kind
     26     
    79200          153139     
       12.25000000000000  
 OBS            110
      -7.00946288042708
      -0.39693724607458
       1.00000000000000
 109 111 -1
obdef
loc3d
        4.94323627307922              0.67609935421143             50.91764831542969     -1
kind
     26     
    79200          153139     
       12.25000000000000  
 OBS            111
      -0.12430624208891
       1.02897645587651
       1.00000000000000
 110 112 -1
obdef
loc3d
        4.94382880471830              0.67878617658979             35.27229690551758     -1
kind
     26     
    79200          153139     
       12.25000000000000  
 OBS            112
       3.28480540141889
       0.95636389755774
       1.00000000000000
 111 113 -1
obdef
loc3d
        4.94220707390035              0.68781081917460            173.94366455078119     -1
kind
     26     
    79200          153139     
       12.25000000000000  
 OBS            113
       0.62895629445445
      -2.10474715997105
       1.00000000000000
 112 114 -1
obdef
loc3d
        4.92755542120837              0.68675243746254            174.61849975585940     -1
kind
     26     
    79200          153139     
       12.25000000000000  
 OBS            114
       3.03607694419203
      -0.36426260633403
       1.00000000000000
 113 115 -1
obdef
loc3d
        4.93770287749180              0.68559892863867            149.84144592285159     -1
kind
     26     
    79200          153139     
       12.25000000000000  
 OBS            115
       0.92593982122211
       0.97460983526290
       1.00000000000000
 114 116 -1
obdef
loc3d
        4.92848130899840              0.69282991767383            196.64169311523440     -1
kind
     26     
    79200          153139     
       12.25000000000000  
 OBS            116
      -1.66268508211125
       0.10044643801470
       1.00000000000000
 115 117 -1
obdef
loc3d
        4.94329123891126              0.66857696973652             21.80461120605469     -1
kind
     26     
    79200          153139     
       12.25000000000000  
 OBS            117
       2.30749460087732
      -0.08677407723403
       1.00000000000000
 116 118 -1
obdef
loc3d
        4.93215285315783              0.69272179551745            405.54205322265619     -1
kind
     26     
    79200          153139     
       12.25000000000000  
 OBS            118
       0.40278220702446
      -2.28794116369246
       1.00000000000000
 117 119 -1
obdef
loc3d
        4.93085954966869              0.68304429171430             90.32812500000000     -1
kind
     26     
    79200          153139     
       12.25000000000000  
 OBS            119
       1.67588330651028
       1.13765972045358
       1.00000000000000
 118 120 -1
obdef
loc3d
        4.93705662369825              0.67280917017713             44.45593643188477     -1
kind
     26     
    79200          153139     
       12.25000000000000  
 OBS            120
      -1.50023546275279
       1.11636205600573
       1.00000000000000
 119 121 -1
obdef
loc3d
        4.94512604639754              0.69281773274108            184.54177856445310     -1
kind
     26     
    79200          153139     
       12.25000000000000  
 OBS            121
       2.83733349844145
       1.23162010757633
       1.00000000000000
 120 122 -1
obdef
loc3d
        4.94897278262263              0.68784055253573             58.60614395141602     -1
kind
     26     
    79200          153139     
       12.25000000000000  
 OBS            122
       1.97612541399975
       0.52730373448330
       1.00000000000000
 121 123 -1
obdef
loc3d
        4.94602769361993              0.68071046350214             21.00896453857422     -1
kind
     26     
    79200          153139     
       12.25000000000000  
 OBS            123
       0.69678154268502
       1.61612331482321
       1.00000000000000
 122 124 -1
obdef
loc3d
        4.93975094338173              0.67132086947702             44.21312713623047     -1
kind
     26     
    79200          153139     
       12.25000000000000  
 OBS            124
       1.62970694431148
       0.88108056407006
       1.00000000000000
 123 125 -1
obdef
loc3d
        4.93608481943111              0.69281990441712            165.01060485839841     -1
kind
     26     
    79200          153139     
       12.25000000000000  
 OBS            125
      -4.63749138018142
      -1.76890410694505
       1.00000000000000
 124 126 -1
obdef
loc3d
        4.92159319416735              0.69282443720594            292.33944702148438     -1
kind
     26     
    79200          153139     
       12.25000000000000  
 OBS            126
       0.10117675554931
      -1.07065299274253
       1.00000000000000
 125 127 -1
obdef
loc3d
        4.93873881518950              0.68829597049600            229.64634704589841     -1
kind
     26     
    79200          153139     
       12.25000000000000  
 OBS            127
      -1.67048830516296
      -1.18044721772568
       1.00000000000000
 126 128 -1
obdef
loc3d
        4.93527083413009              0.68767784768684            170.73742675781250     -1
kind
     26     
    79200          153139     
       12.25000000000000  
 OBS            128
       2.56836333652271
       0.77829268893517
       1.00000000000000
 127 129 -1
obdef
loc3d
        4.94662113618514              0.69029960200592            170.37097167968750     -1
kind
     26     
    79200          153139     
       12.25000000000000  
 OBS            129
      -3.09768263219113
       2.06598547859231
       1.00000000000000
 128 130 -1
obdef
loc3d
        4.93429249379945              0.69052021135789            149.81713867187500     -1
kind
     26     
    79200          153139     
       12.25000000000000  
 OBS            130
      -6.90080943601652
      -2.43688503836358
       1.00000000000000
 129 131 -1
obdef
loc3d
        4.93269049343414              0.68556567101287            183.19726562500000     -1
kind
     26     
    79200          153139     
       12.25000000000000  
 OBS            131
       1.47108209809109
      -0.44384174985050
       1.00000000000000
 130 132 -1
obdef
loc3d
        4.96102089029673              0.67774516842699             17.24609375000000     -1
kind
     26     
    79200          153139     
       12.25000000000000  
 OBS            132
       2.25098845705372
       0.26829265010246
       1.00000000000000
 131 133 -1
obdef
loc3d
        4.95766343385975              0.68587140474105             17.20619201660156     -1
kind
     26     
    79200          153139     
       12.25000000000000  
 OBS            133
       3.81947432428491
       3.57495703825328
       1.00000000000000
 132 134 -1
obdef
loc3d
        4.96848382491262              0.66600327539335              8.93466186523438     -1
kind
     26     
    79200          153139     
       12.25000000000000  
 OBS            134
       1.58724528894919
      -1.65511049147640
       1.00000000000000
 133 135 -1
obdef
loc3d
        4.95841046678131              0.68356976794003             15.00000000000000     -1
kind
     26     
    79200          153139     
       12.25000000000000  
 OBS            135
      -0.61908950087715
       1.73572683860518
       1.00000000000000
 134 136 -1
obdef
loc3d
        4.95968425198686              0.67283122878530              9.91464328765869     -1
kind
     26     
    79200          153139     
       12.25000000000000  
 OBS            136
      -0.75137148635159
       0.82508001289268
       1.00000000000000
 135 137 -1
obdef
loc3d
        4.95850938370535              0.67569847985950              9.09960937500000     -1
kind
     26     
    79200          153139     
       12.25000000000000  
 OBS            137
      -4.42437139623293
      -1.71290350308495
       1.00000000000000
 136 138 -1
obdef
loc3d
        4.96062039600501              0.68186605212913             14.00000000000000     -1
kind
     26     
    79200          153139     
       12.25000000000000  
 OBS            138
      -4.13022416530237
      -0.40903813860636
       1.00000000000000
 137 139 -1
obdef
loc3d
        4.96044430349621              0.68522255501691             15.00000000000000     -1
kind
     26     
    79200          153139     
       12.25000000000000  
 OBS            139
      -4.93381831102450
      -1.86791878631052
       1.00000000000000
 138 140 -1
obdef
loc3d
        4.95666979050607              0.68165969365477             15.07347202301025     -1
kind
     26     
    79200          153139     
       12.25000000000000  
 OBS            140
       5.27921729326984
       2.94979019269145
       1.00000000000000
 139 141 -1
obdef
loc3d
        4.96483712939352              0.66390373451953              6.00000000000000     -1
kind
     26     
    79200          153139     
       12.25000000000000  
 OBS            141
       5.74873632572592
       2.33169114108190
       1.00000000000000
 140 142 -1
obdef
loc3d
        4.96717335385836              0.67072562238302             13.76562500000000     -1
kind
     26     
    79200          153139     
       12.25000000000000  
 OBS            142
      -0.49804710370996
       0.67290053581903
       1.00000000000000
 141 143 -1
obdef
loc3d
        4.96004611966382              0.68820120365869             15.00000000000000     -1
kind
     26     
    79200          153139     
       12.25000000000000  
 OBS            143
       2.48085105661287
       1.43047544614837
       1.00000000000000
 142 144 -1
obdef
loc3d
        4.95406364445895              0.69009645468583             54.42578125000000     -1
kind
     26     
    79200          153139     
       12.25000000000000  
 OBS            144
       5.70780943617052
       1.81745471742489
       1.00000000000000
 143 145 -1
obdef
loc3d
        4.95508230192316              0.68705689194968              9.08530712127686     -1
kind
     26     
    79200          153139     
       12.25000000000000  
 OBS            145
      -9.81039912475579
      -0.33907495961818
       1.00000000000000
 144 146 -1
obdef
loc3d
        4.89647559039613              0.68497595921932            824.84875488281250     -1
kind
     26     
    79200          153139     
       12.25000000000000  
 OBS            146
      -0.53314264967278
      -0.03098909842110
       1.00000000000000
 145 147 -1
obdef
loc3d
        4.89667428721977              0.69273770557989            574.37286376953125     -1
kind
     26     
    79200          153139     
       12.25000000000000  
 OBS            147
      -4.35239828449687
       0.46811532289316
       1.00000000000000
 146 148 -1
obdef
loc3d
        4.91583459977084              0.69278424988043            233.68589782714841     -1
kind
     26     
    79200          153139     
       12.25000000000000  
 OBS            148
      -2.10125993856344
      -2.01113467434613
       1.00000000000000
 147 149 -1
obdef
loc3d
        4.90300762067971              0.68954390300676            525.03326416015625     -1
kind
     26     
    79200          153139     
       12.25000000000000  
 OBS            149
      -4.32873549504121
      -1.24351901997200
       1.00000000000000
 148 150 -1
obdef
loc3d
        4.90168560310748              0.69286223560483            711.58941650390625     -1
kind
     26     
    79200          153139     
       12.25000000000000  
 OBS            150
       6.43798418072058
       1.75320763831930
       1.00000000000000
 149 151 -1
obdef
loc3d
        4.91091515139416              0.69052501454351            199.70848083496091     -1
kind
     26     
    79200          153139     
       12.25000000000000  
 OBS            151
     283.91405101823653
     283.66955028144002
       1.00000000000000
 150 152 -1
obdef
loc3d
        4.90540352515539              0.69194112440599            606.33142089843750     -1
kind
     27     
    79200          153139     
        6.25000000000000  
 OBS            152
     293.43003945540238
     293.75153519656300
       1.00000000000000
 151 153 -1
obdef
loc3d
        4.94546412681761              0.68348353984884             17.75631332397461     -1
kind
     27     
    79200          153139     
        6.25000000000000  
 OBS            153
     294.45884907303105
     293.82467975779599
       1.00000000000000
 152 154 -1
obdef
loc3d
        4.94660974174000              0.67744857875853             29.35406684875488     -1
kind
     27     
    79200          153139     
        6.25000000000000  
 OBS            154
     292.35385945897048
     293.19057280053499
       1.00000000000000
 153 155 -1
obdef
loc3d
        4.94648126630843              0.68652865419204             54.82812500000000     -1
kind
     27     
    79200          153139     
        6.25000000000000  
 OBS            155
     293.57999102521211
     293.55277734858998
       1.00000000000000
 154 156 -1
obdef
loc3d
        4.94445426011379              0.68507566758975             62.61011505126953     -1
kind
     27     
    79200          153139     
        6.25000000000000  
 OBS            156
     291.53312064000698
     292.49212596910701
       1.00000000000000
 155 157 -1
obdef
loc3d
        4.94602055174578              0.68752162087271            134.15721130371091     -1
kind
     27     
    79200          153139     
        6.25000000000000  
 OBS            157
     294.37568364393906
     294.91813275692402
       1.00000000000000
 156 158 -1
obdef
loc3d
        4.94603912728501              0.67254511985829             35.00297546386719     -1
kind
     27     
    79200          153139     
        6.25000000000000  
 OBS            158
     294.36505578019211
     294.04099003542098
       1.00000000000000
 157 159 -1
obdef
loc3d
        4.95877904994953              0.67986585977255             17.04111671447754     -1
kind
     27     
    79200          153139     
        6.25000000000000  
 OBS            159
     290.79619745794918
     291.29995499708201
       1.00000000000000
 158 160 -1
obdef
loc3d
        4.93958042817759              0.69095160998657            226.13127136230469     -1
kind
     27     
    79200          153139     
        6.25000000000000  
 OBS            160
     292.96369907778279
     293.22643245660402
       1.00000000000000
 159 161 -1
obdef
loc3d
        4.95756313665553              0.69181797222864             89.84997558593750     -1
kind
     27     
    79200          153139     
        6.25000000000000  
 OBS            161
     295.55423847660546
     295.08312782810202
       1.00000000000000
 160 162 -1
obdef
loc3d
        4.94078657111844              0.67409210989409             60.81152343750000     -1
kind
     27     
    79200          153139     
        6.25000000000000  
 OBS            162
     294.08597862583935
     294.89065356882298
       1.00000000000000
 161 163 -1
obdef
loc3d
        4.95557846691255              0.67267262139613              1.00000000000000     -1
kind
     27     
    79200          153139     
        6.25000000000000  
 OBS            163
     290.74674191671193
     291.44909287126097
       1.00000000000000
 162 164 -1
obdef
loc3d
        4.93193348448080              0.68856418981073            106.00000000000000     -1
kind
     27     
    79200          153139     
        6.25000000000000  
 OBS            164
     281.41368122137567
     281.46325581347401
       1.00000000000000
 163 165 -1
obdef
loc3d
        4.89970838141578              0.68765245249877            785.09423828125000     -1
kind
     27     
    79200          153139     
        6.25000000000000  
 OBS            165
     292.63387073612574
     293.01848094622801
       1.00000000000000
 164 166 -1
obdef
loc3d
        4.95026814558372              0.68993059237416             93.11567687988281     -1
kind
     27     
    79200          153139     
        6.25000000000000  
 OBS            166
     293.47768584327190
     292.96604639664400
       1.00000000000000
 165 167 -1
obdef
loc3d
        4.94174512165160              0.68484635226999            116.56585693359381     -1
kind
     27     
    79200          153139     
        6.25000000000000  
 OBS            167
     293.49484241668847
     293.21848404528498
       1.00000000000000
 166 168 -1
obdef
loc3d
        4.95420735021482              0.68473663912788             15.00000000000000     -1
kind
     27     
    79200          153139     
        6.25000000000000  
 OBS            168
     292.13308399695762
     293.05191615249100
       1.00000000000000
 167 169 -1
obdef
loc3d
        4.93477042118681              0.68310638816012            118.89588928222661     -1
kind
     27     
    79200          153139     
        6.25000000000000  
 OBS            169
     291.90319014150163
     292.95033193719098
       1.00000000000000
 168 170 -1
obdef
loc3d
        4.93795631029682              0.68276407673392            144.94107055664060     -1
kind
     27     
    79200          153139     
        6.25000000000000  
 OBS            170
     293.57511205015498
     293.98888850627702
       1.00000000000000
 169 171 -1
obdef
loc3d
        4.94001671685736              0.68064929967652             43.67281723022461     -1
kind
     27     
    79200          153139     
        6.25000000000000  
 OBS            171
     292.33264921733792
     293.83953506196599
       1.00000000000000
 170 172 -1
obdef
loc3d
        4.94058460161740              0.67807181314514             70.17810058593750     -1
kind
     27     
    79200          153139     
        6.25000000000000  
 OBS            172
     293.86643358101435
     293.86103359100599
       1.00000000000000
 171 173 -1
obdef
loc3d
        4.95423295419494              0.68033176843505              3.71636104583740     -1
kind
     27     
    79200          153139     
        6.25000000000000  
 OBS            173
     294.07466838048038
     294.78326566491199
       1.00000000000000
 172 174 -1
obdef
loc3d
        4.94926894458696              0.66642585587446             10.91526031494141     -1
kind
     27     
    79200          153139     
        6.25000000000000  
 OBS            174
     295.29701574260611
     295.92663161248100
       1.00000000000000
 173 175 -1
obdef
loc3d
        4.96223480186848              0.66700036066835              5.00000000000000     -1
kind
     27     
    79200          153139     
        6.25000000000000  
 OBS            175
     294.77366393606371
     294.53970897947602
       1.00000000000000
 174 176 -1
obdef
loc3d
        4.95546148971009              0.67729393735082              6.17724800109863     -1
kind
     27     
    79200          153139     
        6.25000000000000  
 OBS            176
     289.32076491049469
     290.06765654707903
       1.00000000000000
 175 177 -1
obdef
loc3d
        4.92652723985629              0.69051382381431            146.04148864746091     -1
kind
     27     
    79200          153139     
        6.25000000000000  
 OBS            177
     295.48931276906313
     295.26645421956300
       1.00000000000000
 176 178 -1
obdef
loc3d
        4.96366005344362              0.66920346185787              6.00000000000000     -1
kind
     27     
    79200          153139     
        6.25000000000000  
 OBS            178
     294.80064599979278
     295.62410218059898
       1.00000000000000
 177 179 -1
obdef
loc3d
        4.97052949833720              0.66907739847133              8.84140872955322     -1
kind
     27     
    79200          153139     
        6.25000000000000  
 OBS            179
     291.03072573783152
     291.75997191599203
       1.00000000000000
 178 180 -1
obdef
loc3d
        4.95272465676814              0.69285338512106             17.57446289062500     -1
kind
     27     
    79200          153139     
        6.25000000000000  
 OBS            180
     291.63105116907974
     292.36820866794301
       1.00000000000000
 179 181 -1
obdef
loc3d
        4.94895487610473              0.69270373762026            144.09075927734381     -1
kind
     27     
    79200          153139     
        6.25000000000000  
 OBS            181
     290.78187740107802
     291.63480188059498
       1.00000000000000
 180 182 -1
obdef
loc3d
        4.94293085461737              0.69053117803871            168.92642211914060     -1
kind
     27     
    79200          153139     
        6.25000000000000  
 OBS            182
     297.45864981632025
     295.35759721294801
       1.00000000000000
 181 183 -1
obdef
loc3d
        4.93556788041953              0.67027828664670             15.00000000000000     -1
kind
     27     
    79200          153139     
        6.25000000000000  
 OBS            183
     294.13830951814288
     294.23553538419299
       1.00000000000000
 182 184 -1
obdef
loc3d
        4.94611628544174              0.67496858055017             35.03607940673828     -1
kind
     27     
    79200          153139     
        6.25000000000000  
 OBS            184
     294.40964977726128
     295.31287466129402
       1.00000000000000
 183 185 -1
obdef
loc3d
        4.94304709522229              0.67138694960003             45.00000000000000     -1
kind
     27     
    79200          153139     
        6.25000000000000  
 OBS            185
     294.87184777104432
     294.14260745734100
       1.00000000000000
 184 186 -1
obdef
loc3d
        4.94323627307922              0.67609935421143             50.91764831542969     -1
kind
     27     
    79200          153139     
        6.25000000000000  
 OBS            186
     292.91590867685107
     293.97084076534202
       1.00000000000000
 185 187 -1
obdef
loc3d
        4.94382880471830              0.67878617658979             35.27229690551758     -1
kind
     27     
    79200          153139     
        6.25000000000000  
 OBS            187
     292.91181926702774
     291.51934017429897
       1.00000000000000
 186 188 -1
obdef
loc3d
        4.94220707390035              0.68781081917460            173.94366455078119     -1
kind
     27     
    79200          153139     
        6.25000000000000  
 OBS            188
     289.76573370949637
     290.17878112825503
       1.00000000000000
 187 189 -1
obdef
loc3d
        4.92755542120837              0.68675243746254            174.61849975585940     -1
kind
     27     
    79200          153139     
        6.25000000000000  
 OBS            189
     291.18234326178742
     291.98070508929402
       1.00000000000000
 188 190 -1
obdef
loc3d
        4.93770287749180              0.68559892863867            149.84144592285159     -1
kind
     27     
    79200          153139     
        6.25000000000000  
 OBS            190
     291.83246924519045
     290.34066746946900
       1.00000000000000
 189 191 -1
obdef
loc3d
        4.92848130899840              0.69282991767383            196.64169311523440     -1
kind
     27     
    79200          153139     
        6.25000000000000  
 OBS            191
     294.87618898813031
     294.47716541824201
       1.00000000000000
 190 192 -1
obdef
loc3d
        4.94329123891126              0.66857696973652             21.80461120605469     -1
kind
     27     
    79200          153139     
        6.25000000000000  
 OBS            192
     289.29493814283131
     289.26883970137402
       1.00000000000000
 191 193 -1
obdef
loc3d
        4.93215285315783              0.69272179551745            405.54205322265619     -1
kind
     27     
    79200          153139     
        6.25000000000000  
 OBS            193
     291.24369711993478
     291.89403219253199
       1.00000000000000
 192 194 -1
obdef
loc3d
        4.93085954966869              0.68304429171430             90.32812500000000     -1
kind
     27     
    79200          153139     
        6.25000000000000  
 OBS            194
     294.53065946019893
     295.44337369617801
       1.00000000000000
 193 195 -1
obdef
loc3d
        4.93705662369825              0.67280917017713             44.45593643188477     -1
kind
     27     
    79200          153139     
        6.25000000000000  
 OBS            195
     292.32140971737215
     291.57000986554198
       1.00000000000000
 194 196 -1
obdef
loc3d
        4.94512604639754              0.69281773274108            184.54177856445310     -1
kind
     27     
    79200          153139     
        6.25000000000000  
 OBS            196
     293.35203280011780
     292.84291030204702
       1.00000000000000
 195 197 -1
obdef
loc3d
        4.94897278262263              0.68784055253573             58.60614395141602     -1
kind
     27     
    79200          153139     
        6.25000000000000  
 OBS            197
     295.34202913873105
     294.18855000520699
       1.00000000000000
 196 198 -1
obdef
loc3d
        4.94602769361993              0.68071046350214             21.00896453857422     -1
kind
     27     
    79200          153139     
        6.25000000000000  
 OBS            198
     297.03339027847124
     295.36570627217998
       1.00000000000000
 197 199 -1
obdef
loc3d
        4.93975094338173              0.67132086947702             44.21312713623047     -1
kind
     27     
    79200          153139     
        6.25000000000000  
 OBS            199
     291.49559809237735
     291.58982845562298
       1.00000000000000
 198 200 -1
obdef
loc3d
        4.93608481943111              0.69281990441712            165.01060485839841     -1
kind
     27     
    79200          153139     
        6.25000000000000  
 OBS            200
     289.18009238581163
     289.26473719723998
       1.00000000000000
 199 201 -1
obdef
loc3d
        4.92159319416735              0.69282443720594            292.33944702148438     -1
kind
     27     
    79200          153139     
        6.25000000000000  
 OBS            201
     287.57928558355655
     290.98374945104302
       1.00000000000000
 200 202 -1
obdef
loc3d
        4.93873881518950              0.68829597049600            229.64634704589841     -1
kind
     27     
    79200          153139     
        6.25000000000000  
 OBS            202
     292.68533884580171
     291.44785263792301
       1.00000000000000
 201 203 -1
obdef
loc3d
        4.93527083413009              0.68767784768684            170.73742675781250     -1
kind
     27     
    79200          153139     
        6.25000000000000  
 OBS            203
     292.23831856893122
     292.15530124898100
       1.00000000000000
 202 204 -1
obdef
loc3d
        4.94662113618514              0.69029960200592            170.37097167968750     -1
kind
     27     
    79200          153139     
        6.25000000000000  
 OBS            204
     291.77392061425752
     291.98413943938198
       1.00000000000000
 203 205 -1
obdef
loc3d
        4.93429249379945              0.69052021135789            149.81713867187500     -1
kind
     27     
    79200          153139     
        6.25000000000000  
 OBS            205
     290.39990174729985
     290.93575661782398
       1.00000000000000
 204 206 -1
obdef
loc3d
        4.93269049343414              0.68556567101287            183.19726562500000     -1
kind
     27     
    79200          153139     
        6.25000000000000  
 OBS            206
     294.03134230845023
     294.30686115498702
       1.00000000000000
 205 207 -1
obdef
loc3d
        4.96102089029673              0.67774516842699             17.24609375000000     -1
kind
     27     
    79200          153139     
        6.25000000000000  
 OBS            207
     295.99750892233709
     293.50414320858999
       1.00000000000000
 206 208 -1
obdef
loc3d
        4.95766343385975              0.68587140474105             17.20619201660156     -1
kind
     27     
    79200          153139     
        6.25000000000000  
 OBS            208
     293.81220979571657
     295.55888992151699
       1.00000000000000
 207 209 -1
obdef
loc3d
        4.96848382491262              0.66600327539335              8.93466186523438     -1
kind
     27     
    79200          153139     
        6.25000000000000  
 OBS            209
     293.76350831354040
     293.69364883479398
       1.00000000000000
 208 210 -1
obdef
loc3d
        4.95841046678131              0.68356976794003             15.00000000000000     -1
kind
     27     
    79200          153139     
        6.25000000000000  
 OBS            210
     294.94764515585325
     294.82147487723103
       1.00000000000000
 209 211 -1
obdef
loc3d
        4.95968425198686              0.67283122878530              9.91464328765869     -1
kind
     27     
    79200          153139     
        6.25000000000000  
 OBS            211
     292.31947393238806
     294.05970994574898
       1.00000000000000
 210 212 -1
obdef
loc3d
        4.95850938370535              0.67569847985950              9.09960937500000     -1
kind
     27     
    79200          153139     
        6.25000000000000  
 OBS            212
     294.61881824809467
     294.00419854511301
       1.00000000000000
 211 213 -1
obdef
loc3d
        4.96062039600501              0.68186605212913             14.00000000000000     -1
kind
     27     
    79200          153139     
        6.25000000000000  
 OBS            213
     292.98001870681537
     293.50024863105000
       1.00000000000000
 212 214 -1
obdef
loc3d
        4.96044430349621              0.68522255501691             15.00000000000000     -1
kind
     27     
    79200          153139     
        6.25000000000000  
 OBS            214
     292.33958629681723
     293.84195763473599
       1.00000000000000
 213 215 -1
obdef
loc3d
        4.95666979050607              0.68165969365477             15.07347202301025     -1
kind
     27     
    79200          153139     
        6.25000000000000  
 OBS            215
     295.75246475956777
     295.55860265459597
       1.00000000000000
 214 216 -1
obdef
loc3d
        4.96483712939352              0.66390373451953              6.00000000000000     -1
kind
     27     
    79200          153139     
        6.25000000000000  
 OBS            216
     297.79568929036003
     295.56790615958801
       1.00000000000000
 215 217 -1
obdef
loc3d
        4.96717335385836              0.67072562238302             13.76562500000000     -1
kind
     27     
    79200          153139     
        6.25000000000000  
 OBS            217
     293.27249955141997
     293.35485440822498
       1.00000000000000
 216 218 -1
obdef
loc3d
        4.96004611966382              0.68820120365869             15.00000000000000     -1
kind
     27     
    79200          153139     
        6.25000000000000  
 OBS            218
     294.27286426079104
     293.02482521285401
       1.00000000000000
 217 219 -1
obdef
loc3d
        4.95406364445895              0.69009645468583             54.42578125000000     -1
kind
     27     
    79200          153139     
        6.25000000000000  
 OBS            219
     292.34792056575264
     292.87798555325401
       1.00000000000000
 218 220 -1
obdef
loc3d
        4.95508230192316              0.68705689194968              9.08530712127686     -1
kind
     27     
    79200          153139     
        6.25000000000000  
 OBS            220
     282.16885167232977
     280.85211094064999
       1.00000000000000
 219 221 -1
obdef
loc3d
        4.89647559039613              0.68497595921932            824.84875488281250     -1
kind
     27     
    79200          153139     
        6.25000000000000  
 OBS            221
     283.92397488480759
     282.94926403509101
       1.00000000000000
 220 222 -1
obdef
loc3d
        4.89667428721977              0.69273770557989            574.37286376953125     -1
kind
     27     
    79200          153139     
        6.25000000000000  
 OBS            222
     289.22284141605519
     288.11449774414098
       1.00000000000000
 221 223 -1
obdef
loc3d
        4.91583459977084              0.69278424988043            233.68589782714841     -1
kind
     27     
    79200          153139     
        6.25000000000000  
 OBS            223
     285.02277222015459
     283.88387092729897
       1.00000000000000
 222 224 -1
obdef
loc3d
        4.90300762067971              0.68954390300676            525.03326416015625     -1
kind
     27     
    79200          153139     
        6.25000000000000  
 OBS            224
     280.66967115627926
     282.38008677509100
       1.00000000000000
 223 225 -1
obdef
loc3d
        4.90168560310748              0.69286223560483            711.58941650390625     -1
kind
     27     
    79200          153139     
        6.25000000000000  
 OBS            225
     288.94793932609707
     288.45668943723899
       1.00000000000000
 224 -1 -1
obdef
loc3d
        4.91091515139416              0.69052501454351            199.70848083496091     -1
kind
     27     
    79200          153139     
        6.25000000000000  
