 obs_sequence
obs_kind_definitions
       3
    25          LAND_SFC_U_WIND_COMPONENT   
    26          LAND_SFC_V_WIND_COMPONENT   
    27          LAND_SFC_TEMPERATURE   
  num_copies:            2  num_qc:            1
 num_obs:       225  max_num_obs:       225
observations
truth
QC radar
  first:            1  last:       225
 OBS            1
       4.26515330947862
       3.47035795222367
       1.00000000000000
 -1 2 -1
obdef
loc3d
        4.90540352515539              0.69194112440599            606.33142089843750     -1
kind
     25     
    30600          153139     
       12.25000000000000  
 OBS            2
       0.31029570891554
      -2.02812036912451
       1.00000000000000
 1 3 -1
obdef
loc3d
        4.94546412681761              0.68348353984884             17.75631332397461     -1
kind
     25     
    30600          153139     
       12.25000000000000  
 OBS            3
      -4.41479310260039
      -2.09446949380776
       1.00000000000000
 2 4 -1
obdef
loc3d
        4.94660974174000              0.67744857875853             29.35406684875488     -1
kind
     25     
    30600          153139     
       12.25000000000000  
 OBS            4
      -7.35362434153732
      -2.56461633738850
       1.00000000000000
 3 5 -1
obdef
loc3d
        4.94648126630843              0.68652865419204             54.82812500000000     -1
kind
     25     
    30600          153139     
       12.25000000000000  
 OBS            5
       0.39629815766641
      -0.89567423656651
       1.00000000000000
 4 6 -1
obdef
loc3d
        4.94445426011379              0.68507566758975             62.61011505126953     -1
kind
     25     
    30600          153139     
       12.25000000000000  
 OBS            6
      -9.07338028872791
      -3.08339567693656
       1.00000000000000
 5 7 -1
obdef
loc3d
        4.94602055174578              0.68752162087271            134.15721130371091     -1
kind
     25     
    30600          153139     
       12.25000000000000  
 OBS            7
      -2.31083345446852
      -1.30815879152139
       1.00000000000000
 6 8 -1
obdef
loc3d
        4.94603912728501              0.67254511985829             35.00297546386719     -1
kind
     25     
    30600          153139     
       12.25000000000000  
 OBS            8
      -0.35356082023324
      -1.71154558469393
       1.00000000000000
 7 9 -1
obdef
loc3d
        4.95877904994953              0.67986585977255             17.04111671447754     -1
kind
     25     
    30600          153139     
       12.25000000000000  
 OBS            9
      -2.94319940942356
      -4.16913661870110
       1.00000000000000
 8 10 -1
obdef
loc3d
        4.93958042817759              0.69095160998657            226.13127136230469     -1
kind
     25     
    30600          153139     
       12.25000000000000  
 OBS            10
      -1.23821553763566
      -2.13145101962821
       1.00000000000000
 9 11 -1
obdef
loc3d
        4.95756313665553              0.69181797222864             89.84997558593750     -1
kind
     25     
    30600          153139     
       12.25000000000000  
 OBS            11
       0.11720214485321
       0.03112704578428
       1.00000000000000
 10 12 -1
obdef
loc3d
        4.94078657111844              0.67409210989409             60.81152343750000     -1
kind
     25     
    30600          153139     
       12.25000000000000  
 OBS            12
       1.56560583917824
      -1.58437143608305
       1.00000000000000
 11 13 -1
obdef
loc3d
        4.95557846691255              0.67267262139613              1.00000000000000     -1
kind
     25     
    30600          153139     
       12.25000000000000  
 OBS            13
      -2.19089522609319
      -1.01588648140684
       1.00000000000000
 12 14 -1
obdef
loc3d
        4.93193348448080              0.68856418981073            106.00000000000000     -1
kind
     25     
    30600          153139     
       12.25000000000000  
 OBS            14
       2.22439666298418
       1.31637793166174
       1.00000000000000
 13 15 -1
obdef
loc3d
        4.89970838141578              0.68765245249877            785.09423828125000     -1
kind
     25     
    30600          153139     
       12.25000000000000  
 OBS            15
      -1.06299297288876
      -2.59158894623965
       1.00000000000000
 14 16 -1
obdef
loc3d
        4.95026814558372              0.68993059237416             93.11567687988281     -1
kind
     25     
    30600          153139     
       12.25000000000000  
 OBS            16
      -1.74494280408145
      -2.53583788104136
       1.00000000000000
 15 17 -1
obdef
loc3d
        4.94174512165160              0.68484635226999            116.56585693359381     -1
kind
     25     
    30600          153139     
       12.25000000000000  
 OBS            17
      -1.26945885202352
      -2.15050672453124
       1.00000000000000
 16 18 -1
obdef
loc3d
        4.95420735021482              0.68473663912788             15.00000000000000     -1
kind
     25     
    30600          153139     
       12.25000000000000  
 OBS            18
      -4.35702220490445
       0.03775140440699
       1.00000000000000
 17 19 -1
obdef
loc3d
        4.93477042118681              0.68310638816012            118.89588928222661     -1
kind
     25     
    30600          153139     
       12.25000000000000  
 OBS            19
      -1.71927746702528
      -0.17938560095527
       1.00000000000000
 18 20 -1
obdef
loc3d
        4.93795631029682              0.68276407673392            144.94107055664060     -1
kind
     25     
    30600          153139     
       12.25000000000000  
 OBS            20
      -1.10433001230473
      -0.37258581166020
       1.00000000000000
 19 21 -1
obdef
loc3d
        4.94001671685736              0.68064929967652             43.67281723022461     -1
kind
     25     
    30600          153139     
       12.25000000000000  
 OBS            21
       2.02693260991709
      -0.22384860962205
       1.00000000000000
 20 22 -1
obdef
loc3d
        4.94058460161740              0.67807181314514             70.17810058593750     -1
kind
     25     
    30600          153139     
       12.25000000000000  
 OBS            22
      -5.75620892883903
      -1.31652327102293
       1.00000000000000
 21 23 -1
obdef
loc3d
        4.95423295419494              0.68033176843505              3.71636104583740     -1
kind
     25     
    30600          153139     
       12.25000000000000  
 OBS            23
      -3.65897908008929
      -1.72290870578457
       1.00000000000000
 22 24 -1
obdef
loc3d
        4.94926894458696              0.66642585587446             10.91526031494141     -1
kind
     25     
    30600          153139     
       12.25000000000000  
 OBS            24
      -4.55046219163825
      -1.89036565339248
       1.00000000000000
 23 25 -1
obdef
loc3d
        4.96223480186848              0.66700036066835              5.00000000000000     -1
kind
     25     
    30600          153139     
       12.25000000000000  
 OBS            25
      -2.13103855566312
      -1.36059163373396
       1.00000000000000
 24 26 -1
obdef
loc3d
        4.95546148971009              0.67729393735082              6.17724800109863     -1
kind
     25     
    30600          153139     
       12.25000000000000  
 OBS            26
       1.18134627953654
      -1.78284851319124
       1.00000000000000
 25 27 -1
obdef
loc3d
        4.92652723985629              0.69051382381431            146.04148864746091     -1
kind
     25     
    30600          153139     
       12.25000000000000  
 OBS            27
      -2.61850819837962
      -2.58247996635857
       1.00000000000000
 26 28 -1
obdef
loc3d
        4.96366005344362              0.66920346185787              6.00000000000000     -1
kind
     25     
    30600          153139     
       12.25000000000000  
 OBS            28
      -4.54130050728067
      -1.52916745331363
       1.00000000000000
 27 29 -1
obdef
loc3d
        4.97052949833720              0.66907739847133              8.84140872955322     -1
kind
     25     
    30600          153139     
       12.25000000000000  
 OBS            29
       4.55403258446946
      -1.15683040414828
       1.00000000000000
 28 30 -1
obdef
loc3d
        4.93505853489354              0.69035668900909            163.38452148437500     -1
kind
     25     
    30600          153139     
       12.25000000000000  
 OBS            30
       1.64230298141804
      -0.96255665343383
       1.00000000000000
 29 31 -1
obdef
loc3d
        4.93979773523841              0.67259214116167             45.00000000000000     -1
kind
     25     
    30600          153139     
       12.25000000000000  
 OBS            31
      -1.38012036032027
      -3.10597638914159
       1.00000000000000
 30 32 -1
obdef
loc3d
        4.92901815402419              0.68818595396932            126.56063842773440     -1
kind
     25     
    30600          153139     
       12.25000000000000  
 OBS            32
      -7.52279332546102
      -5.44720092163355
       1.00000000000000
 31 33 -1
obdef
loc3d
        4.92864050752959              0.68988490592333            360.09008789062500     -1
kind
     25     
    30600          153139     
       12.25000000000000  
 OBS            33
      -1.84110858924017
      -0.49271499450792
       1.00000000000000
 32 34 -1
obdef
loc3d
        4.94071794293451              0.68880476183725            173.77728271484381     -1
kind
     25     
    30600          153139     
       12.25000000000000  
 OBS            34
      -2.93520100059392
      -2.19203176423417
       1.00000000000000
 33 35 -1
obdef
loc3d
        4.94475069255349              0.67936922784321             17.10044860839844     -1
kind
     25     
    30600          153139     
       12.25000000000000  
 OBS            35
      -6.91332734373443
      -2.86350272967953
       1.00000000000000
 34 36 -1
obdef
loc3d
        4.93040524362615              0.68956958577383            472.38653564453119     -1
kind
     25     
    30600          153139     
       12.25000000000000  
 OBS            36
      -2.88128106696375
      -0.61524416355926
       1.00000000000000
 35 37 -1
obdef
loc3d
        4.93438788521233              0.68743777381223            157.39462280273440     -1
kind
     25     
    30600          153139     
       12.25000000000000  
 OBS            37
      -0.09541964425956
      -0.12708998104271
       1.00000000000000
 36 38 -1
obdef
loc3d
        4.93003537520636              0.69083454089469            382.75677490234381     -1
kind
     25     
    30600          153139     
       12.25000000000000  
 OBS            38
      -4.12085125892976
      -3.25565498627911
       1.00000000000000
 37 39 -1
obdef
loc3d
        4.94262489165251              0.68702513034102            130.29710388183591     -1
kind
     25     
    30600          153139     
       12.25000000000000  
 OBS            39
      -3.11137821570829
      -1.63263126837517
       1.00000000000000
 38 40 -1
obdef
loc3d
        4.93100113789334              0.68653549583784             94.66114807128906     -1
kind
     25     
    30600          153139     
       12.25000000000000  
 OBS            40
       0.77305278089418
      -0.49397957330387
       1.00000000000000
 39 41 -1
obdef
loc3d
        4.94000002935902              0.67612888350011             59.69976806640625     -1
kind
     25     
    30600          153139     
       12.25000000000000  
 OBS            41
      -1.04817214290656
      -1.62575468785197
       1.00000000000000
 40 42 -1
obdef
loc3d
        4.94231604692662              0.69077376274482            190.83442687988281     -1
kind
     25     
    30600          153139     
       12.25000000000000  
 OBS            42
       1.66470644453819
      -2.22329679618930
       1.00000000000000
 41 43 -1
obdef
loc3d
        4.93554247635603              0.69268257167582            131.09960937500000     -1
kind
     25     
    30600          153139     
       12.25000000000000  
 OBS            43
      -5.01626642792334
      -2.73816365039261
       1.00000000000000
 42 44 -1
obdef
loc3d
        4.94069913477896              0.68279864123905            131.77731323242190     -1
kind
     25     
    30600          153139     
       12.25000000000000  
 OBS            44
      -1.22658747779865
      -2.43585422555988
       1.00000000000000
 43 45 -1
obdef
loc3d
        4.94367854378329              0.67420565331297             56.55799865722656     -1
kind
     25     
    30600          153139     
       12.25000000000000  
 OBS            45
      -3.76822571568066
      -1.65123301387475
       1.00000000000000
 44 46 -1
obdef
loc3d
        4.93814984943932              0.67457436016830             39.55386734008789     -1
kind
     25     
    30600          153139     
       12.25000000000000  
 OBS            46
       0.10303686741668
      -0.33251138358291
       1.00000000000000
 45 47 -1
obdef
loc3d
        4.94253566982520              0.68065092526894             48.56933593750000     -1
kind
     25     
    30600          153139     
       12.25000000000000  
 OBS            47
      -6.71134969254527
      -1.91971894280252
       1.00000000000000
 46 48 -1
obdef
loc3d
        4.93593154408741              0.68080949477360             85.35743713378906     -1
kind
     25     
    30600          153139     
       12.25000000000000  
 OBS            48
      -4.23723266577248
      -3.74075047659673
       1.00000000000000
 47 49 -1
obdef
loc3d
        4.94758068519446              0.69282395273635            179.51908874511719     -1
kind
     25     
    30600          153139     
       12.25000000000000  
 OBS            49
      -4.17507004217891
      -1.22686503737123
       1.00000000000000
 48 50 -1
obdef
loc3d
        4.93541634697774              0.67261831698898             21.54207611083984     -1
kind
     25     
    30600          153139     
       12.25000000000000  
 OBS            50
      -4.72386180678537
      -0.62506856993060
       1.00000000000000
 49 51 -1
obdef
loc3d
        4.93342752395137              0.68533697059699            120.48287200927730     -1
kind
     25     
    30600          153139     
       12.25000000000000  
 OBS            51
      -1.46759061934928
      -1.67169056154228
       1.00000000000000
 50 52 -1
obdef
loc3d
        4.92811551620144              0.69141391763145            189.00242614746091     -1
kind
     25     
    30600          153139     
       12.25000000000000  
 OBS            52
      -2.61892490624128
      -2.04447491955601
       1.00000000000000
 51 53 -1
obdef
loc3d
        4.94328780634786              0.67761918906629             21.61136627197266     -1
kind
     25     
    30600          153139     
       12.25000000000000  
 OBS            53
      -5.31927411104439
      -1.58967474483585
       1.00000000000000
 52 54 -1
obdef
loc3d
        4.93617130041664              0.68578341426755            199.41349792480469     -1
kind
     25     
    30600          153139     
       12.25000000000000  
 OBS            54
      -0.39223731528010
      -2.04519342573015
       1.00000000000000
 53 55 -1
obdef
loc3d
        4.94488890698391              0.68151038983677             42.34177017211914     -1
kind
     25     
    30600          153139     
       12.25000000000000  
 OBS            55
      -1.58818123975397
      -1.93484696431811
       1.00000000000000
 54 56 -1
obdef
loc3d
        4.94610769319308              0.67540343249948             44.88281250000000     -1
kind
     25     
    30600          153139     
       12.25000000000000  
 OBS            56
      -1.23133642888674
      -2.58648768347312
       1.00000000000000
 55 57 -1
obdef
loc3d
        4.93098289428918              0.69278368564599            411.59194946289062     -1
kind
     25     
    30600          153139     
       12.25000000000000  
 OBS            57
      -1.40776599428005
      -1.09527594431944
       1.00000000000000
 56 58 -1
obdef
loc3d
        4.93746284305807              0.67295620864423             44.45593643188477     -1
kind
     25     
    30600          153139     
       12.25000000000000  
 OBS            58
      -3.17304882505614
      -2.47374304085523
       1.00000000000000
 57 59 -1
obdef
loc3d
        4.93742549337872              0.68866580079864            241.84100341796881     -1
kind
     25     
    30600          153139     
       12.25000000000000  
 OBS            59
      -2.77818866295172
      -1.35036400364400
       1.00000000000000
 58 60 -1
obdef
loc3d
        4.94310367286119              0.67063823067780             37.30942153930664     -1
kind
     25     
    30600          153139     
       12.25000000000000  
 OBS            60
      -5.21664847502453
      -3.44500571552874
       1.00000000000000
 59 61 -1
obdef
loc3d
        4.94312354358950              0.69286317278749            201.84664916992190     -1
kind
     25     
    30600          153139     
       12.25000000000000  
 OBS            61
       1.51095485193288
      -0.16484810612725
       1.00000000000000
 60 62 -1
obdef
loc3d
        4.93202293942753              0.69056809921756            124.38476562500000     -1
kind
     25     
    30600          153139     
       12.25000000000000  
 OBS            62
      -2.60364281035242
      -2.60807826871975
       1.00000000000000
 61 63 -1
obdef
loc3d
        4.93852899085493              0.69282303339671            210.85327148437500     -1
kind
     25     
    30600          153139     
       12.25000000000000  
 OBS            63
       4.86211550065649
       2.43162788920789
       1.00000000000000
 62 64 -1
obdef
loc3d
        4.93925110381924              0.68654477021234            169.40324401855469     -1
kind
     25     
    30600          153139     
       12.25000000000000  
 OBS            64
      -3.66816342262656
      -3.27985844063050
       1.00000000000000
 63 65 -1
obdef
loc3d
        4.94561300163474              0.69021407942450            101.67103576660161     -1
kind
     25     
    30600          153139     
       12.25000000000000  
 OBS            65
      -2.59426483570322
      -1.40248223673545
       1.00000000000000
 64 66 -1
obdef
loc3d
        4.94677761419795              0.66921213830349             30.00000000000000     -1
kind
     25     
    30600          153139     
       12.25000000000000  
 OBS            66
      -4.86445236627311
      -2.66073202528865
       1.00000000000000
 65 67 -1
obdef
loc3d
        4.91464000802058              0.69220313236118            256.98049926757812     -1
kind
     25     
    30600          153139     
       12.25000000000000  
 OBS            67
       4.73190019345902
      -0.97427017973453
       1.00000000000000
 66 68 -1
obdef
loc3d
        4.91222840493483              0.69213090540308            311.66015625000000     -1
kind
     25     
    30600          153139     
       12.25000000000000  
 OBS            68
      -2.07463064091470
      -1.61646373309281
       1.00000000000000
 67 69 -1
obdef
loc3d
        4.90319820253832              0.69077085029214            558.21520996093750     -1
kind
     25     
    30600          153139     
       12.25000000000000  
 OBS            69
      -2.82944514348513
       2.65988425623938
       1.00000000000000
 68 70 -1
obdef
loc3d
        4.90548367400941              0.68961427180382            340.45385742187500     -1
kind
     25     
    30600          153139     
       12.25000000000000  
 OBS            70
      -3.64758234469145
      -1.02027119242497
       1.00000000000000
 69 71 -1
obdef
loc3d
        4.90182808691748              0.69286665451088            711.58941650390625     -1
kind
     25     
    30600          153139     
       12.25000000000000  
 OBS            71
      -2.75795247915459
      -1.51908178452614
       1.00000000000000
 70 72 -1
obdef
loc3d
        4.92199514385413              0.69211089395115            185.84292602539060     -1
kind
     25     
    30600          153139     
       12.25000000000000  
 OBS            72
      -1.26015377122202
      -1.67567574786548
       1.00000000000000
 71 73 -1
obdef
loc3d
        4.91709198426003              0.69266703903771            205.88345336914060     -1
kind
     25     
    30600          153139     
       12.25000000000000  
 OBS            73
      -4.81730948211614
      -2.48406761508986
       1.00000000000000
 72 74 -1
obdef
loc3d
        4.91305125126208              0.69031483822850            320.48217773437500     -1
kind
     25     
    30600          153139     
       12.25000000000000  
 OBS            74
       0.51371814976588
       1.30239844717915
       1.00000000000000
 73 75 -1
obdef
loc3d
        4.90918301095293              0.69233086407935            229.95614624023440     -1
kind
     25     
    30600          153139     
       12.25000000000000  
 OBS            75
      -1.72396150031083
       1.40088066565613
       1.00000000000000
 74 76 -1
obdef
loc3d
        4.90002894620424              0.69031812013417            840.25653076171875     -1
kind
     25     
    30600          153139     
       12.25000000000000  
 OBS            76
       7.56045011691013
      10.09602556009630
       1.00000000000000
 75 77 -1
obdef
loc3d
        4.90540352515539              0.69194112440599            606.33142089843750     -1
kind
     26     
    30600          153139     
       12.25000000000000  
 OBS            77
      -0.04100977071213
       6.24047138171263
       1.00000000000000
 76 78 -1
obdef
loc3d
        4.94546412681761              0.68348353984884             17.75631332397461     -1
kind
     26     
    30600          153139     
       12.25000000000000  
 OBS            78
       8.68600778325314
       6.49320641822590
       1.00000000000000
 77 79 -1
obdef
loc3d
        4.94660974174000              0.67744857875853             29.35406684875488     -1
kind
     26     
    30600          153139     
       12.25000000000000  
 OBS            79
       5.74918876932934
       6.39463259770632
       1.00000000000000
 78 80 -1
obdef
loc3d
        4.94648126630843              0.68652865419204             54.82812500000000     -1
kind
     26     
    30600          153139     
       12.25000000000000  
 OBS            80
       4.81464891154454
       4.66831801862710
       1.00000000000000
 79 81 -1
obdef
loc3d
        4.94445426011379              0.68507566758975             62.61011505126953     -1
kind
     26     
    30600          153139     
       12.25000000000000  
 OBS            81
       7.96387930321035
       7.60914241446159
       1.00000000000000
 80 82 -1
obdef
loc3d
        4.94602055174578              0.68752162087271            134.15721130371091     -1
kind
     26     
    30600          153139     
       12.25000000000000  
 OBS            82
       9.52601956416355
       8.85731079147588
       1.00000000000000
 81 83 -1
obdef
loc3d
        4.94603912728501              0.67254511985829             35.00297546386719     -1
kind
     26     
    30600          153139     
       12.25000000000000  
 OBS            83
       9.79481776480257
       8.38636064805858
       1.00000000000000
 82 84 -1
obdef
loc3d
        4.95877904994953              0.67986585977255             17.04111671447754     -1
kind
     26     
    30600          153139     
       12.25000000000000  
 OBS            84
      10.80698471405941
       9.51568619947009
       1.00000000000000
 83 85 -1
obdef
loc3d
        4.93958042817759              0.69095160998657            226.13127136230469     -1
kind
     26     
    30600          153139     
       12.25000000000000  
 OBS            85
       4.76316898442102
       6.69570308795844
       1.00000000000000
 84 86 -1
obdef
loc3d
        4.95756313665553              0.69181797222864             89.84997558593750     -1
kind
     26     
    30600          153139     
       12.25000000000000  
 OBS            86
       7.87142516364868
       8.21531387438880
       1.00000000000000
 85 87 -1
obdef
loc3d
        4.94078657111844              0.67409210989409             60.81152343750000     -1
kind
     26     
    30600          153139     
       12.25000000000000  
 OBS            87
      15.08207730527846
      12.26588608984980
       1.00000000000000
 86 88 -1
obdef
loc3d
        4.95557846691255              0.67267262139613              1.00000000000000     -1
kind
     26     
    30600          153139     
       12.25000000000000  
 OBS            88
       7.42765404488837
       6.43559632203724
       1.00000000000000
 87 89 -1
obdef
loc3d
        4.93193348448080              0.68856418981073            106.00000000000000     -1
kind
     26     
    30600          153139     
       12.25000000000000  
 OBS            89
       3.59271399924944
       5.44906423263892
       1.00000000000000
 88 90 -1
obdef
loc3d
        4.89970838141578              0.68765245249877            785.09423828125000     -1
kind
     26     
    30600          153139     
       12.25000000000000  
 OBS            90
       7.60229369600727
       6.09241770357903
       1.00000000000000
 89 91 -1
obdef
loc3d
        4.95026814558372              0.68993059237416             93.11567687988281     -1
kind
     26     
    30600          153139     
       12.25000000000000  
 OBS            91
       4.85791310335074
       7.52978045783938
       1.00000000000000
 90 92 -1
obdef
loc3d
        4.94174512165160              0.68484635226999            116.56585693359381     -1
kind
     26     
    30600          153139     
       12.25000000000000  
 OBS            92
       8.90532735088253
       7.36622427739974
       1.00000000000000
 91 93 -1
obdef
loc3d
        4.95420735021482              0.68473663912788             15.00000000000000     -1
kind
     26     
    30600          153139     
       12.25000000000000  
 OBS            93
       0.93397313522629
       0.68326275300840
       1.00000000000000
 92 94 -1
obdef
loc3d
        4.93477042118681              0.68310638816012            118.89588928222661     -1
kind
     26     
    30600          153139     
       12.25000000000000  
 OBS            94
       9.37218346112643
       8.27355823657488
       1.00000000000000
 93 95 -1
obdef
loc3d
        4.93795631029682              0.68276407673392            144.94107055664060     -1
kind
     26     
    30600          153139     
       12.25000000000000  
 OBS            95
       4.53884456529468
       7.89696684869102
       1.00000000000000
 94 96 -1
obdef
loc3d
        4.94001671685736              0.68064929967652             43.67281723022461     -1
kind
     26     
    30600          153139     
       12.25000000000000  
 OBS            96
       5.48853906807071
       8.35655674567550
       1.00000000000000
 95 97 -1
obdef
loc3d
        4.94058460161740              0.67807181314514             70.17810058593750     -1
kind
     26     
    30600          153139     
       12.25000000000000  
 OBS            97
      12.02952673961987
       8.84038005316699
       1.00000000000000
 96 98 -1
obdef
loc3d
        4.95423295419494              0.68033176843505              3.71636104583740     -1
kind
     26     
    30600          153139     
       12.25000000000000  
 OBS            98
       5.18909856946979
       9.83489099739002
       1.00000000000000
 97 99 -1
obdef
loc3d
        4.94926894458696              0.66642585587446             10.91526031494141     -1
kind
     26     
    30600          153139     
       12.25000000000000  
 OBS            99
       8.72659021847323
      11.27054978605260
       1.00000000000000
 98 100 -1
obdef
loc3d
        4.96223480186848              0.66700036066835              5.00000000000000     -1
kind
     26     
    30600          153139     
       12.25000000000000  
 OBS            100
       7.95677767399385
      10.27330888479530
       1.00000000000000
 99 101 -1
obdef
loc3d
        4.95546148971009              0.67729393735082              6.17724800109863     -1
kind
     26     
    30600          153139     
       12.25000000000000  
 OBS            101
      12.81174197100611
      11.15493117791590
       1.00000000000000
 100 102 -1
obdef
loc3d
        4.92652723985629              0.69051382381431            146.04148864746091     -1
kind
     26     
    30600          153139     
       12.25000000000000  
 OBS            102
      13.83661326849449
      10.95576518011960
       1.00000000000000
 101 103 -1
obdef
loc3d
        4.96366005344362              0.66920346185787              6.00000000000000     -1
kind
     26     
    30600          153139     
       12.25000000000000  
 OBS            103
      11.07737843632678
      12.43473634635880
       1.00000000000000
 102 104 -1
obdef
loc3d
        4.97052949833720              0.66907739847133              8.84140872955322     -1
kind
     26     
    30600          153139     
       12.25000000000000  
 OBS            104
       5.85277097141401
      12.00440222398600
       1.00000000000000
 103 105 -1
obdef
loc3d
        4.93505853489354              0.69035668900909            163.38452148437500     -1
kind
     26     
    30600          153139     
       12.25000000000000  
 OBS            105
       6.37302751778346
       8.51608069410571
       1.00000000000000
 104 106 -1
obdef
loc3d
        4.93979773523841              0.67259214116167             45.00000000000000     -1
kind
     26     
    30600          153139     
       12.25000000000000  
 OBS            106
       7.37075008433504
       7.57057558221810
       1.00000000000000
 105 107 -1
obdef
loc3d
        4.92901815402419              0.68818595396932            126.56063842773440     -1
kind
     26     
    30600          153139     
       12.25000000000000  
 OBS            107
      12.43514921709250
      11.39032379766290
       1.00000000000000
 106 108 -1
obdef
loc3d
        4.92864050752959              0.68988490592333            360.09008789062500     -1
kind
     26     
    30600          153139     
       12.25000000000000  
 OBS            108
      12.15402700246045
       6.66785908972896
       1.00000000000000
 107 109 -1
obdef
loc3d
        4.94071794293451              0.68880476183725            173.77728271484381     -1
kind
     26     
    30600          153139     
       12.25000000000000  
 OBS            109
       9.06238994072448
       8.26504275078667
       1.00000000000000
 108 110 -1
obdef
loc3d
        4.94475069255349              0.67936922784321             17.10044860839844     -1
kind
     26     
    30600          153139     
       12.25000000000000  
 OBS            110
      12.30865003234747
      10.97066482132980
       1.00000000000000
 109 111 -1
obdef
loc3d
        4.93040524362615              0.68956958577383            472.38653564453119     -1
kind
     26     
    30600          153139     
       12.25000000000000  
 OBS            111
       1.65867154506579
       6.25404728713992
       1.00000000000000
 110 112 -1
obdef
loc3d
        4.93438788521233              0.68743777381223            157.39462280273440     -1
kind
     26     
    30600          153139     
       12.25000000000000  
 OBS            112
      13.22006963285243
      11.33914821520940
       1.00000000000000
 111 113 -1
obdef
loc3d
        4.93003537520636              0.69083454089469            382.75677490234381     -1
kind
     26     
    30600          153139     
       12.25000000000000  
 OBS            113
      12.53148494222052
       6.27886335466587
       1.00000000000000
 112 114 -1
obdef
loc3d
        4.94262489165251              0.68702513034102            130.29710388183591     -1
kind
     26     
    30600          153139     
       12.25000000000000  
 OBS            114
       4.60182982584679
       3.91768559912034
       1.00000000000000
 113 115 -1
obdef
loc3d
        4.93100113789334              0.68653549583784             94.66114807128906     -1
kind
     26     
    30600          153139     
       12.25000000000000  
 OBS            115
       7.91141593899470
       7.13097236347396
       1.00000000000000
 114 116 -1
obdef
loc3d
        4.94000002935902              0.67612888350011             59.69976806640625     -1
kind
     26     
    30600          153139     
       12.25000000000000  
 OBS            116
       5.67594527212998
       7.59467083760781
       1.00000000000000
 115 117 -1
obdef
loc3d
        4.94231604692662              0.69077376274482            190.83442687988281     -1
kind
     26     
    30600          153139     
       12.25000000000000  
 OBS            117
      14.05810367757744
       9.90052340254852
       1.00000000000000
 116 118 -1
obdef
loc3d
        4.93554247635603              0.69268257167582            131.09960937500000     -1
kind
     26     
    30600          153139     
       12.25000000000000  
 OBS            118
       9.21544948886137
       9.03120092286118
       1.00000000000000
 117 119 -1
obdef
loc3d
        4.94069913477896              0.68279864123905            131.77731323242190     -1
kind
     26     
    30600          153139     
       12.25000000000000  
 OBS            119
       7.54888286625915
       7.89128984909925
       1.00000000000000
 118 120 -1
obdef
loc3d
        4.94367854378329              0.67420565331297             56.55799865722656     -1
kind
     26     
    30600          153139     
       12.25000000000000  
 OBS            120
       5.40901927149530
       7.85302208345007
       1.00000000000000
 119 121 -1
obdef
loc3d
        4.93814984943932              0.67457436016830             39.55386734008789     -1
kind
     26     
    30600          153139     
       12.25000000000000  
 OBS            121
       3.65748810521803
       7.44226322403155
       1.00000000000000
 120 122 -1
obdef
loc3d
        4.94253566982520              0.68065092526894             48.56933593750000     -1
kind
     26     
    30600          153139     
       12.25000000000000  
 OBS            122
       8.50262564374823
      10.28727621241330
       1.00000000000000
 121 123 -1
obdef
loc3d
        4.93593154408741              0.68080949477360             85.35743713378906     -1
kind
     26     
    30600          153139     
       12.25000000000000  
 OBS            123
      11.42054249450098
      11.64274398685750
       1.00000000000000
 122 124 -1
obdef
loc3d
        4.94758068519446              0.69282395273635            179.51908874511719     -1
kind
     26     
    30600          153139     
       12.25000000000000  
 OBS            124
       2.06961478715992
       7.00654464709511
       1.00000000000000
 123 125 -1
obdef
loc3d
        4.93541634697774              0.67261831698898             21.54207611083984     -1
kind
     26     
    30600          153139     
       12.25000000000000  
 OBS            125
       7.40027028829840
       6.01498611315711
       1.00000000000000
 124 126 -1
obdef
loc3d
        4.93342752395137              0.68533697059699            120.48287200927730     -1
kind
     26     
    30600          153139     
       12.25000000000000  
 OBS            126
       9.67843182270967
      12.15066538207240
       1.00000000000000
 125 127 -1
obdef
loc3d
        4.92811551620144              0.69141391763145            189.00242614746091     -1
kind
     26     
    30600          153139     
       12.25000000000000  
 OBS            127
       8.73057355167701
       8.38160601978032
       1.00000000000000
 126 128 -1
obdef
loc3d
        4.94328780634786              0.67761918906629             21.61136627197266     -1
kind
     26     
    30600          153139     
       12.25000000000000  
 OBS            128
       8.84671952919579
       6.11997483836288
       1.00000000000000
 127 129 -1
obdef
loc3d
        4.93617130041664              0.68578341426755            199.41349792480469     -1
kind
     26     
    30600          153139     
       12.25000000000000  
 OBS            129
       3.61380720444685
       8.10785172418897
       1.00000000000000
 128 130 -1
obdef
loc3d
        4.94488890698391              0.68151038983677             42.34177017211914     -1
kind
     26     
    30600          153139     
       12.25000000000000  
 OBS            130
       5.48529133400903
       7.80215029186558
       1.00000000000000
 129 131 -1
obdef
loc3d
        4.94610769319308              0.67540343249948             44.88281250000000     -1
kind
     26     
    30600          153139     
       12.25000000000000  
 OBS            131
       9.74719881865400
       8.81788893592217
       1.00000000000000
 130 132 -1
obdef
loc3d
        4.93098289428918              0.69278368564599            411.59194946289062     -1
kind
     26     
    30600          153139     
       12.25000000000000  
 OBS            132
       0.80092332032696
       6.83286911438814
       1.00000000000000
 131 133 -1
obdef
loc3d
        4.93746284305807              0.67295620864423             44.45593643188477     -1
kind
     26     
    30600          153139     
       12.25000000000000  
 OBS            133
       8.54776605239624
       9.42092876931494
       1.00000000000000
 132 134 -1
obdef
loc3d
        4.93742549337872              0.68866580079864            241.84100341796881     -1
kind
     26     
    30600          153139     
       12.25000000000000  
 OBS            134
       8.59021425883073
       9.97016616538512
       1.00000000000000
 133 135 -1
obdef
loc3d
        4.94310367286119              0.67063823067780             37.30942153930664     -1
kind
     26     
    30600          153139     
       12.25000000000000  
 OBS            135
       8.51616158820875
      10.32580653263800
       1.00000000000000
 134 136 -1
obdef
loc3d
        4.94312354358950              0.69286317278749            201.84664916992190     -1
kind
     26     
    30600          153139     
       12.25000000000000  
 OBS            136
       9.01078910850639
      11.05609659351780
       1.00000000000000
 135 137 -1
obdef
loc3d
        4.93202293942753              0.69056809921756            124.38476562500000     -1
kind
     26     
    30600          153139     
       12.25000000000000  
 OBS            137
      12.17103640789048
       9.66500839297551
       1.00000000000000
 136 138 -1
obdef
loc3d
        4.93852899085493              0.69282303339671            210.85327148437500     -1
kind
     26     
    30600          153139     
       12.25000000000000  
 OBS            138
      -0.43397288638219
       1.10711261304708
       1.00000000000000
 137 139 -1
obdef
loc3d
        4.93925110381924              0.68654477021234            169.40324401855469     -1
kind
     26     
    30600          153139     
       12.25000000000000  
 OBS            139
       9.47491851097349
       7.69639285522859
       1.00000000000000
 138 140 -1
obdef
loc3d
        4.94561300163474              0.69021407942450            101.67103576660161     -1
kind
     26     
    30600          153139     
       12.25000000000000  
 OBS            140
       7.81307655494039
       9.92703580115782
       1.00000000000000
 139 141 -1
obdef
loc3d
        4.94677761419795              0.66921213830349             30.00000000000000     -1
kind
     26     
    30600          153139     
       12.25000000000000  
 OBS            141
       2.72900933066839
       4.25512266936145
       1.00000000000000
 140 142 -1
obdef
loc3d
        4.91464000802058              0.69220313236118            256.98049926757812     -1
kind
     26     
    30600          153139     
       12.25000000000000  
 OBS            142
       5.32942267187166
       8.63122574719321
       1.00000000000000
 141 143 -1
obdef
loc3d
        4.91222840493483              0.69213090540308            311.66015625000000     -1
kind
     26     
    30600          153139     
       12.25000000000000  
 OBS            143
      12.22883332261205
       9.16988698198322
       1.00000000000000
 142 144 -1
obdef
loc3d
        4.90319820253832              0.69077085029214            558.21520996093750     -1
kind
     26     
    30600          153139     
       12.25000000000000  
 OBS            144
       4.78162759291815
      -0.72189807109053
       1.00000000000000
 143 145 -1
obdef
loc3d
        4.90548367400941              0.68961427180382            340.45385742187500     -1
kind
     26     
    30600          153139     
       12.25000000000000  
 OBS            145
      14.32504664798356
      15.11546096694640
       1.00000000000000
 144 146 -1
obdef
loc3d
        4.90182808691748              0.69286665451088            711.58941650390625     -1
kind
     26     
    30600          153139     
       12.25000000000000  
 OBS            146
       8.39743439400718
       5.83337630408247
       1.00000000000000
 145 147 -1
obdef
loc3d
        4.92199514385413              0.69211089395115            185.84292602539060     -1
kind
     26     
    30600          153139     
       12.25000000000000  
 OBS            147
       2.98905999071806
       2.58283162860292
       1.00000000000000
 146 148 -1
obdef
loc3d
        4.91709198426003              0.69266703903771            205.88345336914060     -1
kind
     26     
    30600          153139     
       12.25000000000000  
 OBS            148
       6.75613585309277
       5.50356555939834
       1.00000000000000
 147 149 -1
obdef
loc3d
        4.91305125126208              0.69031483822850            320.48217773437500     -1
kind
     26     
    30600          153139     
       12.25000000000000  
 OBS            149
       9.08189255987995
       4.29668137916245
       1.00000000000000
 148 150 -1
obdef
loc3d
        4.90918301095293              0.69233086407935            229.95614624023440     -1
kind
     26     
    30600          153139     
       12.25000000000000  
 OBS            150
       3.91765648748549
       7.35505539905497
       1.00000000000000
 149 151 -1
obdef
loc3d
        4.90002894620424              0.69031812013417            840.25653076171875     -1
kind
     26     
    30600          153139     
       12.25000000000000  
 OBS            151
     285.42510425272917
     286.86429469277499
       1.00000000000000
 150 152 -1
obdef
loc3d
        4.90540352515539              0.69194112440599            606.33142089843750     -1
kind
     27     
    30600          153139     
        6.25000000000000  
 OBS            152
     286.83075547779060
     288.22199504646699
       1.00000000000000
 151 153 -1
obdef
loc3d
        4.94546412681761              0.68348353984884             17.75631332397461     -1
kind
     27     
    30600          153139     
        6.25000000000000  
 OBS            153
     287.72299555579065
     288.55954445906900
       1.00000000000000
 152 154 -1
obdef
loc3d
        4.94660974174000              0.67744857875853             29.35406684875488     -1
kind
     27     
    30600          153139     
        6.25000000000000  
 OBS            154
     289.39182792502157
     287.90834090845800
       1.00000000000000
 153 155 -1
obdef
loc3d
        4.94648126630843              0.68652865419204             54.82812500000000     -1
kind
     27     
    30600          153139     
        6.25000000000000  
 OBS            155
     288.58815875273967
     288.09499454841301
       1.00000000000000
 154 156 -1
obdef
loc3d
        4.94445426011379              0.68507566758975             62.61011505126953     -1
kind
     27     
    30600          153139     
        6.25000000000000  
 OBS            156
     285.48138097185290
     287.60632143767498
       1.00000000000000
 155 157 -1
obdef
loc3d
        4.94602055174578              0.68752162087271            134.15721130371091     -1
kind
     27     
    30600          153139     
        6.25000000000000  
 OBS            157
     290.59884448299727
     289.75486704114502
       1.00000000000000
 156 158 -1
obdef
loc3d
        4.94603912728501              0.67254511985829             35.00297546386719     -1
kind
     27     
    30600          153139     
        6.25000000000000  
 OBS            158
     288.80250524459439
     288.95347198772401
       1.00000000000000
 157 159 -1
obdef
loc3d
        4.95877904994953              0.67986585977255             17.04111671447754     -1
kind
     27     
    30600          153139     
        6.25000000000000  
 OBS            159
     286.00480103451201
     287.12886036520803
       1.00000000000000
 158 160 -1
obdef
loc3d
        4.93958042817759              0.69095160998657            226.13127136230469     -1
kind
     27     
    30600          153139     
        6.25000000000000  
 OBS            160
     287.89445271815163
     287.93172504236799
       1.00000000000000
 159 161 -1
obdef
loc3d
        4.95756313665553              0.69181797222864             89.84997558593750     -1
kind
     27     
    30600          153139     
        6.25000000000000  
 OBS            161
     291.43511370788730
     289.53932814609300
       1.00000000000000
 160 162 -1
obdef
loc3d
        4.94078657111844              0.67409210989409             60.81152343750000     -1
kind
     27     
    30600          153139     
        6.25000000000000  
 OBS            162
     289.81037450309509
     290.22012028521698
       1.00000000000000
 161 163 -1
obdef
loc3d
        4.95557846691255              0.67267262139613              1.00000000000000     -1
kind
     27     
    30600          153139     
        6.25000000000000  
 OBS            163
     287.10072490426467
     287.95240791680197
       1.00000000000000
 162 164 -1
obdef
loc3d
        4.93193348448080              0.68856418981073            106.00000000000000     -1
kind
     27     
    30600          153139     
        6.25000000000000  
 OBS            164
     286.17870096258355
     286.86480144695503
       1.00000000000000
 163 165 -1
obdef
loc3d
        4.89970838141578              0.68765245249877            785.09423828125000     -1
kind
     27     
    30600          153139     
        6.25000000000000  
 OBS            165
     288.43877516138906
     287.81612359324703
       1.00000000000000
 164 166 -1
obdef
loc3d
        4.95026814558372              0.68993059237416             93.11567687988281     -1
kind
     27     
    30600          153139     
        6.25000000000000  
 OBS            166
     286.82963334131824
     288.03936405324600
       1.00000000000000
 165 167 -1
obdef
loc3d
        4.94174512165160              0.68484635226999            116.56585693359381     -1
kind
     27     
    30600          153139     
        6.25000000000000  
 OBS            167
     289.50232768861247
     288.53811120248201
       1.00000000000000
 166 168 -1
obdef
loc3d
        4.95420735021482              0.68473663912788             15.00000000000000     -1
kind
     27     
    30600          153139     
        6.25000000000000  
 OBS            168
     289.19812243417874
     288.00571114465100
       1.00000000000000
 167 169 -1
obdef
loc3d
        4.93477042118681              0.68310638816012            118.89588928222661     -1
kind
     27     
    30600          153139     
        6.25000000000000  
 OBS            169
     287.80663323877820
     288.11643701772800
       1.00000000000000
 168 170 -1
obdef
loc3d
        4.93795631029682              0.68276407673392            144.94107055664060     -1
kind
     27     
    30600          153139     
        6.25000000000000  
 OBS            170
     287.75190250302796
     288.81086983063602
       1.00000000000000
 169 171 -1
obdef
loc3d
        4.94001671685736              0.68064929967652             43.67281723022461     -1
kind
     27     
    30600          153139     
        6.25000000000000  
 OBS            171
     288.89995277521672
     289.06955323650300
       1.00000000000000
 170 172 -1
obdef
loc3d
        4.94058460161740              0.67807181314514             70.17810058593750     -1
kind
     27     
    30600          153139     
        6.25000000000000  
 OBS            172
     289.49494678791382
     289.33016820733502
       1.00000000000000
 171 173 -1
obdef
loc3d
        4.95423295419494              0.68033176843505              3.71636104583740     -1
kind
     27     
    30600          153139     
        6.25000000000000  
 OBS            173
     289.72525939083329
     289.79589776493702
       1.00000000000000
 172 174 -1
obdef
loc3d
        4.94926894458696              0.66642585587446             10.91526031494141     -1
kind
     27     
    30600          153139     
        6.25000000000000  
 OBS            174
     288.43496441306775
     290.53888946969897
       1.00000000000000
 173 175 -1
obdef
loc3d
        4.96223480186848              0.66700036066835              5.00000000000000     -1
kind
     27     
    30600          153139     
        6.25000000000000  
 OBS            175
     288.75562463210753
     289.68157364410303
       1.00000000000000
 174 176 -1
obdef
loc3d
        4.95546148971009              0.67729393735082              6.17724800109863     -1
kind
     27     
    30600          153139     
        6.25000000000000  
 OBS            176
     289.27908326785052
     288.45940913230498
       1.00000000000000
 175 177 -1
obdef
loc3d
        4.92652723985629              0.69051382381431            146.04148864746091     -1
kind
     27     
    30600          153139     
        6.25000000000000  
 OBS            177
     291.11227299794274
     290.09545178308099
       1.00000000000000
 176 178 -1
obdef
loc3d
        4.96366005344362              0.66920346185787              6.00000000000000     -1
kind
     27     
    30600          153139     
        6.25000000000000  
 OBS            178
     289.91217277494349
     289.56355822022499
       1.00000000000000
 177 179 -1
obdef
loc3d
        4.97052949833720              0.66907739847133              8.84140872955322     -1
kind
     27     
    30600          153139     
        6.25000000000000  
 OBS            179
     285.97501219097603
     287.65693625341498
       1.00000000000000
 178 180 -1
obdef
loc3d
        4.93505853489354              0.69035668900909            163.38452148437500     -1
kind
     27     
    30600          153139     
        6.25000000000000  
 OBS            180
     289.93898552517112
     289.66026086332101
       1.00000000000000
 179 181 -1
obdef
loc3d
        4.93979773523841              0.67259214116167             45.00000000000000     -1
kind
     27     
    30600          153139     
        6.25000000000000  
 OBS            181
     287.28206604255831
     287.60685978973601
       1.00000000000000
 180 182 -1
obdef
loc3d
        4.92901815402419              0.68818595396932            126.56063842773440     -1
kind
     27     
    30600          153139     
        6.25000000000000  
 OBS            182
     287.18872171552948
     286.71048500109202
       1.00000000000000
 181 183 -1
obdef
loc3d
        4.92864050752959              0.68988490592333            360.09008789062500     -1
kind
     27     
    30600          153139     
        6.25000000000000  
 OBS            183
     284.50031638071908
     287.22287088443898
       1.00000000000000
 182 184 -1
obdef
loc3d
        4.94071794293451              0.68880476183725            173.77728271484381     -1
kind
     27     
    30600          153139     
        6.25000000000000  
 OBS            184
     290.57261556585530
     289.05566954372699
       1.00000000000000
 183 185 -1
obdef
loc3d
        4.94475069255349              0.67936922784321             17.10044860839844     -1
kind
     27     
    30600          153139     
        6.25000000000000  
 OBS            185
     286.39842608120637
     286.99488547923198
       1.00000000000000
 184 186 -1
obdef
loc3d
        4.93040524362615              0.68956958577383            472.38653564453119     -1
kind
     27     
    30600          153139     
        6.25000000000000  
 OBS            186
     286.46732387108432
     287.74729242985597
       1.00000000000000
 185 187 -1
obdef
loc3d
        4.93438788521233              0.68743777381223            157.39462280273440     -1
kind
     27     
    30600          153139     
        6.25000000000000  
 OBS            187
     284.89031248884686
     286.80311400070701
       1.00000000000000
 186 188 -1
obdef
loc3d
        4.93003537520636              0.69083454089469            382.75677490234381     -1
kind
     27     
    30600          153139     
        6.25000000000000  
 OBS            188
     287.77294388868535
     287.51060196770601
       1.00000000000000
 187 189 -1
obdef
loc3d
        4.94262489165251              0.68702513034102            130.29710388183591     -1
kind
     27     
    30600          153139     
        6.25000000000000  
 OBS            189
     287.55599006086101
     287.70510892569303
       1.00000000000000
 188 190 -1
obdef
loc3d
        4.93100113789334              0.68653549583784             94.66114807128906     -1
kind
     27     
    30600          153139     
        6.25000000000000  
 OBS            190
     288.23223305911080
     289.42659297669297
       1.00000000000000
 189 191 -1
obdef
loc3d
        4.94000002935902              0.67612888350011             59.69976806640625     -1
kind
     27     
    30600          153139     
        6.25000000000000  
 OBS            191
     288.48380960568431
     286.83205445222598
       1.00000000000000
 190 192 -1
obdef
loc3d
        4.94231604692662              0.69077376274482            190.83442687988281     -1
kind
     27     
    30600          153139     
        6.25000000000000  
 OBS            192
     289.16227388890070
     287.94705761405800
       1.00000000000000
 191 193 -1
obdef
loc3d
        4.93554247635603              0.69268257167582            131.09960937500000     -1
kind
     27     
    30600          153139     
        6.25000000000000  
 OBS            193
     288.42292062325720
     288.21348275828200
       1.00000000000000
 192 194 -1
obdef
loc3d
        4.94069913477896              0.68279864123905            131.77731323242190     -1
kind
     27     
    30600          153139     
        6.25000000000000  
 OBS            194
     289.13303234580030
     289.42594121978902
       1.00000000000000
 193 195 -1
obdef
loc3d
        4.94367854378329              0.67420565331297             56.55799865722656     -1
kind
     27     
    30600          153139     
        6.25000000000000  
 OBS            195
     289.54817144440642
     289.54791522892100
       1.00000000000000
 194 196 -1
obdef
loc3d
        4.93814984943932              0.67457436016830             39.55386734008789     -1
kind
     27     
    30600          153139     
        6.25000000000000  
 OBS            196
     290.21001899574992
     288.78144477852697
       1.00000000000000
 195 197 -1
obdef
loc3d
        4.94253566982520              0.68065092526894             48.56933593750000     -1
kind
     27     
    30600          153139     
        6.25000000000000  
 OBS            197
     288.88991342591601
     288.78865343761498
       1.00000000000000
 196 198 -1
obdef
loc3d
        4.93593154408741              0.68080949477360             85.35743713378906     -1
kind
     27     
    30600          153139     
        6.25000000000000  
 OBS            198
     286.82048631928222
     287.08460394154702
       1.00000000000000
 197 199 -1
obdef
loc3d
        4.94758068519446              0.69282395273635            179.51908874511719     -1
kind
     27     
    30600          153139     
        6.25000000000000  
 OBS            199
     289.95419548377981
     290.02007998285598
       1.00000000000000
 198 200 -1
obdef
loc3d
        4.93541634697774              0.67261831698898             21.54207611083984     -1
kind
     27     
    30600          153139     
        6.25000000000000  
 OBS            200
     289.60585166140902
     287.93234514928702
       1.00000000000000
 199 201 -1
obdef
loc3d
        4.93342752395137              0.68533697059699            120.48287200927730     -1
kind
     27     
    30600          153139     
        6.25000000000000  
 OBS            201
     288.86947301871021
     288.21693097842098
       1.00000000000000
 200 202 -1
obdef
loc3d
        4.92811551620144              0.69141391763145            189.00242614746091     -1
kind
     27     
    30600          153139     
        6.25000000000000  
 OBS            202
     290.73585127561267
     289.33944998274501
       1.00000000000000
 201 203 -1
obdef
loc3d
        4.94328780634786              0.67761918906629             21.61136627197266     -1
kind
     27     
    30600          153139     
        6.25000000000000  
 OBS            203
     288.28964715829051
     287.27350472394397
       1.00000000000000
 202 204 -1
obdef
loc3d
        4.93617130041664              0.68578341426755            199.41349792480469     -1
kind
     27     
    30600          153139     
        6.25000000000000  
 OBS            204
     288.85628172502066
     288.60431145611602
       1.00000000000000
 203 205 -1
obdef
loc3d
        4.94488890698391              0.68151038983677             42.34177017211914     -1
kind
     27     
    30600          153139     
        6.25000000000000  
 OBS            205
     289.91050348795767
     289.35780425745202
       1.00000000000000
 204 206 -1
obdef
loc3d
        4.94610769319308              0.67540343249948             44.88281250000000     -1
kind
     27     
    30600          153139     
        6.25000000000000  
 OBS            206
     284.24205398866280
     285.75130393556998
       1.00000000000000
 205 207 -1
obdef
loc3d
        4.93098289428918              0.69278368564599            411.59194946289062     -1
kind
     27     
    30600          153139     
        6.25000000000000  
 OBS            207
     287.60513649183542
     289.58659930926200
       1.00000000000000
 206 208 -1
obdef
loc3d
        4.93746284305807              0.67295620864423             44.45593643188477     -1
kind
     27     
    30600          153139     
        6.25000000000000  
 OBS            208
     288.02169418693023
     287.11643843073603
       1.00000000000000
 207 209 -1
obdef
loc3d
        4.93742549337872              0.68866580079864            241.84100341796881     -1
kind
     27     
    30600          153139     
        6.25000000000000  
 OBS            209
     289.43534257524880
     290.06482570879001
       1.00000000000000
 208 210 -1
obdef
loc3d
        4.94310367286119              0.67063823067780             37.30942153930664     -1
kind
     27     
    30600          153139     
        6.25000000000000  
 OBS            210
     289.03098261866302
     286.84958968281802
       1.00000000000000
 209 211 -1
obdef
loc3d
        4.94312354358950              0.69286317278749            201.84664916992190     -1
kind
     27     
    30600          153139     
        6.25000000000000  
 OBS            211
     288.17349789195225
     287.78673027722601
       1.00000000000000
 210 212 -1
obdef
loc3d
        4.93202293942753              0.69056809921756            124.38476562500000     -1
kind
     27     
    30600          153139     
        6.25000000000000  
 OBS            212
     286.26830219786024
     287.50280590183598
       1.00000000000000
 211 213 -1
obdef
loc3d
        4.93852899085493              0.69282303339671            210.85327148437500     -1
kind
     27     
    30600          153139     
        6.25000000000000  
 OBS            213
     287.93367002703411
     287.41308661403798
       1.00000000000000
 212 214 -1
obdef
loc3d
        4.93925110381924              0.68654477021234            169.40324401855469     -1
kind
     27     
    30600          153139     
        6.25000000000000  
 OBS            214
     286.73329546664314
     287.75030291771799
       1.00000000000000
 213 215 -1
obdef
loc3d
        4.94561300163474              0.69021407942450            101.67103576660161     -1
kind
     27     
    30600          153139     
        6.25000000000000  
 OBS            215
     291.21522225804227
     290.17964940001201
       1.00000000000000
 214 216 -1
obdef
loc3d
        4.94677761419795              0.66921213830349             30.00000000000000     -1
kind
     27     
    30600          153139     
        6.25000000000000  
 OBS            216
     288.82881554778101
     287.82830732473900
       1.00000000000000
 215 217 -1
obdef
loc3d
        4.91464000802058              0.69220313236118            256.98049926757812     -1
kind
     27     
    30600          153139     
        6.25000000000000  
 OBS            217
     288.26040197945002
     288.52137251504797
       1.00000000000000
 216 218 -1
obdef
loc3d
        4.91222840493483              0.69213090540308            311.66015625000000     -1
kind
     27     
    30600          153139     
        6.25000000000000  
 OBS            218
     286.46382601183819
     286.22633999174400
       1.00000000000000
 217 219 -1
obdef
loc3d
        4.90319820253832              0.69077085029214            558.21520996093750     -1
kind
     27     
    30600          153139     
        6.25000000000000  
 OBS            219
     286.07191037531248
     286.54996200092103
       1.00000000000000
 218 220 -1
obdef
loc3d
        4.90548367400941              0.68961427180382            340.45385742187500     -1
kind
     27     
    30600          153139     
        6.25000000000000  
 OBS            220
     287.18356259705257
     287.27865131488801
       1.00000000000000
 219 221 -1
obdef
loc3d
        4.90182808691748              0.69286665451088            711.58941650390625     -1
kind
     27     
    30600          153139     
        6.25000000000000  
 OBS            221
     285.78196590328935
     287.89307679791699
       1.00000000000000
 220 222 -1
obdef
loc3d
        4.92199514385413              0.69211089395115            185.84292602539060     -1
kind
     27     
    30600          153139     
        6.25000000000000  
 OBS            222
     288.75288798639053
     287.52366302717297
       1.00000000000000
 221 223 -1
obdef
loc3d
        4.91709198426003              0.69266703903771            205.88345336914060     -1
kind
     27     
    30600          153139     
        6.25000000000000  
 OBS            223
     287.95735031554182
     288.12376470444701
       1.00000000000000
 222 224 -1
obdef
loc3d
        4.91305125126208              0.69031483822850            320.48217773437500     -1
kind
     27     
    30600          153139     
        6.25000000000000  
 OBS            224
     289.32749654492375
     288.71857988489501
       1.00000000000000
 223 225 -1
obdef
loc3d
        4.90918301095293              0.69233086407935            229.95614624023440     -1
kind
     27     
    30600          153139     
        6.25000000000000  
 OBS            225
     286.50137694282080
     286.98400713881603
       1.00000000000000
 224 -1 -1
obdef
loc3d
        4.90002894620424              0.69031812013417            840.25653076171875     -1
kind
     27     
    30600          153139     
        6.25000000000000  
