 obs_sequence
obs_kind_definitions
       3
    25          LAND_SFC_U_WIND_COMPONENT   
    26          LAND_SFC_V_WIND_COMPONENT   
    27          LAND_SFC_TEMPERATURE   
  num_copies:            2  num_qc:            1
 num_obs:       225  max_num_obs:       225
observations
truth
QC radar
  first:            1  last:       225
 OBS            1
      12.27542192213274
      12.20239545487530
       1.00000000000000
 -1 2 -1
obdef
loc3d
        4.90540352515539              0.69194112440599            606.33142089843750     -1
kind
     25     
    74700          153139     
       12.25000000000000  
 OBS            2
       8.23375404871811
       6.93903314636965
       1.00000000000000
 1 3 -1
obdef
loc3d
        4.94546412681761              0.68348353984884             17.75631332397461     -1
kind
     25     
    74700          153139     
       12.25000000000000  
 OBS            3
       5.85468511711930
       6.18708427506988
       1.00000000000000
 2 4 -1
obdef
loc3d
        4.94660974174000              0.67744857875853             29.35406684875488     -1
kind
     25     
    74700          153139     
       12.25000000000000  
 OBS            4
       6.52099655804485
       7.69147697931450
       1.00000000000000
 3 5 -1
obdef
loc3d
        4.94648126630843              0.68652865419204             54.82812500000000     -1
kind
     25     
    74700          153139     
       12.25000000000000  
 OBS            5
       8.35426902991739
       8.04056529904256
       1.00000000000000
 4 6 -1
obdef
loc3d
        4.94445426011379              0.68507566758975             62.61011505126953     -1
kind
     25     
    74700          153139     
       12.25000000000000  
 OBS            6
       7.75241915599341
       8.86921988843603
       1.00000000000000
 5 7 -1
obdef
loc3d
        4.94602055174578              0.68752162087271            134.15721130371091     -1
kind
     25     
    74700          153139     
       12.25000000000000  
 OBS            7
       3.31128018977945
       6.16281137915863
       1.00000000000000
 6 8 -1
obdef
loc3d
        4.94603912728501              0.67254511985829             35.00297546386719     -1
kind
     25     
    74700          153139     
       12.25000000000000  
 OBS            8
       4.36414256478257
       5.76890745636365
       1.00000000000000
 7 9 -1
obdef
loc3d
        4.95877904994953              0.67986585977255             17.04111671447754     -1
kind
     25     
    74700          153139     
       12.25000000000000  
 OBS            9
      12.45272429365046
       8.69339071653079
       1.00000000000000
 8 10 -1
obdef
loc3d
        4.93958042817759              0.69095160998657            226.13127136230469     -1
kind
     25     
    74700          153139     
       12.25000000000000  
 OBS            10
       5.91789261202791
       9.49729532600056
       1.00000000000000
 9 11 -1
obdef
loc3d
        4.95756313665553              0.69181797222864             89.84997558593750     -1
kind
     25     
    74700          153139     
       12.25000000000000  
 OBS            11
       7.40429473440088
       5.68906419939828
       1.00000000000000
 10 12 -1
obdef
loc3d
        4.94078657111844              0.67409210989409             60.81152343750000     -1
kind
     25     
    74700          153139     
       12.25000000000000  
 OBS            12
       6.64673445414498
       6.59813517833609
       1.00000000000000
 11 13 -1
obdef
loc3d
        4.95557846691255              0.67267262139613              1.00000000000000     -1
kind
     25     
    74700          153139     
       12.25000000000000  
 OBS            13
       7.92007389274236
       9.79493229429970
       1.00000000000000
 12 14 -1
obdef
loc3d
        4.93193348448080              0.68856418981073            106.00000000000000     -1
kind
     25     
    74700          153139     
       12.25000000000000  
 OBS            14
      10.76724123314445
      11.66656083812460
       1.00000000000000
 13 15 -1
obdef
loc3d
        4.89970838141578              0.68765245249877            785.09423828125000     -1
kind
     25     
    74700          153139     
       12.25000000000000  
 OBS            15
       8.09458419253360
       8.18295946311141
       1.00000000000000
 14 16 -1
obdef
loc3d
        4.95026814558372              0.68993059237416             93.11567687988281     -1
kind
     25     
    74700          153139     
       12.25000000000000  
 OBS            16
      12.09650598728213
       9.57606997316496
       1.00000000000000
 15 17 -1
obdef
loc3d
        4.94174512165160              0.68484635226999            116.56585693359381     -1
kind
     25     
    74700          153139     
       12.25000000000000  
 OBS            17
       3.05371476894708
       9.01784204892966
       1.00000000000000
 16 18 -1
obdef
loc3d
        4.95420735021482              0.68473663912788             15.00000000000000     -1
kind
     25     
    74700          153139     
       12.25000000000000  
 OBS            18
       6.91026725060796
       5.31642263651994
       1.00000000000000
 17 19 -1
obdef
loc3d
        4.93477042118681              0.68310638816012            118.89588928222661     -1
kind
     25     
    74700          153139     
       12.25000000000000  
 OBS            19
       7.22860758326435
       7.39878153520867
       1.00000000000000
 18 20 -1
obdef
loc3d
        4.93795631029682              0.68276407673392            144.94107055664060     -1
kind
     25     
    74700          153139     
       12.25000000000000  
 OBS            20
       8.88534147349577
       7.29927223526923
       1.00000000000000
 19 21 -1
obdef
loc3d
        4.94001671685736              0.68064929967652             43.67281723022461     -1
kind
     25     
    74700          153139     
       12.25000000000000  
 OBS            21
       9.97742515053608
       9.10245223072427
       1.00000000000000
 20 22 -1
obdef
loc3d
        4.94058460161740              0.67807181314514             70.17810058593750     -1
kind
     25     
    74700          153139     
       12.25000000000000  
 OBS            22
       9.65330370723096
       7.22203028412322
       1.00000000000000
 21 23 -1
obdef
loc3d
        4.95423295419494              0.68033176843505              3.71636104583740     -1
kind
     25     
    74700          153139     
       12.25000000000000  
 OBS            23
       5.47461281756938
       5.00820374084673
       1.00000000000000
 22 24 -1
obdef
loc3d
        4.94926894458696              0.66642585587446             10.91526031494141     -1
kind
     25     
    74700          153139     
       12.25000000000000  
 OBS            24
       8.61865825313029
       6.29715042649500
       1.00000000000000
 23 25 -1
obdef
loc3d
        4.96223480186848              0.66700036066835              5.00000000000000     -1
kind
     25     
    74700          153139     
       12.25000000000000  
 OBS            25
      12.06049620128919
       8.52728716432268
       1.00000000000000
 24 26 -1
obdef
loc3d
        4.95546148971009              0.67729393735082              6.17724800109863     -1
kind
     25     
    74700          153139     
       12.25000000000000  
 OBS            26
       7.54025178661679
       8.24619404503510
       1.00000000000000
 25 27 -1
obdef
loc3d
        4.92652723985629              0.69051382381431            146.04148864746091     -1
kind
     25     
    74700          153139     
       12.25000000000000  
 OBS            27
       6.82032367239860
       5.23722545205183
       1.00000000000000
 26 28 -1
obdef
loc3d
        4.96366005344362              0.66920346185787              6.00000000000000     -1
kind
     25     
    74700          153139     
       12.25000000000000  
 OBS            28
       3.58416387080609
       3.90594824971867
       1.00000000000000
 27 29 -1
obdef
loc3d
        4.97052949833720              0.66907739847133              8.84140872955322     -1
kind
     25     
    74700          153139     
       12.25000000000000  
 OBS            29
       3.07915985232909
       4.67408695857886
       1.00000000000000
 28 30 -1
obdef
loc3d
        4.95272465676814              0.69285338512106             17.57446289062500     -1
kind
     25     
    74700          153139     
       12.25000000000000  
 OBS            30
       7.72071802248242
       8.95146263657950
       1.00000000000000
 29 31 -1
obdef
loc3d
        4.94895487610473              0.69270373762026            144.09075927734381     -1
kind
     25     
    74700          153139     
       12.25000000000000  
 OBS            31
      12.94693477048978
       9.97317702827795
       1.00000000000000
 30 32 -1
obdef
loc3d
        4.94293085461737              0.69053117803871            168.92642211914060     -1
kind
     25     
    74700          153139     
       12.25000000000000  
 OBS            32
       0.98151285813605
       6.57753676827005
       1.00000000000000
 31 33 -1
obdef
loc3d
        4.93556788041953              0.67027828664670             15.00000000000000     -1
kind
     25     
    74700          153139     
       12.25000000000000  
 OBS            33
       7.89015579404079
       6.63008422020013
       1.00000000000000
 32 34 -1
obdef
loc3d
        4.94611628544174              0.67496858055017             35.03607940673828     -1
kind
     25     
    74700          153139     
       12.25000000000000  
 OBS            34
       7.43774894873274
       9.08995500089211
       1.00000000000000
 33 35 -1
obdef
loc3d
        4.94304709522229              0.67138694960003             45.00000000000000     -1
kind
     25     
    74700          153139     
       12.25000000000000  
 OBS            35
       5.35726885659881
       6.09149992071253
       1.00000000000000
 34 36 -1
obdef
loc3d
        4.94323627307922              0.67609935421143             50.91764831542969     -1
kind
     25     
    74700          153139     
       12.25000000000000  
 OBS            36
       9.28309658668942
       6.98847480176846
       1.00000000000000
 35 37 -1
obdef
loc3d
        4.94382880471830              0.67878617658979             35.27229690551758     -1
kind
     25     
    74700          153139     
       12.25000000000000  
 OBS            37
       9.28913621009520
       7.99655787295908
       1.00000000000000
 36 38 -1
obdef
loc3d
        4.94220707390035              0.68781081917460            173.94366455078119     -1
kind
     25     
    74700          153139     
       12.25000000000000  
 OBS            38
       9.92547630706362
       8.94629572497147
       1.00000000000000
 37 39 -1
obdef
loc3d
        4.92755542120837              0.68675243746254            174.61849975585940     -1
kind
     25     
    74700          153139     
       12.25000000000000  
 OBS            39
      15.17797027899121
       8.88676350372320
       1.00000000000000
 38 40 -1
obdef
loc3d
        4.93770287749180              0.68559892863867            149.84144592285159     -1
kind
     25     
    74700          153139     
       12.25000000000000  
 OBS            40
       5.05047237160439
       8.95521384926792
       1.00000000000000
 39 41 -1
obdef
loc3d
        4.92848130899840              0.69282991767383            196.64169311523440     -1
kind
     25     
    74700          153139     
       12.25000000000000  
 OBS            41
       7.89977144667626
       8.01433501534520
       1.00000000000000
 40 42 -1
obdef
loc3d
        4.94329123891126              0.66857696973652             21.80461120605469     -1
kind
     25     
    74700          153139     
       12.25000000000000  
 OBS            42
       9.30033933359133
       7.24055833238098
       1.00000000000000
 41 43 -1
obdef
loc3d
        4.93215285315783              0.69272179551745            405.54205322265619     -1
kind
     25     
    74700          153139     
       12.25000000000000  
 OBS            43
       6.27774581724852
       7.98984734374418
       1.00000000000000
 42 44 -1
obdef
loc3d
        4.93085954966869              0.68304429171430             90.32812500000000     -1
kind
     25     
    74700          153139     
       12.25000000000000  
 OBS            44
       8.29513315514389
       4.65691196374248
       1.00000000000000
 43 45 -1
obdef
loc3d
        4.93705662369825              0.67280917017713             44.45593643188477     -1
kind
     25     
    74700          153139     
       12.25000000000000  
 OBS            45
      13.02569555464392
       7.28326539134485
       1.00000000000000
 44 46 -1
obdef
loc3d
        4.94512604639754              0.69281773274108            184.54177856445310     -1
kind
     25     
    74700          153139     
       12.25000000000000  
 OBS            46
       6.49609913137574
       9.29851192006416
       1.00000000000000
 45 47 -1
obdef
loc3d
        4.94897278262263              0.68784055253573             58.60614395141602     -1
kind
     25     
    74700          153139     
       12.25000000000000  
 OBS            47
       9.50268410037999
       6.70552481646505
       1.00000000000000
 46 48 -1
obdef
loc3d
        4.94602769361993              0.68071046350214             21.00896453857422     -1
kind
     25     
    74700          153139     
       12.25000000000000  
 OBS            48
      10.13039716373038
       8.18658605325631
       1.00000000000000
 47 49 -1
obdef
loc3d
        4.93975094338173              0.67132086947702             44.21312713623047     -1
kind
     25     
    74700          153139     
       12.25000000000000  
 OBS            49
       7.92078747275759
      10.02075064206040
       1.00000000000000
 48 50 -1
obdef
loc3d
        4.93608481943111              0.69281990441712            165.01060485839841     -1
kind
     25     
    74700          153139     
       12.25000000000000  
 OBS            50
      12.41601096767547
       6.53840007491033
       1.00000000000000
 49 51 -1
obdef
loc3d
        4.92159319416735              0.69282443720594            292.33944702148438     -1
kind
     25     
    74700          153139     
       12.25000000000000  
 OBS            51
       9.21629077460723
      10.42507430752510
       1.00000000000000
 50 52 -1
obdef
loc3d
        4.93873881518950              0.68829597049600            229.64634704589841     -1
kind
     25     
    74700          153139     
       12.25000000000000  
 OBS            52
       4.71355793619228
       8.35134128306141
       1.00000000000000
 51 53 -1
obdef
loc3d
        4.93527083413009              0.68767784768684            170.73742675781250     -1
kind
     25     
    74700          153139     
       12.25000000000000  
 OBS            53
       7.36197844920728
       9.19645968749183
       1.00000000000000
 52 54 -1
obdef
loc3d
        4.94662113618514              0.69029960200592            170.37097167968750     -1
kind
     25     
    74700          153139     
       12.25000000000000  
 OBS            54
       5.36845305323736
       7.31277282725967
       1.00000000000000
 53 55 -1
obdef
loc3d
        4.93429249379945              0.69052021135789            149.81713867187500     -1
kind
     25     
    74700          153139     
       12.25000000000000  
 OBS            55
       7.01665229811361
       7.02689888810839
       1.00000000000000
 54 56 -1
obdef
loc3d
        4.93269049343414              0.68556567101287            183.19726562500000     -1
kind
     25     
    74700          153139     
       12.25000000000000  
 OBS            56
       8.12932560728547
       7.00460380239575
       1.00000000000000
 55 57 -1
obdef
loc3d
        4.96102089029673              0.67774516842699             17.24609375000000     -1
kind
     25     
    74700          153139     
       12.25000000000000  
 OBS            57
      10.98511494178385
       9.78495448419900
       1.00000000000000
 56 58 -1
obdef
loc3d
        4.95766343385975              0.68587140474105             17.20619201660156     -1
kind
     25     
    74700          153139     
       12.25000000000000  
 OBS            58
       3.38624402122162
       2.45115722504124
       1.00000000000000
 57 59 -1
obdef
loc3d
        4.96848382491262              0.66600327539335              8.93466186523438     -1
kind
     25     
    74700          153139     
       12.25000000000000  
 OBS            59
      11.08015047571067
       7.51489109332937
       1.00000000000000
 58 60 -1
obdef
loc3d
        4.95841046678131              0.68356976794003             15.00000000000000     -1
kind
     25     
    74700          153139     
       12.25000000000000  
 OBS            60
       9.83969560317196
       4.16553098413384
       1.00000000000000
 59 61 -1
obdef
loc3d
        4.95968425198686              0.67283122878530              9.91464328765869     -1
kind
     25     
    74700          153139     
       12.25000000000000  
 OBS            61
       8.27936927106041
       6.15190335072685
       1.00000000000000
 60 62 -1
obdef
loc3d
        4.95850938370535              0.67569847985950              9.09960937500000     -1
kind
     25     
    74700          153139     
       12.25000000000000  
 OBS            62
       5.49714448609387
       6.04375904553341
       1.00000000000000
 61 63 -1
obdef
loc3d
        4.96062039600501              0.68186605212913             14.00000000000000     -1
kind
     25     
    74700          153139     
       12.25000000000000  
 OBS            63
       6.46985681228580
       7.10855740821546
       1.00000000000000
 62 64 -1
obdef
loc3d
        4.96044430349621              0.68522255501691             15.00000000000000     -1
kind
     25     
    74700          153139     
       12.25000000000000  
 OBS            64
       7.54933913301810
       6.70149411304870
       1.00000000000000
 63 65 -1
obdef
loc3d
        4.95666979050607              0.68165969365477             15.07347202301025     -1
kind
     25     
    74700          153139     
       12.25000000000000  
 OBS            65
       7.36596756361117
       5.82809470824711
       1.00000000000000
 64 66 -1
obdef
loc3d
        4.96483712939352              0.66390373451953              6.00000000000000     -1
kind
     25     
    74700          153139     
       12.25000000000000  
 OBS            66
       4.44906817536923
       5.17789284763094
       1.00000000000000
 65 67 -1
obdef
loc3d
        4.96717335385836              0.67072562238302             13.76562500000000     -1
kind
     25     
    74700          153139     
       12.25000000000000  
 OBS            67
       0.26564229760079
       8.03519266301267
       1.00000000000000
 66 68 -1
obdef
loc3d
        4.96004611966382              0.68820120365869             15.00000000000000     -1
kind
     25     
    74700          153139     
       12.25000000000000  
 OBS            68
       7.05252282681975
       7.54549653225151
       1.00000000000000
 67 69 -1
obdef
loc3d
        4.95406364445895              0.69009645468583             54.42578125000000     -1
kind
     25     
    74700          153139     
       12.25000000000000  
 OBS            69
       8.34887240126541
       6.59014526071100
       1.00000000000000
 68 70 -1
obdef
loc3d
        4.95508230192316              0.68705689194968              9.08530712127686     -1
kind
     25     
    74700          153139     
       12.25000000000000  
 OBS            70
      11.86495092845475
       8.79749536775304
       1.00000000000000
 69 71 -1
obdef
loc3d
        4.89647559039613              0.68497595921932            824.84875488281250     -1
kind
     25     
    74700          153139     
       12.25000000000000  
 OBS            71
       7.49911677530492
       9.15870759194740
       1.00000000000000
 70 72 -1
obdef
loc3d
        4.89667428721977              0.69273770557989            574.37286376953125     -1
kind
     25     
    74700          153139     
       12.25000000000000  
 OBS            72
      10.85771471629121
       8.48392339308854
       1.00000000000000
 71 73 -1
obdef
loc3d
        4.91583459977084              0.69278424988043            233.68589782714841     -1
kind
     25     
    74700          153139     
       12.25000000000000  
 OBS            73
      13.78554373969824
      12.43752578611070
       1.00000000000000
 72 74 -1
obdef
loc3d
        4.90300762067971              0.68954390300676            525.03326416015625     -1
kind
     25     
    74700          153139     
       12.25000000000000  
 OBS            74
      17.99739007505788
      15.06552171937480
       1.00000000000000
 73 75 -1
obdef
loc3d
        4.90168560310748              0.69286223560483            711.58941650390625     -1
kind
     25     
    74700          153139     
       12.25000000000000  
 OBS            75
       6.79507450119063
       7.95121674201697
       1.00000000000000
 74 76 -1
obdef
loc3d
        4.91091515139416              0.69052501454351            199.70848083496091     -1
kind
     25     
    74700          153139     
       12.25000000000000  
 OBS            76
       5.78646713762253
       0.68253241869796
       1.00000000000000
 75 77 -1
obdef
loc3d
        4.90540352515539              0.69194112440599            606.33142089843750     -1
kind
     26     
    74700          153139     
       12.25000000000000  
 OBS            77
      -5.64877681912628
      -0.39933513790983
       1.00000000000000
 76 78 -1
obdef
loc3d
        4.94546412681761              0.68348353984884             17.75631332397461     -1
kind
     26     
    74700          153139     
       12.25000000000000  
 OBS            78
      -0.97409604499859
       0.44788641319551
       1.00000000000000
 77 79 -1
obdef
loc3d
        4.94660974174000              0.67744857875853             29.35406684875488     -1
kind
     26     
    74700          153139     
       12.25000000000000  
 OBS            79
      -7.04196242887747
       0.29042332834162
       1.00000000000000
 78 80 -1
obdef
loc3d
        4.94648126630843              0.68652865419204             54.82812500000000     -1
kind
     26     
    74700          153139     
       12.25000000000000  
 OBS            80
       3.08229925650933
      -0.42871596424272
       1.00000000000000
 79 81 -1
obdef
loc3d
        4.94445426011379              0.68507566758975             62.61011505126953     -1
kind
     26     
    74700          153139     
       12.25000000000000  
 OBS            81
       4.89571581334789
       0.24704890297059
       1.00000000000000
 80 82 -1
obdef
loc3d
        4.94602055174578              0.68752162087271            134.15721130371091     -1
kind
     26     
    74700          153139     
       12.25000000000000  
 OBS            82
       3.24412738601383
       4.03115495111443
       1.00000000000000
 81 83 -1
obdef
loc3d
        4.94603912728501              0.67254511985829             35.00297546386719     -1
kind
     26     
    74700          153139     
       12.25000000000000  
 OBS            83
       0.28468744076838
       2.75851257754699
       1.00000000000000
 82 84 -1
obdef
loc3d
        4.95877904994953              0.67986585977255             17.04111671447754     -1
kind
     26     
    74700          153139     
       12.25000000000000  
 OBS            84
      -2.21460987277929
       0.85032397066939
       1.00000000000000
 83 85 -1
obdef
loc3d
        4.93958042817759              0.69095160998657            226.13127136230469     -1
kind
     26     
    74700          153139     
       12.25000000000000  
 OBS            85
       9.19249119619645
       1.16695714593137
       1.00000000000000
 84 86 -1
obdef
loc3d
        4.95756313665553              0.69181797222864             89.84997558593750     -1
kind
     26     
    74700          153139     
       12.25000000000000  
 OBS            86
      -1.86070399610128
       0.45074389907514
       1.00000000000000
 85 87 -1
obdef
loc3d
        4.94078657111844              0.67409210989409             60.81152343750000     -1
kind
     26     
    74700          153139     
       12.25000000000000  
 OBS            87
       9.33568255344014
       3.51199412973672
       1.00000000000000
 86 88 -1
obdef
loc3d
        4.95557846691255              0.67267262139613              1.00000000000000     -1
kind
     26     
    74700          153139     
       12.25000000000000  
 OBS            88
      -1.10377859754708
       1.49396842119637
       1.00000000000000
 87 89 -1
obdef
loc3d
        4.93193348448080              0.68856418981073            106.00000000000000     -1
kind
     26     
    74700          153139     
       12.25000000000000  
 OBS            89
       1.20137676154321
      -0.30069086308090
       1.00000000000000
 88 90 -1
obdef
loc3d
        4.89970838141578              0.68765245249877            785.09423828125000     -1
kind
     26     
    74700          153139     
       12.25000000000000  
 OBS            90
       1.44105822761027
       0.70618444917735
       1.00000000000000
 89 91 -1
obdef
loc3d
        4.95026814558372              0.68993059237416             93.11567687988281     -1
kind
     26     
    74700          153139     
       12.25000000000000  
 OBS            91
      -3.10863667227162
      -0.59307965982584
       1.00000000000000
 90 92 -1
obdef
loc3d
        4.94174512165160              0.68484635226999            116.56585693359381     -1
kind
     26     
    74700          153139     
       12.25000000000000  
 OBS            92
      -1.48535759917479
      -1.00145710976298
       1.00000000000000
 91 93 -1
obdef
loc3d
        4.95420735021482              0.68473663912788             15.00000000000000     -1
kind
     26     
    74700          153139     
       12.25000000000000  
 OBS            93
       0.75398297144228
      -0.53468057372153
       1.00000000000000
 92 94 -1
obdef
loc3d
        4.93477042118681              0.68310638816012            118.89588928222661     -1
kind
     26     
    74700          153139     
       12.25000000000000  
 OBS            94
      -4.22497642483420
      -0.90986572258954
       1.00000000000000
 93 95 -1
obdef
loc3d
        4.93795631029682              0.68276407673392            144.94107055664060     -1
kind
     26     
    74700          153139     
       12.25000000000000  
 OBS            95
       2.73778993714700
       1.40265692675845
       1.00000000000000
 94 96 -1
obdef
loc3d
        4.94001671685736              0.68064929967652             43.67281723022461     -1
kind
     26     
    74700          153139     
       12.25000000000000  
 OBS            96
       1.38646040995241
      -0.66928336072341
       1.00000000000000
 95 97 -1
obdef
loc3d
        4.94058460161740              0.67807181314514             70.17810058593750     -1
kind
     26     
    74700          153139     
       12.25000000000000  
 OBS            97
       0.07342911556367
       1.28994506212932
       1.00000000000000
 96 98 -1
obdef
loc3d
        4.95423295419494              0.68033176843505              3.71636104583740     -1
kind
     26     
    74700          153139     
       12.25000000000000  
 OBS            98
      -0.79042534737380
       3.13604205378601
       1.00000000000000
 97 99 -1
obdef
loc3d
        4.94926894458696              0.66642585587446             10.91526031494141     -1
kind
     26     
    74700          153139     
       12.25000000000000  
 OBS            99
       7.19208870961192
       5.38426657839066
       1.00000000000000
 98 100 -1
obdef
loc3d
        4.96223480186848              0.66700036066835              5.00000000000000     -1
kind
     26     
    74700          153139     
       12.25000000000000  
 OBS            100
       2.00068274977899
       4.26124430944296
       1.00000000000000
 99 101 -1
obdef
loc3d
        4.95546148971009              0.67729393735082              6.17724800109863     -1
kind
     26     
    74700          153139     
       12.25000000000000  
 OBS            101
      -3.74529279522448
       0.64121550748857
       1.00000000000000
 100 102 -1
obdef
loc3d
        4.92652723985629              0.69051382381431            146.04148864746091     -1
kind
     26     
    74700          153139     
       12.25000000000000  
 OBS            102
       7.19726435151086
       3.72323361373093
       1.00000000000000
 101 103 -1
obdef
loc3d
        4.96366005344362              0.66920346185787              6.00000000000000     -1
kind
     26     
    74700          153139     
       12.25000000000000  
 OBS            103
      10.21047078255878
       7.94069610810238
       1.00000000000000
 102 104 -1
obdef
loc3d
        4.97052949833720              0.66907739847133              8.84140872955322     -1
kind
     26     
    74700          153139     
       12.25000000000000  
 OBS            104
       2.09950616592338
       0.50888178682349
       1.00000000000000
 103 105 -1
obdef
loc3d
        4.95272465676814              0.69285338512106             17.57446289062500     -1
kind
     26     
    74700          153139     
       12.25000000000000  
 OBS            105
      -0.08468873627748
       1.50990491738059
       1.00000000000000
 104 106 -1
obdef
loc3d
        4.94895487610473              0.69270373762026            144.09075927734381     -1
kind
     26     
    74700          153139     
       12.25000000000000  
 OBS            106
       0.01424522252764
       1.35477163438664
       1.00000000000000
 105 107 -1
obdef
loc3d
        4.94293085461737              0.69053117803871            168.92642211914060     -1
kind
     26     
    74700          153139     
       12.25000000000000  
 OBS            107
      -5.94209856718168
       1.41580547215658
       1.00000000000000
 106 108 -1
obdef
loc3d
        4.93556788041953              0.67027828664670             15.00000000000000     -1
kind
     26     
    74700          153139     
       12.25000000000000  
 OBS            108
      -1.22828699143954
       0.78971157759629
       1.00000000000000
 107 109 -1
obdef
loc3d
        4.94611628544174              0.67496858055017             35.03607940673828     -1
kind
     26     
    74700          153139     
       12.25000000000000  
 OBS            109
       1.99350173154882
       2.36254881226050
       1.00000000000000
 108 110 -1
obdef
loc3d
        4.94304709522229              0.67138694960003             45.00000000000000     -1
kind
     26     
    74700          153139     
       12.25000000000000  
 OBS            110
      -4.45579302940098
      -1.20334373514890
       1.00000000000000
 109 111 -1
obdef
loc3d
        4.94323627307922              0.67609935421143             50.91764831542969     -1
kind
     26     
    74700          153139     
       12.25000000000000  
 OBS            111
       3.00279931783414
      -0.60047411696176
       1.00000000000000
 110 112 -1
obdef
loc3d
        4.94382880471830              0.67878617658979             35.27229690551758     -1
kind
     26     
    74700          153139     
       12.25000000000000  
 OBS            112
       0.80798346696909
       0.42651728426495
       1.00000000000000
 111 113 -1
obdef
loc3d
        4.94220707390035              0.68781081917460            173.94366455078119     -1
kind
     26     
    74700          153139     
       12.25000000000000  
 OBS            113
      -2.56293793876539
      -0.28843421307540
       1.00000000000000
 112 114 -1
obdef
loc3d
        4.92755542120837              0.68675243746254            174.61849975585940     -1
kind
     26     
    74700          153139     
       12.25000000000000  
 OBS            114
      -5.28332995108844
      -0.06327603703247
       1.00000000000000
 113 115 -1
obdef
loc3d
        4.93770287749180              0.68559892863867            149.84144592285159     -1
kind
     26     
    74700          153139     
       12.25000000000000  
 OBS            115
       1.90599160173403
       2.03727886988433
       1.00000000000000
 114 116 -1
obdef
loc3d
        4.92848130899840              0.69282991767383            196.64169311523440     -1
kind
     26     
    74700          153139     
       12.25000000000000  
 OBS            116
       6.44729980887497
       1.28766379914009
       1.00000000000000
 115 117 -1
obdef
loc3d
        4.94329123891126              0.66857696973652             21.80461120605469     -1
kind
     26     
    74700          153139     
       12.25000000000000  
 OBS            117
       2.64974684807523
       0.93021598303763
       1.00000000000000
 116 118 -1
obdef
loc3d
        4.93215285315783              0.69272179551745            405.54205322265619     -1
kind
     26     
    74700          153139     
       12.25000000000000  
 OBS            118
       1.09542705641474
       0.79589407379738
       1.00000000000000
 117 119 -1
obdef
loc3d
        4.93085954966869              0.68304429171430             90.32812500000000     -1
kind
     26     
    74700          153139     
       12.25000000000000  
 OBS            119
      -4.01250686486316
      -0.80857908058467
       1.00000000000000
 118 120 -1
obdef
loc3d
        4.93705662369825              0.67280917017713             44.45593643188477     -1
kind
     26     
    74700          153139     
       12.25000000000000  
 OBS            120
       2.61399436150636
       1.13774536388616
       1.00000000000000
 119 121 -1
obdef
loc3d
        4.94512604639754              0.69281773274108            184.54177856445310     -1
kind
     26     
    74700          153139     
       12.25000000000000  
 OBS            121
      -4.09638385028495
      -0.34934232385810
       1.00000000000000
 120 122 -1
obdef
loc3d
        4.94897278262263              0.68784055253573             58.60614395141602     -1
kind
     26     
    74700          153139     
       12.25000000000000  
 OBS            122
       0.70665713673639
       0.48326623808135
       1.00000000000000
 121 123 -1
obdef
loc3d
        4.94602769361993              0.68071046350214             21.00896453857422     -1
kind
     26     
    74700          153139     
       12.25000000000000  
 OBS            123
      -2.10742412377165
       1.82757701978783
       1.00000000000000
 122 124 -1
obdef
loc3d
        4.93975094338173              0.67132086947702             44.21312713623047     -1
kind
     26     
    74700          153139     
       12.25000000000000  
 OBS            124
       1.87373608168995
       1.75583534024226
       1.00000000000000
 123 125 -1
obdef
loc3d
        4.93608481943111              0.69281990441712            165.01060485839841     -1
kind
     26     
    74700          153139     
       12.25000000000000  
 OBS            125
      -1.22374995758410
      -0.67694321046577
       1.00000000000000
 124 126 -1
obdef
loc3d
        4.92159319416735              0.69282443720594            292.33944702148438     -1
kind
     26     
    74700          153139     
       12.25000000000000  
 OBS            126
      -2.15592817733146
       0.77736750710001
       1.00000000000000
 125 127 -1
obdef
loc3d
        4.93873881518950              0.68829597049600            229.64634704589841     -1
kind
     26     
    74700          153139     
       12.25000000000000  
 OBS            127
       6.59089933446214
       0.87378706320485
       1.00000000000000
 126 128 -1
obdef
loc3d
        4.93527083413009              0.68767784768684            170.73742675781250     -1
kind
     26     
    74700          153139     
       12.25000000000000  
 OBS            128
       8.10250790597472
       0.48636675999058
       1.00000000000000
 127 129 -1
obdef
loc3d
        4.94662113618514              0.69029960200592            170.37097167968750     -1
kind
     26     
    74700          153139     
       12.25000000000000  
 OBS            129
      -5.69343027282906
       1.82224788120427
       1.00000000000000
 128 130 -1
obdef
loc3d
        4.93429249379945              0.69052021135789            149.81713867187500     -1
kind
     26     
    74700          153139     
       12.25000000000000  
 OBS            130
      -2.00125066479088
      -0.51528727366922
       1.00000000000000
 129 131 -1
obdef
loc3d
        4.93269049343414              0.68556567101287            183.19726562500000     -1
kind
     26     
    74700          153139     
       12.25000000000000  
 OBS            131
      10.30587000019628
       4.12784074961016
       1.00000000000000
 130 132 -1
obdef
loc3d
        4.96102089029673              0.67774516842699             17.24609375000000     -1
kind
     26     
    74700          153139     
       12.25000000000000  
 OBS            132
      -0.77399460922993
      -0.23471120221333
       1.00000000000000
 131 133 -1
obdef
loc3d
        4.95766343385975              0.68587140474105             17.20619201660156     -1
kind
     26     
    74700          153139     
       12.25000000000000  
 OBS            133
       9.36189882880631
       7.96380480337309
       1.00000000000000
 132 134 -1
obdef
loc3d
        4.96848382491262              0.66600327539335              8.93466186523438     -1
kind
     26     
    74700          153139     
       12.25000000000000  
 OBS            134
      -0.96480766835193
      -0.11523633337842
       1.00000000000000
 133 135 -1
obdef
loc3d
        4.95841046678131              0.68356976794003             15.00000000000000     -1
kind
     26     
    74700          153139     
       12.25000000000000  
 OBS            135
       1.67870115492869
       4.04795731335296
       1.00000000000000
 134 136 -1
obdef
loc3d
        4.95968425198686              0.67283122878530              9.91464328765869     -1
kind
     26     
    74700          153139     
       12.25000000000000  
 OBS            136
       2.58984528688741
       3.71982679846549
       1.00000000000000
 135 137 -1
obdef
loc3d
        4.95850938370535              0.67569847985950              9.09960937500000     -1
kind
     26     
    74700          153139     
       12.25000000000000  
 OBS            137
       2.53112261836719
       3.44773294827273
       1.00000000000000
 136 138 -1
obdef
loc3d
        4.96062039600501              0.68186605212913             14.00000000000000     -1
kind
     26     
    74700          153139     
       12.25000000000000  
 OBS            138
       1.71153930690519
       1.32394597179308
       1.00000000000000
 137 139 -1
obdef
loc3d
        4.96044430349621              0.68522255501691             15.00000000000000     -1
kind
     26     
    74700          153139     
       12.25000000000000  
 OBS            139
      -5.42246140882658
       1.66306575500196
       1.00000000000000
 138 140 -1
obdef
loc3d
        4.95666979050607              0.68165969365477             15.07347202301025     -1
kind
     26     
    74700          153139     
       12.25000000000000  
 OBS            140
       5.17216335415408
       6.49906112117068
       1.00000000000000
 139 141 -1
obdef
loc3d
        4.96483712939352              0.66390373451953              6.00000000000000     -1
kind
     26     
    74700          153139     
       12.25000000000000  
 OBS            141
       3.88065422486935
       6.02896077518143
       1.00000000000000
 140 142 -1
obdef
loc3d
        4.96717335385836              0.67072562238302             13.76562500000000     -1
kind
     26     
    74700          153139     
       12.25000000000000  
 OBS            142
      -2.21015604363912
       1.82145387336615
       1.00000000000000
 141 143 -1
obdef
loc3d
        4.96004611966382              0.68820120365869             15.00000000000000     -1
kind
     26     
    74700          153139     
       12.25000000000000  
 OBS            143
       4.27156130353403
      -0.58035311531946
       1.00000000000000
 142 144 -1
obdef
loc3d
        4.95406364445895              0.69009645468583             54.42578125000000     -1
kind
     26     
    74700          153139     
       12.25000000000000  
 OBS            144
       0.00403984792567
       2.06957718348148
       1.00000000000000
 143 145 -1
obdef
loc3d
        4.95508230192316              0.68705689194968              9.08530712127686     -1
kind
     26     
    74700          153139     
       12.25000000000000  
 OBS            145
      -2.86992476069746
       1.45707339931148
       1.00000000000000
 144 146 -1
obdef
loc3d
        4.89647559039613              0.68497595921932            824.84875488281250     -1
kind
     26     
    74700          153139     
       12.25000000000000  
 OBS            146
      -4.43932882452097
      -0.50355341117258
       1.00000000000000
 145 147 -1
obdef
loc3d
        4.89667428721977              0.69273770557989            574.37286376953125     -1
kind
     26     
    74700          153139     
       12.25000000000000  
 OBS            147
       1.72180743094647
       0.23749802644357
       1.00000000000000
 146 148 -1
obdef
loc3d
        4.91583459977084              0.69278424988043            233.68589782714841     -1
kind
     26     
    74700          153139     
       12.25000000000000  
 OBS            148
       1.04056458181233
      -0.56234735043492
       1.00000000000000
 147 149 -1
obdef
loc3d
        4.90300762067971              0.68954390300676            525.03326416015625     -1
kind
     26     
    74700          153139     
       12.25000000000000  
 OBS            149
      -1.45035031780221
       0.07898609021049
       1.00000000000000
 148 150 -1
obdef
loc3d
        4.90168560310748              0.69286223560483            711.58941650390625     -1
kind
     26     
    74700          153139     
       12.25000000000000  
 OBS            150
       3.80027338073519
       1.73696193404630
       1.00000000000000
 149 151 -1
obdef
loc3d
        4.91091515139416              0.69052501454351            199.70848083496091     -1
kind
     26     
    74700          153139     
       12.25000000000000  
 OBS            151
     285.62102038846803
     286.56685587780203
       1.00000000000000
 150 152 -1
obdef
loc3d
        4.90540352515539              0.69194112440599            606.33142089843750     -1
kind
     27     
    74700          153139     
        6.25000000000000  
 OBS            152
     295.37677412754175
     294.77558665513499
       1.00000000000000
 151 153 -1
obdef
loc3d
        4.94546412681761              0.68348353984884             17.75631332397461     -1
kind
     27     
    74700          153139     
        6.25000000000000  
 OBS            153
     293.73591675983624
     296.23356917413798
       1.00000000000000
 152 154 -1
obdef
loc3d
        4.94660974174000              0.67744857875853             29.35406684875488     -1
kind
     27     
    74700          153139     
        6.25000000000000  
 OBS            154
     294.70067436811661
     294.59866720843502
       1.00000000000000
 153 155 -1
obdef
loc3d
        4.94648126630843              0.68652865419204             54.82812500000000     -1
kind
     27     
    74700          153139     
        6.25000000000000  
 OBS            155
     294.18135163372193
     294.48715406744100
       1.00000000000000
 154 156 -1
obdef
loc3d
        4.94445426011379              0.68507566758975             62.61011505126953     -1
kind
     27     
    74700          153139     
        6.25000000000000  
 OBS            156
     294.48889427372950
     293.92375333226198
       1.00000000000000
 155 157 -1
obdef
loc3d
        4.94602055174578              0.68752162087271            134.15721130371091     -1
kind
     27     
    74700          153139     
        6.25000000000000  
 OBS            157
     295.81372108113487
     296.14813405479202
       1.00000000000000
 156 158 -1
obdef
loc3d
        4.94603912728501              0.67254511985829             35.00297546386719     -1
kind
     27     
    74700          153139     
        6.25000000000000  
 OBS            158
     296.00842770729469
     295.99601739030902
       1.00000000000000
 157 159 -1
obdef
loc3d
        4.95877904994953              0.67986585977255             17.04111671447754     -1
kind
     27     
    74700          153139     
        6.25000000000000  
 OBS            159
     293.23903003818072
     292.72737639126302
       1.00000000000000
 158 160 -1
obdef
loc3d
        4.93958042817759              0.69095160998657            226.13127136230469     -1
kind
     27     
    74700          153139     
        6.25000000000000  
 OBS            160
     294.42540137126815
     294.98175107057500
       1.00000000000000
 159 161 -1
obdef
loc3d
        4.95756313665553              0.69181797222864             89.84997558593750     -1
kind
     27     
    74700          153139     
        6.25000000000000  
 OBS            161
     296.49413142063219
     295.67726253699300
       1.00000000000000
 160 162 -1
obdef
loc3d
        4.94078657111844              0.67409210989409             60.81152343750000     -1
kind
     27     
    74700          153139     
        6.25000000000000  
 OBS            162
     295.87518162191640
     297.07079821662899
       1.00000000000000
 161 163 -1
obdef
loc3d
        4.95557846691255              0.67267262139613              1.00000000000000     -1
kind
     27     
    74700          153139     
        6.25000000000000  
 OBS            163
     291.19273868537863
     293.22065302536600
       1.00000000000000
 162 164 -1
obdef
loc3d
        4.93193348448080              0.68856418981073            106.00000000000000     -1
kind
     27     
    74700          153139     
        6.25000000000000  
 OBS            164
     283.28910182155431
     282.64248482661600
       1.00000000000000
 163 165 -1
obdef
loc3d
        4.89970838141578              0.68765245249877            785.09423828125000     -1
kind
     27     
    74700          153139     
        6.25000000000000  
 OBS            165
     293.64706482690389
     294.66838639448298
       1.00000000000000
 164 166 -1
obdef
loc3d
        4.95026814558372              0.68993059237416             93.11567687988281     -1
kind
     27     
    74700          153139     
        6.25000000000000  
 OBS            166
     294.25473730659797
     293.75721250506598
       1.00000000000000
 165 167 -1
obdef
loc3d
        4.94174512165160              0.68484635226999            116.56585693359381     -1
kind
     27     
    74700          153139     
        6.25000000000000  
 OBS            167
     297.28154370301621
     295.41725379344001
       1.00000000000000
 166 168 -1
obdef
loc3d
        4.95420735021482              0.68473663912788             15.00000000000000     -1
kind
     27     
    74700          153139     
        6.25000000000000  
 OBS            168
     294.12151690291682
     294.08164383318399
       1.00000000000000
 167 169 -1
obdef
loc3d
        4.93477042118681              0.68310638816012            118.89588928222661     -1
kind
     27     
    74700          153139     
        6.25000000000000  
 OBS            169
     293.76300225861741
     293.74193420706899
       1.00000000000000
 168 170 -1
obdef
loc3d
        4.93795631029682              0.68276407673392            144.94107055664060     -1
kind
     27     
    74700          153139     
        6.25000000000000  
 OBS            170
     295.20969873413708
     295.21362355112001
       1.00000000000000
 169 171 -1
obdef
loc3d
        4.94001671685736              0.68064929967652             43.67281723022461     -1
kind
     27     
    74700          153139     
        6.25000000000000  
 OBS            171
     294.88118557766245
     295.14615030865099
       1.00000000000000
 170 172 -1
obdef
loc3d
        4.94058460161740              0.67807181314514             70.17810058593750     -1
kind
     27     
    74700          153139     
        6.25000000000000  
 OBS            172
     296.61857935211708
     296.63676859396901
       1.00000000000000
 171 173 -1
obdef
loc3d
        4.95423295419494              0.68033176843505              3.71636104583740     -1
kind
     27     
    74700          153139     
        6.25000000000000  
 OBS            173
     296.73786109905990
     297.43989642211000
       1.00000000000000
 172 174 -1
obdef
loc3d
        4.94926894458696              0.66642585587446             10.91526031494141     -1
kind
     27     
    74700          153139     
        6.25000000000000  
 OBS            174
     298.49947308461009
     296.97677898015502
       1.00000000000000
 173 175 -1
obdef
loc3d
        4.96223480186848              0.66700036066835              5.00000000000000     -1
kind
     27     
    74700          153139     
        6.25000000000000  
 OBS            175
     294.11795486919965
     293.96872968254797
       1.00000000000000
 174 176 -1
obdef
loc3d
        4.95546148971009              0.67729393735082              6.17724800109863     -1
kind
     27     
    74700          153139     
        6.25000000000000  
 OBS            176
     293.18883818932613
     293.06266819412099
       1.00000000000000
 175 177 -1
obdef
loc3d
        4.92652723985629              0.69051382381431            146.04148864746091     -1
kind
     27     
    74700          153139     
        6.25000000000000  
 OBS            177
     295.59074915097858
     296.82560122941499
       1.00000000000000
 176 178 -1
obdef
loc3d
        4.96366005344362              0.66920346185787              6.00000000000000     -1
kind
     27     
    74700          153139     
        6.25000000000000  
 OBS            178
     293.67217155910748
     294.62221690031203
       1.00000000000000
 177 179 -1
obdef
loc3d
        4.97052949833720              0.66907739847133              8.84140872955322     -1
kind
     27     
    74700          153139     
        6.25000000000000  
 OBS            179
     291.71195745816897
     293.11318759760900
       1.00000000000000
 178 180 -1
obdef
loc3d
        4.95272465676814              0.69285338512106             17.57446289062500     -1
kind
     27     
    74700          153139     
        6.25000000000000  
 OBS            180
     293.88996327198356
     293.47253616416901
       1.00000000000000
 179 181 -1
obdef
loc3d
        4.94895487610473              0.69270373762026            144.09075927734381     -1
kind
     27     
    74700          153139     
        6.25000000000000  
 OBS            181
     294.89948504345909
     292.96475969631700
       1.00000000000000
 180 182 -1
obdef
loc3d
        4.94293085461737              0.69053117803871            168.92642211914060     -1
kind
     27     
    74700          153139     
        6.25000000000000  
 OBS            182
     296.21230643216489
     296.98283100946901
       1.00000000000000
 181 183 -1
obdef
loc3d
        4.93556788041953              0.67027828664670             15.00000000000000     -1
kind
     27     
    74700          153139     
        6.25000000000000  
 OBS            183
     295.98946735984060
     296.76299584525600
       1.00000000000000
 182 184 -1
obdef
loc3d
        4.94611628544174              0.67496858055017             35.03607940673828     -1
kind
     27     
    74700          153139     
        6.25000000000000  
 OBS            184
     295.89907456280696
     296.99823141204803
       1.00000000000000
 183 185 -1
obdef
loc3d
        4.94304709522229              0.67138694960003             45.00000000000000     -1
kind
     27     
    74700          153139     
        6.25000000000000  
 OBS            185
     295.96179190442740
     296.02023306549398
       1.00000000000000
 184 186 -1
obdef
loc3d
        4.94323627307922              0.67609935421143             50.91764831542969     -1
kind
     27     
    74700          153139     
        6.25000000000000  
 OBS            186
     294.08675891012911
     295.46233515799003
       1.00000000000000
 185 187 -1
obdef
loc3d
        4.94382880471830              0.67878617658979             35.27229690551758     -1
kind
     27     
    74700          153139     
        6.25000000000000  
 OBS            187
     293.48871001062122
     292.87694499366398
       1.00000000000000
 186 188 -1
obdef
loc3d
        4.94220707390035              0.68781081917460            173.94366455078119     -1
kind
     27     
    74700          153139     
        6.25000000000000  
 OBS            188
     291.03754744672068
     291.84769748030402
       1.00000000000000
 187 189 -1
obdef
loc3d
        4.92755542120837              0.68675243746254            174.61849975585940     -1
kind
     27     
    74700          153139     
        6.25000000000000  
 OBS            189
     291.79245776038817
     293.02332317836499
       1.00000000000000
 188 190 -1
obdef
loc3d
        4.93770287749180              0.68559892863867            149.84144592285159     -1
kind
     27     
    74700          153139     
        6.25000000000000  
 OBS            190
     292.85050458559095
     292.99558325807999
       1.00000000000000
 189 191 -1
obdef
loc3d
        4.92848130899840              0.69282991767383            196.64169311523440     -1
kind
     27     
    74700          153139     
        6.25000000000000  
 OBS            191
     294.07912460216897
     295.09579814370198
       1.00000000000000
 190 192 -1
obdef
loc3d
        4.94329123891126              0.66857696973652             21.80461120605469     -1
kind
     27     
    74700          153139     
        6.25000000000000  
 OBS            192
     292.04517912951951
     291.17725366543601
       1.00000000000000
 191 193 -1
obdef
loc3d
        4.93215285315783              0.69272179551745            405.54205322265619     -1
kind
     27     
    74700          153139     
        6.25000000000000  
 OBS            193
     293.24785902976640
     294.23385547450698
       1.00000000000000
 192 194 -1
obdef
loc3d
        4.93085954966869              0.68304429171430             90.32812500000000     -1
kind
     27     
    74700          153139     
        6.25000000000000  
 OBS            194
     296.39579749697361
     296.25115229280402
       1.00000000000000
 193 195 -1
obdef
loc3d
        4.93705662369825              0.67280917017713             44.45593643188477     -1
kind
     27     
    74700          153139     
        6.25000000000000  
 OBS            195
     291.44104121418815
     292.69491940028001
       1.00000000000000
 194 196 -1
obdef
loc3d
        4.94512604639754              0.69281773274108            184.54177856445310     -1
kind
     27     
    74700          153139     
        6.25000000000000  
 OBS            196
     293.49980574158042
     294.42697647845199
       1.00000000000000
 195 197 -1
obdef
loc3d
        4.94897278262263              0.68784055253573             58.60614395141602     -1
kind
     27     
    74700          153139     
        6.25000000000000  
 OBS            197
     293.86367446158499
     295.68568853786797
       1.00000000000000
 196 198 -1
obdef
loc3d
        4.94602769361993              0.68071046350214             21.00896453857422     -1
kind
     27     
    74700          153139     
        6.25000000000000  
 OBS            198
     297.05321858043146
     296.98950140205699
       1.00000000000000
 197 199 -1
obdef
loc3d
        4.93975094338173              0.67132086947702             44.21312713623047     -1
kind
     27     
    74700          153139     
        6.25000000000000  
 OBS            199
     292.49068706339261
     293.06605803625303
       1.00000000000000
 198 200 -1
obdef
loc3d
        4.93608481943111              0.69281990441712            165.01060485839841     -1
kind
     27     
    74700          153139     
        6.25000000000000  
 OBS            200
     292.38084222114441
     291.50536533296298
       1.00000000000000
 199 201 -1
obdef
loc3d
        4.92159319416735              0.69282443720594            292.33944702148438     -1
kind
     27     
    74700          153139     
        6.25000000000000  
 OBS            201
     292.87318047369712
     292.29611535323301
       1.00000000000000
 200 202 -1
obdef
loc3d
        4.93873881518950              0.68829597049600            229.64634704589841     -1
kind
     27     
    74700          153139     
        6.25000000000000  
 OBS            202
     293.73410708095923
     293.02467895617099
       1.00000000000000
 201 203 -1
obdef
loc3d
        4.93527083413009              0.68767784768684            170.73742675781250     -1
kind
     27     
    74700          153139     
        6.25000000000000  
 OBS            203
     294.19713391881362
     293.62321609981097
       1.00000000000000
 202 204 -1
obdef
loc3d
        4.94662113618514              0.69029960200592            170.37097167968750     -1
kind
     27     
    74700          153139     
        6.25000000000000  
 OBS            204
     294.63104313425850
     293.37812178686499
       1.00000000000000
 203 205 -1
obdef
loc3d
        4.93429249379945              0.69052021135789            149.81713867187500     -1
kind
     27     
    74700          153139     
        6.25000000000000  
 OBS            205
     292.72276316948648
     292.14923068323600
       1.00000000000000
 204 206 -1
obdef
loc3d
        4.93269049343414              0.68556567101287            183.19726562500000     -1
kind
     27     
    74700          153139     
        6.25000000000000  
 OBS            206
     293.60386528999783
     293.84588324675599
       1.00000000000000
 205 207 -1
obdef
loc3d
        4.96102089029673              0.67774516842699             17.24609375000000     -1
kind
     27     
    74700          153139     
        6.25000000000000  
 OBS            207
     295.50189261278962
     295.91666131402297
       1.00000000000000
 206 208 -1
obdef
loc3d
        4.95766343385975              0.68587140474105             17.20619201660156     -1
kind
     27     
    74700          153139     
        6.25000000000000  
 OBS            208
     296.08355080366806
     294.80684038450801
       1.00000000000000
 207 209 -1
obdef
loc3d
        4.96848382491262              0.66600327539335              8.93466186523438     -1
kind
     27     
    74700          153139     
        6.25000000000000  
 OBS            209
     296.52206161866280
     296.33888009828098
       1.00000000000000
 208 210 -1
obdef
loc3d
        4.95841046678131              0.68356976794003             15.00000000000000     -1
kind
     27     
    74700          153139     
        6.25000000000000  
 OBS            210
     293.50924004424513
     296.34788953322101
       1.00000000000000
 209 211 -1
obdef
loc3d
        4.95968425198686              0.67283122878530              9.91464328765869     -1
kind
     27     
    74700          153139     
        6.25000000000000  
 OBS            211
     296.04345501477280
     295.92030153134698
       1.00000000000000
 210 212 -1
obdef
loc3d
        4.95850938370535              0.67569847985950              9.09960937500000     -1
kind
     27     
    74700          153139     
        6.25000000000000  
 OBS            212
     295.83175336489245
     296.08735698575401
       1.00000000000000
 211 213 -1
obdef
loc3d
        4.96062039600501              0.68186605212913             14.00000000000000     -1
kind
     27     
    74700          153139     
        6.25000000000000  
 OBS            213
     294.49264874464723
     295.81543504436598
       1.00000000000000
 212 214 -1
obdef
loc3d
        4.96044430349621              0.68522255501691             15.00000000000000     -1
kind
     27     
    74700          153139     
        6.25000000000000  
 OBS            214
     295.41860114196328
     296.40193630564698
       1.00000000000000
 213 215 -1
obdef
loc3d
        4.95666979050607              0.68165969365477             15.07347202301025     -1
kind
     27     
    74700          153139     
        6.25000000000000  
 OBS            215
     296.28482124290775
     297.12808584734898
       1.00000000000000
 214 216 -1
obdef
loc3d
        4.96483712939352              0.66390373451953              6.00000000000000     -1
kind
     27     
    74700          153139     
        6.25000000000000  
 OBS            216
     297.19092338705673
     296.45578607337802
       1.00000000000000
 215 217 -1
obdef
loc3d
        4.96717335385836              0.67072562238302             13.76562500000000     -1
kind
     27     
    74700          153139     
        6.25000000000000  
 OBS            217
     296.69936603261567
     295.99155682990403
       1.00000000000000
 216 218 -1
obdef
loc3d
        4.96004611966382              0.68820120365869             15.00000000000000     -1
kind
     27     
    74700          153139     
        6.25000000000000  
 OBS            218
     295.63519242566770
     295.11451602985602
       1.00000000000000
 217 219 -1
obdef
loc3d
        4.95406364445895              0.69009645468583             54.42578125000000     -1
kind
     27     
    74700          153139     
        6.25000000000000  
 OBS            219
     295.89601518998302
     295.06692326713898
       1.00000000000000
 218 220 -1
obdef
loc3d
        4.95508230192316              0.68705689194968              9.08530712127686     -1
kind
     27     
    74700          153139     
        6.25000000000000  
 OBS            220
     283.21807206540836
     282.66385281435703
       1.00000000000000
 219 221 -1
obdef
loc3d
        4.89647559039613              0.68497595921932            824.84875488281250     -1
kind
     27     
    74700          153139     
        6.25000000000000  
 OBS            221
     283.70287243615400
     284.81413315936601
       1.00000000000000
 220 222 -1
obdef
loc3d
        4.89667428721977              0.69273770557989            574.37286376953125     -1
kind
     27     
    74700          153139     
        6.25000000000000  
 OBS            222
     290.73686217498613
     291.06265456559998
       1.00000000000000
 221 223 -1
obdef
loc3d
        4.91583459977084              0.69278424988043            233.68589782714841     -1
kind
     27     
    74700          153139     
        6.25000000000000  
 OBS            223
     286.93681614623728
     287.00334131372199
       1.00000000000000
 222 224 -1
obdef
loc3d
        4.90300762067971              0.68954390300676            525.03326416015625     -1
kind
     27     
    74700          153139     
        6.25000000000000  
 OBS            224
     283.78823282706600
     285.29473216135801
       1.00000000000000
 223 225 -1
obdef
loc3d
        4.90168560310748              0.69286223560483            711.58941650390625     -1
kind
     27     
    74700          153139     
        6.25000000000000  
 OBS            225
     290.57823512012760
     291.70368368651600
       1.00000000000000
 224 -1 -1
obdef
loc3d
        4.91091515139416              0.69052501454351            199.70848083496091     -1
kind
     27     
    74700          153139     
        6.25000000000000  
