 obs_sequence
obs_kind_definitions
       3
    25          LAND_SFC_U_WIND_COMPONENT   
    26          LAND_SFC_V_WIND_COMPONENT   
    27          LAND_SFC_TEMPERATURE   
  num_copies:            2  num_qc:            1
 num_obs:       225  max_num_obs:       225
observations
truth
QC radar
  first:            1  last:       225
 OBS            1
      11.79385513473012
      10.55681769675510
       1.00000000000000
 -1 2 -1
obdef
loc3d
        4.90540352515539              0.69194112440599            606.33142089843750     -1
kind
     25     
    67500          153139     
       12.25000000000000  
 OBS            2
       7.21372579545061
       7.10114938424779
       1.00000000000000
 1 3 -1
obdef
loc3d
        4.94546412681761              0.68348353984884             17.75631332397461     -1
kind
     25     
    67500          153139     
       12.25000000000000  
 OBS            3
       8.64360214219115
       4.44236127119476
       1.00000000000000
 2 4 -1
obdef
loc3d
        4.94660974174000              0.67744857875853             29.35406684875488     -1
kind
     25     
    67500          153139     
       12.25000000000000  
 OBS            4
       5.59578259780423
       5.85694935000376
       1.00000000000000
 3 5 -1
obdef
loc3d
        4.94648126630843              0.68652865419204             54.82812500000000     -1
kind
     25     
    67500          153139     
       12.25000000000000  
 OBS            5
       3.05461389137076
       7.50644365036001
       1.00000000000000
 4 6 -1
obdef
loc3d
        4.94445426011379              0.68507566758975             62.61011505126953     -1
kind
     25     
    67500          153139     
       12.25000000000000  
 OBS            6
       5.37663892453705
       8.53092361005074
       1.00000000000000
 5 7 -1
obdef
loc3d
        4.94602055174578              0.68752162087271            134.15721130371091     -1
kind
     25     
    67500          153139     
       12.25000000000000  
 OBS            7
       7.90682800190870
       4.86901741539177
       1.00000000000000
 6 8 -1
obdef
loc3d
        4.94603912728501              0.67254511985829             35.00297546386719     -1
kind
     25     
    67500          153139     
       12.25000000000000  
 OBS            8
       5.95155446811560
       3.81284515496588
       1.00000000000000
 7 9 -1
obdef
loc3d
        4.95877904994953              0.67986585977255             17.04111671447754     -1
kind
     25     
    67500          153139     
       12.25000000000000  
 OBS            9
      11.88530888749910
       9.82190756031650
       1.00000000000000
 8 10 -1
obdef
loc3d
        4.93958042817759              0.69095160998657            226.13127136230469     -1
kind
     25     
    67500          153139     
       12.25000000000000  
 OBS            10
       1.24779466943630
       6.35139254121484
       1.00000000000000
 9 11 -1
obdef
loc3d
        4.95756313665553              0.69181797222864             89.84997558593750     -1
kind
     25     
    67500          153139     
       12.25000000000000  
 OBS            11
      12.48820964417266
       6.94191778220625
       1.00000000000000
 10 12 -1
obdef
loc3d
        4.94078657111844              0.67409210989409             60.81152343750000     -1
kind
     25     
    67500          153139     
       12.25000000000000  
 OBS            12
       2.65562612145463
       1.41887809732461
       1.00000000000000
 11 13 -1
obdef
loc3d
        4.95557846691255              0.67267262139613              1.00000000000000     -1
kind
     25     
    67500          153139     
       12.25000000000000  
 OBS            13
       8.63574102005616
      10.72620880441440
       1.00000000000000
 12 14 -1
obdef
loc3d
        4.93193348448080              0.68856418981073            106.00000000000000     -1
kind
     25     
    67500          153139     
       12.25000000000000  
 OBS            14
      13.60599818010727
      12.38041633285690
       1.00000000000000
 13 15 -1
obdef
loc3d
        4.89970838141578              0.68765245249877            785.09423828125000     -1
kind
     25     
    67500          153139     
       12.25000000000000  
 OBS            15
       4.15030283251165
       7.77527949344108
       1.00000000000000
 14 16 -1
obdef
loc3d
        4.95026814558372              0.68993059237416             93.11567687988281     -1
kind
     25     
    67500          153139     
       12.25000000000000  
 OBS            16
       9.65192856720478
       9.56873122298143
       1.00000000000000
 15 17 -1
obdef
loc3d
        4.94174512165160              0.68484635226999            116.56585693359381     -1
kind
     25     
    67500          153139     
       12.25000000000000  
 OBS            17
      10.74518501560293
       8.22778297962421
       1.00000000000000
 16 18 -1
obdef
loc3d
        4.95420735021482              0.68473663912788             15.00000000000000     -1
kind
     25     
    67500          153139     
       12.25000000000000  
 OBS            18
       6.61060813909221
       8.22464352858671
       1.00000000000000
 17 19 -1
obdef
loc3d
        4.93477042118681              0.68310638816012            118.89588928222661     -1
kind
     25     
    67500          153139     
       12.25000000000000  
 OBS            19
      13.17184966915305
       8.58264823382214
       1.00000000000000
 18 20 -1
obdef
loc3d
        4.93795631029682              0.68276407673392            144.94107055664060     -1
kind
     25     
    67500          153139     
       12.25000000000000  
 OBS            20
       7.55764115519683
       8.05062296691942
       1.00000000000000
 19 21 -1
obdef
loc3d
        4.94001671685736              0.68064929967652             43.67281723022461     -1
kind
     25     
    67500          153139     
       12.25000000000000  
 OBS            21
       7.78894832000000
       6.03567563515003
       1.00000000000000
 20 22 -1
obdef
loc3d
        4.94058460161740              0.67807181314514             70.17810058593750     -1
kind
     25     
    67500          153139     
       12.25000000000000  
 OBS            22
       9.61484860603077
       7.85753508688677
       1.00000000000000
 21 23 -1
obdef
loc3d
        4.95423295419494              0.68033176843505              3.71636104583740     -1
kind
     25     
    67500          153139     
       12.25000000000000  
 OBS            23
       6.68331583140335
       5.23487887198081
       1.00000000000000
 22 24 -1
obdef
loc3d
        4.94926894458696              0.66642585587446             10.91526031494141     -1
kind
     25     
    67500          153139     
       12.25000000000000  
 OBS            24
       3.16866064754815
       0.58917145786317
       1.00000000000000
 23 25 -1
obdef
loc3d
        4.96223480186848              0.66700036066835              5.00000000000000     -1
kind
     25     
    67500          153139     
       12.25000000000000  
 OBS            25
       0.48838980080814
       5.21905168460636
       1.00000000000000
 24 26 -1
obdef
loc3d
        4.95546148971009              0.67729393735082              6.17724800109863     -1
kind
     25     
    67500          153139     
       12.25000000000000  
 OBS            26
      11.74561711536351
      13.14179899604400
       1.00000000000000
 25 27 -1
obdef
loc3d
        4.92652723985629              0.69051382381431            146.04148864746091     -1
kind
     25     
    67500          153139     
       12.25000000000000  
 OBS            27
       4.53423691340475
       0.52954349507851
       1.00000000000000
 26 28 -1
obdef
loc3d
        4.96366005344362              0.66920346185787              6.00000000000000     -1
kind
     25     
    67500          153139     
       12.25000000000000  
 OBS            28
       3.97294591102303
       2.88268518982621
       1.00000000000000
 27 29 -1
obdef
loc3d
        4.97052949833720              0.66907739847133              8.84140872955322     -1
kind
     25     
    67500          153139     
       12.25000000000000  
 OBS            29
       2.12963476402212
       4.43511312435733
       1.00000000000000
 28 30 -1
obdef
loc3d
        4.95272465676814              0.69285338512106             17.57446289062500     -1
kind
     25     
    67500          153139     
       12.25000000000000  
 OBS            30
       7.67642744280981
       7.05538447173602
       1.00000000000000
 29 31 -1
obdef
loc3d
        4.94895487610473              0.69270373762026            144.09075927734381     -1
kind
     25     
    67500          153139     
       12.25000000000000  
 OBS            31
      12.42427527503298
      10.70809757513300
       1.00000000000000
 30 32 -1
obdef
loc3d
        4.94293085461737              0.69053117803871            168.92642211914060     -1
kind
     25     
    67500          153139     
       12.25000000000000  
 OBS            32
       5.92112752804149
       6.14668969996970
       1.00000000000000
 31 33 -1
obdef
loc3d
        4.93556788041953              0.67027828664670             15.00000000000000     -1
kind
     25     
    67500          153139     
       12.25000000000000  
 OBS            33
       5.05320003752112
       4.46725223947604
       1.00000000000000
 32 34 -1
obdef
loc3d
        4.94611628544174              0.67496858055017             35.03607940673828     -1
kind
     25     
    67500          153139     
       12.25000000000000  
 OBS            34
       6.41444864918251
       8.75562369080289
       1.00000000000000
 33 35 -1
obdef
loc3d
        4.94304709522229              0.67138694960003             45.00000000000000     -1
kind
     25     
    67500          153139     
       12.25000000000000  
 OBS            35
       2.65250436125588
       5.94539257265341
       1.00000000000000
 34 36 -1
obdef
loc3d
        4.94323627307922              0.67609935421143             50.91764831542969     -1
kind
     25     
    67500          153139     
       12.25000000000000  
 OBS            36
       0.09399564880478
       6.60555887166308
       1.00000000000000
 35 37 -1
obdef
loc3d
        4.94382880471830              0.67878617658979             35.27229690551758     -1
kind
     25     
    67500          153139     
       12.25000000000000  
 OBS            37
      12.93657646105540
       8.50425924350846
       1.00000000000000
 36 38 -1
obdef
loc3d
        4.94220707390035              0.68781081917460            173.94366455078119     -1
kind
     25     
    67500          153139     
       12.25000000000000  
 OBS            38
       8.50521705712264
      10.52306524043870
       1.00000000000000
 37 39 -1
obdef
loc3d
        4.92755542120837              0.68675243746254            174.61849975585940     -1
kind
     25     
    67500          153139     
       12.25000000000000  
 OBS            39
      10.95107381145939
       9.29758533933214
       1.00000000000000
 38 40 -1
obdef
loc3d
        4.93770287749180              0.68559892863867            149.84144592285159     -1
kind
     25     
    67500          153139     
       12.25000000000000  
 OBS            40
      11.95343314197787
      10.60179815424150
       1.00000000000000
 39 41 -1
obdef
loc3d
        4.92848130899840              0.69282991767383            196.64169311523440     -1
kind
     25     
    67500          153139     
       12.25000000000000  
 OBS            41
      15.00008924915649
      12.64400959741860
       1.00000000000000
 40 42 -1
obdef
loc3d
        4.94329123891126              0.66857696973652             21.80461120605469     -1
kind
     25     
    67500          153139     
       12.25000000000000  
 OBS            42
      14.75575443534769
       9.54282475325420
       1.00000000000000
 41 43 -1
obdef
loc3d
        4.93215285315783              0.69272179551745            405.54205322265619     -1
kind
     25     
    67500          153139     
       12.25000000000000  
 OBS            43
       8.65417443458332
       9.52291221744509
       1.00000000000000
 42 44 -1
obdef
loc3d
        4.93085954966869              0.68304429171430             90.32812500000000     -1
kind
     25     
    67500          153139     
       12.25000000000000  
 OBS            44
       8.82351416848883
       6.65925847812560
       1.00000000000000
 43 45 -1
obdef
loc3d
        4.93705662369825              0.67280917017713             44.45593643188477     -1
kind
     25     
    67500          153139     
       12.25000000000000  
 OBS            45
       4.55109985791917
       7.19364651664652
       1.00000000000000
 44 46 -1
obdef
loc3d
        4.94512604639754              0.69281773274108            184.54177856445310     -1
kind
     25     
    67500          153139     
       12.25000000000000  
 OBS            46
       9.06713371479347
       8.49928903730240
       1.00000000000000
 45 47 -1
obdef
loc3d
        4.94897278262263              0.68784055253573             58.60614395141602     -1
kind
     25     
    67500          153139     
       12.25000000000000  
 OBS            47
       2.13061330589974
       6.14575371004964
       1.00000000000000
 46 48 -1
obdef
loc3d
        4.94602769361993              0.68071046350214             21.00896453857422     -1
kind
     25     
    67500          153139     
       12.25000000000000  
 OBS            48
       7.58885450205035
       6.63734852291249
       1.00000000000000
 47 49 -1
obdef
loc3d
        4.93975094338173              0.67132086947702             44.21312713623047     -1
kind
     25     
    67500          153139     
       12.25000000000000  
 OBS            49
      10.98065821421797
      10.35802280986000
       1.00000000000000
 48 50 -1
obdef
loc3d
        4.93608481943111              0.69281990441712            165.01060485839841     -1
kind
     25     
    67500          153139     
       12.25000000000000  
 OBS            50
       3.79256750504322
       9.60942934414083
       1.00000000000000
 49 51 -1
obdef
loc3d
        4.92159319416735              0.69282443720594            292.33944702148438     -1
kind
     25     
    67500          153139     
       12.25000000000000  
 OBS            51
       9.17117440894668
      10.22448015723750
       1.00000000000000
 50 52 -1
obdef
loc3d
        4.93873881518950              0.68829597049600            229.64634704589841     -1
kind
     25     
    67500          153139     
       12.25000000000000  
 OBS            52
       8.40715982904894
      10.58149715753740
       1.00000000000000
 51 53 -1
obdef
loc3d
        4.93527083413009              0.68767784768684            170.73742675781250     -1
kind
     25     
    67500          153139     
       12.25000000000000  
 OBS            53
       8.15330954088036
       8.87640964903754
       1.00000000000000
 52 54 -1
obdef
loc3d
        4.94662113618514              0.69029960200592            170.37097167968750     -1
kind
     25     
    67500          153139     
       12.25000000000000  
 OBS            54
      13.25526253835455
       9.44961520538219
       1.00000000000000
 53 55 -1
obdef
loc3d
        4.93429249379945              0.69052021135789            149.81713867187500     -1
kind
     25     
    67500          153139     
       12.25000000000000  
 OBS            55
       6.24775718977700
       8.12733687650204
       1.00000000000000
 54 56 -1
obdef
loc3d
        4.93269049343414              0.68556567101287            183.19726562500000     -1
kind
     25     
    67500          153139     
       12.25000000000000  
 OBS            56
       8.71796110467853
       4.84113968980470
       1.00000000000000
 55 57 -1
obdef
loc3d
        4.96102089029673              0.67774516842699             17.24609375000000     -1
kind
     25     
    67500          153139     
       12.25000000000000  
 OBS            57
      11.75951508842929
       7.24835342989130
       1.00000000000000
 56 58 -1
obdef
loc3d
        4.95766343385975              0.68587140474105             17.20619201660156     -1
kind
     25     
    67500          153139     
       12.25000000000000  
 OBS            58
      -5.51392562963360
       0.74193260451962
       1.00000000000000
 57 59 -1
obdef
loc3d
        4.96848382491262              0.66600327539335              8.93466186523438     -1
kind
     25     
    67500          153139     
       12.25000000000000  
 OBS            59
       6.14818501027798
       8.45416686797922
       1.00000000000000
 58 60 -1
obdef
loc3d
        4.95841046678131              0.68356976794003             15.00000000000000     -1
kind
     25     
    67500          153139     
       12.25000000000000  
 OBS            60
       1.92611099987015
       3.28205252336300
       1.00000000000000
 59 61 -1
obdef
loc3d
        4.95968425198686              0.67283122878530              9.91464328765869     -1
kind
     25     
    67500          153139     
       12.25000000000000  
 OBS            61
       1.88748155570008
       1.25428473538875
       1.00000000000000
 60 62 -1
obdef
loc3d
        4.95850938370535              0.67569847985950              9.09960937500000     -1
kind
     25     
    67500          153139     
       12.25000000000000  
 OBS            62
       3.99500652693401
       3.25357569311026
       1.00000000000000
 61 63 -1
obdef
loc3d
        4.96062039600501              0.68186605212913             14.00000000000000     -1
kind
     25     
    67500          153139     
       12.25000000000000  
 OBS            63
       8.20337590459578
       3.81850591568893
       1.00000000000000
 62 64 -1
obdef
loc3d
        4.96044430349621              0.68522255501691             15.00000000000000     -1
kind
     25     
    67500          153139     
       12.25000000000000  
 OBS            64
       5.07956318677672
       8.61906105615009
       1.00000000000000
 63 65 -1
obdef
loc3d
        4.95666979050607              0.68165969365477             15.07347202301025     -1
kind
     25     
    67500          153139     
       12.25000000000000  
 OBS            65
       0.11497908495721
       0.63467790340698
       1.00000000000000
 64 66 -1
obdef
loc3d
        4.96483712939352              0.66390373451953              6.00000000000000     -1
kind
     25     
    67500          153139     
       12.25000000000000  
 OBS            66
      -3.74892607608239
       1.01731868800857
       1.00000000000000
 65 67 -1
obdef
loc3d
        4.96717335385836              0.67072562238302             13.76562500000000     -1
kind
     25     
    67500          153139     
       12.25000000000000  
 OBS            67
       4.46168110585944
       5.25265595941477
       1.00000000000000
 66 68 -1
obdef
loc3d
        4.96004611966382              0.68820120365869             15.00000000000000     -1
kind
     25     
    67500          153139     
       12.25000000000000  
 OBS            68
       7.25372448512404
       4.85539542296094
       1.00000000000000
 67 69 -1
obdef
loc3d
        4.95406364445895              0.69009645468583             54.42578125000000     -1
kind
     25     
    67500          153139     
       12.25000000000000  
 OBS            69
      10.38507526482040
       7.44676678698641
       1.00000000000000
 68 70 -1
obdef
loc3d
        4.95508230192316              0.68705689194968              9.08530712127686     -1
kind
     25     
    67500          153139     
       12.25000000000000  
 OBS            70
      10.48602505825922
       7.85889254270969
       1.00000000000000
 69 71 -1
obdef
loc3d
        4.89647559039613              0.68497595921932            824.84875488281250     -1
kind
     25     
    67500          153139     
       12.25000000000000  
 OBS            71
      11.69839732086788
       9.45259139064968
       1.00000000000000
 70 72 -1
obdef
loc3d
        4.89667428721977              0.69273770557989            574.37286376953125     -1
kind
     25     
    67500          153139     
       12.25000000000000  
 OBS            72
       9.03861613500401
       9.99076636331142
       1.00000000000000
 71 73 -1
obdef
loc3d
        4.91583459977084              0.69278424988043            233.68589782714841     -1
kind
     25     
    67500          153139     
       12.25000000000000  
 OBS            73
      13.61527196005137
      11.36971159968720
       1.00000000000000
 72 74 -1
obdef
loc3d
        4.90300762067971              0.68954390300676            525.03326416015625     -1
kind
     25     
    67500          153139     
       12.25000000000000  
 OBS            74
      13.26180495241548
      12.91760073160420
       1.00000000000000
 73 75 -1
obdef
loc3d
        4.90168560310748              0.69286223560483            711.58941650390625     -1
kind
     25     
    67500          153139     
       12.25000000000000  
 OBS            75
       9.63595694010696
       8.17901955864684
       1.00000000000000
 74 76 -1
obdef
loc3d
        4.91091515139416              0.69052501454351            199.70848083496091     -1
kind
     25     
    67500          153139     
       12.25000000000000  
 OBS            76
       5.11123764294393
       1.01116400292136
       1.00000000000000
 75 77 -1
obdef
loc3d
        4.90540352515539              0.69194112440599            606.33142089843750     -1
kind
     26     
    67500          153139     
       12.25000000000000  
 OBS            77
       5.05904544751383
       5.23135934571951
       1.00000000000000
 76 78 -1
obdef
loc3d
        4.94546412681761              0.68348353984884             17.75631332397461     -1
kind
     26     
    67500          153139     
       12.25000000000000  
 OBS            78
       6.27194940365164
       4.39629673021752
       1.00000000000000
 77 79 -1
obdef
loc3d
        4.94660974174000              0.67744857875853             29.35406684875488     -1
kind
     26     
    67500          153139     
       12.25000000000000  
 OBS            79
       5.50112051122128
       3.64827832329341
       1.00000000000000
 78 80 -1
obdef
loc3d
        4.94648126630843              0.68652865419204             54.82812500000000     -1
kind
     26     
    67500          153139     
       12.25000000000000  
 OBS            80
       2.81854025827703
       4.40622677626699
       1.00000000000000
 79 81 -1
obdef
loc3d
        4.94445426011379              0.68507566758975             62.61011505126953     -1
kind
     26     
    67500          153139     
       12.25000000000000  
 OBS            81
       2.32883857797101
       4.07648757266021
       1.00000000000000
 80 82 -1
obdef
loc3d
        4.94602055174578              0.68752162087271            134.15721130371091     -1
kind
     26     
    67500          153139     
       12.25000000000000  
 OBS            82
       3.45583116227608
       5.27252586047231
       1.00000000000000
 81 83 -1
obdef
loc3d
        4.94603912728501              0.67254511985829             35.00297546386719     -1
kind
     26     
    67500          153139     
       12.25000000000000  
 OBS            83
      10.10170163048960
       7.89616085588147
       1.00000000000000
 82 84 -1
obdef
loc3d
        4.95877904994953              0.67986585977255             17.04111671447754     -1
kind
     26     
    67500          153139     
       12.25000000000000  
 OBS            84
       2.40011802007090
       1.96752247331739
       1.00000000000000
 83 85 -1
obdef
loc3d
        4.93958042817759              0.69095160998657            226.13127136230469     -1
kind
     26     
    67500          153139     
       12.25000000000000  
 OBS            85
       8.07606837431218
       8.31327182366373
       1.00000000000000
 84 86 -1
obdef
loc3d
        4.95756313665553              0.69181797222864             89.84997558593750     -1
kind
     26     
    67500          153139     
       12.25000000000000  
 OBS            86
       0.92823363140253
       6.80496269439802
       1.00000000000000
 85 87 -1
obdef
loc3d
        4.94078657111844              0.67409210989409             60.81152343750000     -1
kind
     26     
    67500          153139     
       12.25000000000000  
 OBS            87
       9.20994119284295
       6.89568227424663
       1.00000000000000
 86 88 -1
obdef
loc3d
        4.95557846691255              0.67267262139613              1.00000000000000     -1
kind
     26     
    67500          153139     
       12.25000000000000  
 OBS            88
       7.95067236095673
       2.15182893644290
       1.00000000000000
 87 89 -1
obdef
loc3d
        4.93193348448080              0.68856418981073            106.00000000000000     -1
kind
     26     
    67500          153139     
       12.25000000000000  
 OBS            89
       2.86727417379231
       0.10264619706532
       1.00000000000000
 88 90 -1
obdef
loc3d
        4.89970838141578              0.68765245249877            785.09423828125000     -1
kind
     26     
    67500          153139     
       12.25000000000000  
 OBS            90
       8.22953888108285
       7.17823460225747
       1.00000000000000
 89 91 -1
obdef
loc3d
        4.95026814558372              0.68993059237416             93.11567687988281     -1
kind
     26     
    67500          153139     
       12.25000000000000  
 OBS            91
       5.56730519164645
       2.63225259684003
       1.00000000000000
 90 92 -1
obdef
loc3d
        4.94174512165160              0.68484635226999            116.56585693359381     -1
kind
     26     
    67500          153139     
       12.25000000000000  
 OBS            92
      15.12103391574751
      10.89276722019480
       1.00000000000000
 91 93 -1
obdef
loc3d
        4.95420735021482              0.68473663912788             15.00000000000000     -1
kind
     26     
    67500          153139     
       12.25000000000000  
 OBS            93
       2.65870837451732
       0.61800313084211
       1.00000000000000
 92 94 -1
obdef
loc3d
        4.93477042118681              0.68310638816012            118.89588928222661     -1
kind
     26     
    67500          153139     
       12.25000000000000  
 OBS            94
      -0.95373358700002
       1.05791326168873
       1.00000000000000
 93 95 -1
obdef
loc3d
        4.93795631029682              0.68276407673392            144.94107055664060     -1
kind
     26     
    67500          153139     
       12.25000000000000  
 OBS            95
       2.66239307506120
       4.01197903715896
       1.00000000000000
 94 96 -1
obdef
loc3d
        4.94001671685736              0.68064929967652             43.67281723022461     -1
kind
     26     
    67500          153139     
       12.25000000000000  
 OBS            96
       2.67737363042620
       5.83084722727582
       1.00000000000000
 95 97 -1
obdef
loc3d
        4.94058460161740              0.67807181314514             70.17810058593750     -1
kind
     26     
    67500          153139     
       12.25000000000000  
 OBS            97
       9.06948321558442
       8.96269180580134
       1.00000000000000
 96 98 -1
obdef
loc3d
        4.95423295419494              0.68033176843505              3.71636104583740     -1
kind
     26     
    67500          153139     
       12.25000000000000  
 OBS            98
       7.11852400521013
       7.38343242755739
       1.00000000000000
 97 99 -1
obdef
loc3d
        4.94926894458696              0.66642585587446             10.91526031494141     -1
kind
     26     
    67500          153139     
       12.25000000000000  
 OBS            99
      10.79063619091771
      11.40925696464380
       1.00000000000000
 98 100 -1
obdef
loc3d
        4.96223480186848              0.66700036066835              5.00000000000000     -1
kind
     26     
    67500          153139     
       12.25000000000000  
 OBS            100
      -0.02879159486274
       7.43693362200990
       1.00000000000000
 99 101 -1
obdef
loc3d
        4.95546148971009              0.67729393735082              6.17724800109863     -1
kind
     26     
    67500          153139     
       12.25000000000000  
 OBS            101
       6.43749947675748
       0.72403559919635
       1.00000000000000
 100 102 -1
obdef
loc3d
        4.92652723985629              0.69051382381431            146.04148864746091     -1
kind
     26     
    67500          153139     
       12.25000000000000  
 OBS            102
      14.27435882399304
      10.67205693427670
       1.00000000000000
 101 103 -1
obdef
loc3d
        4.96366005344362              0.66920346185787              6.00000000000000     -1
kind
     26     
    67500          153139     
       12.25000000000000  
 OBS            103
      14.70887683767043
      14.55933087910190
       1.00000000000000
 102 104 -1
obdef
loc3d
        4.97052949833720              0.66907739847133              8.84140872955322     -1
kind
     26     
    67500          153139     
       12.25000000000000  
 OBS            104
       3.28483138580922
       5.33448583945991
       1.00000000000000
 103 105 -1
obdef
loc3d
        4.95272465676814              0.69285338512106             17.57446289062500     -1
kind
     26     
    67500          153139     
       12.25000000000000  
 OBS            105
       0.92939206796396
       5.77686193110458
       1.00000000000000
 104 106 -1
obdef
loc3d
        4.94895487610473              0.69270373762026            144.09075927734381     -1
kind
     26     
    67500          153139     
       12.25000000000000  
 OBS            106
       9.21103162382673
       2.92936929269967
       1.00000000000000
 105 107 -1
obdef
loc3d
        4.94293085461737              0.69053117803871            168.92642211914060     -1
kind
     26     
    67500          153139     
       12.25000000000000  
 OBS            107
       2.74960258775388
       4.19244192237466
       1.00000000000000
 106 108 -1
obdef
loc3d
        4.93556788041953              0.67027828664670             15.00000000000000     -1
kind
     26     
    67500          153139     
       12.25000000000000  
 OBS            108
       7.41009907530111
       4.53828755196494
       1.00000000000000
 107 109 -1
obdef
loc3d
        4.94611628544174              0.67496858055017             35.03607940673828     -1
kind
     26     
    67500          153139     
       12.25000000000000  
 OBS            109
       7.65266154906353
       8.43799554536900
       1.00000000000000
 108 110 -1
obdef
loc3d
        4.94304709522229              0.67138694960003             45.00000000000000     -1
kind
     26     
    67500          153139     
       12.25000000000000  
 OBS            110
      14.32024484163025
       6.41158612349516
       1.00000000000000
 109 111 -1
obdef
loc3d
        4.94323627307922              0.67609935421143             50.91764831542969     -1
kind
     26     
    67500          153139     
       12.25000000000000  
 OBS            111
      10.89987161352690
       7.18911784472664
       1.00000000000000
 110 112 -1
obdef
loc3d
        4.94382880471830              0.67878617658979             35.27229690551758     -1
kind
     26     
    67500          153139     
       12.25000000000000  
 OBS            112
      -0.38292171386854
       1.98124659989654
       1.00000000000000
 111 113 -1
obdef
loc3d
        4.94220707390035              0.68781081917460            173.94366455078119     -1
kind
     26     
    67500          153139     
       12.25000000000000  
 OBS            113
      -1.59644727473304
       0.14612689943577
       1.00000000000000
 112 114 -1
obdef
loc3d
        4.92755542120837              0.68675243746254            174.61849975585940     -1
kind
     26     
    67500          153139     
       12.25000000000000  
 OBS            114
       2.07446514291570
       2.05737690843695
       1.00000000000000
 113 115 -1
obdef
loc3d
        4.93770287749180              0.68559892863867            149.84144592285159     -1
kind
     26     
    67500          153139     
       12.25000000000000  
 OBS            115
       5.70478349352067
       2.30339379007589
       1.00000000000000
 114 116 -1
obdef
loc3d
        4.92848130899840              0.69282991767383            196.64169311523440     -1
kind
     26     
    67500          153139     
       12.25000000000000  
 OBS            116
       4.07291991423482
       2.24236561856298
       1.00000000000000
 115 117 -1
obdef
loc3d
        4.94329123891126              0.66857696973652             21.80461120605469     -1
kind
     26     
    67500          153139     
       12.25000000000000  
 OBS            117
       0.51017836471451
       1.11566638323864
       1.00000000000000
 116 118 -1
obdef
loc3d
        4.93215285315783              0.69272179551745            405.54205322265619     -1
kind
     26     
    67500          153139     
       12.25000000000000  
 OBS            118
       2.36391917907167
       0.39376175674114
       1.00000000000000
 117 119 -1
obdef
loc3d
        4.93085954966869              0.68304429171430             90.32812500000000     -1
kind
     26     
    67500          153139     
       12.25000000000000  
 OBS            119
      11.94128449690737
       5.78689434132645
       1.00000000000000
 118 120 -1
obdef
loc3d
        4.93705662369825              0.67280917017713             44.45593643188477     -1
kind
     26     
    67500          153139     
       12.25000000000000  
 OBS            120
       1.85224453427173
       3.68654783172524
       1.00000000000000
 119 121 -1
obdef
loc3d
        4.94512604639754              0.69281773274108            184.54177856445310     -1
kind
     26     
    67500          153139     
       12.25000000000000  
 OBS            121
       5.13040146166465
       5.44568678731838
       1.00000000000000
 120 122 -1
obdef
loc3d
        4.94897278262263              0.68784055253573             58.60614395141602     -1
kind
     26     
    67500          153139     
       12.25000000000000  
 OBS            122
       6.49979230611880
       6.82767517266174
       1.00000000000000
 121 123 -1
obdef
loc3d
        4.94602769361993              0.68071046350214             21.00896453857422     -1
kind
     26     
    67500          153139     
       12.25000000000000  
 OBS            123
       6.68443014642744
       6.32442883539734
       1.00000000000000
 122 124 -1
obdef
loc3d
        4.93975094338173              0.67132086947702             44.21312713623047     -1
kind
     26     
    67500          153139     
       12.25000000000000  
 OBS            124
       0.10082185324651
       2.64881375916756
       1.00000000000000
 123 125 -1
obdef
loc3d
        4.93608481943111              0.69281990441712            165.01060485839841     -1
kind
     26     
    67500          153139     
       12.25000000000000  
 OBS            125
      -0.21040604282989
      -0.65705659660532
       1.00000000000000
 124 126 -1
obdef
loc3d
        4.92159319416735              0.69282443720594            292.33944702148438     -1
kind
     26     
    67500          153139     
       12.25000000000000  
 OBS            126
      -0.01823161017858
       1.47438766829837
       1.00000000000000
 125 127 -1
obdef
loc3d
        4.93873881518950              0.68829597049600            229.64634704589841     -1
kind
     26     
    67500          153139     
       12.25000000000000  
 OBS            127
       3.95824125077253
       1.92154829877307
       1.00000000000000
 126 128 -1
obdef
loc3d
        4.93527083413009              0.68767784768684            170.73742675781250     -1
kind
     26     
    67500          153139     
       12.25000000000000  
 OBS            128
       1.42417887646189
       5.23843489821363
       1.00000000000000
 127 129 -1
obdef
loc3d
        4.94662113618514              0.69029960200592            170.37097167968750     -1
kind
     26     
    67500          153139     
       12.25000000000000  
 OBS            129
       4.04427759228297
       2.66915640124952
       1.00000000000000
 128 130 -1
obdef
loc3d
        4.93429249379945              0.69052021135789            149.81713867187500     -1
kind
     26     
    67500          153139     
       12.25000000000000  
 OBS            130
      -1.00090168686569
       1.76638831340617
       1.00000000000000
 129 131 -1
obdef
loc3d
        4.93269049343414              0.68556567101287            183.19726562500000     -1
kind
     26     
    67500          153139     
       12.25000000000000  
 OBS            131
      15.21806119793146
      11.71426897464800
       1.00000000000000
 130 132 -1
obdef
loc3d
        4.96102089029673              0.67774516842699             17.24609375000000     -1
kind
     26     
    67500          153139     
       12.25000000000000  
 OBS            132
       5.78007761060248
      10.01744647257990
       1.00000000000000
 131 133 -1
obdef
loc3d
        4.95766343385975              0.68587140474105             17.20619201660156     -1
kind
     26     
    67500          153139     
       12.25000000000000  
 OBS            133
       7.62681617450833
      10.02498117867440
       1.00000000000000
 132 134 -1
obdef
loc3d
        4.96848382491262              0.66600327539335              8.93466186523438     -1
kind
     26     
    67500          153139     
       12.25000000000000  
 OBS            134
      12.62197911813202
       9.48063774577697
       1.00000000000000
 133 135 -1
obdef
loc3d
        4.95841046678131              0.68356976794003             15.00000000000000     -1
kind
     26     
    67500          153139     
       12.25000000000000  
 OBS            135
       4.32489801975367
      10.78644285340270
       1.00000000000000
 134 136 -1
obdef
loc3d
        4.95968425198686              0.67283122878530              9.91464328765869     -1
kind
     26     
    67500          153139     
       12.25000000000000  
 OBS            136
      10.40880727518301
      11.64357184147470
       1.00000000000000
 135 137 -1
obdef
loc3d
        4.95850938370535              0.67569847985950              9.09960937500000     -1
kind
     26     
    67500          153139     
       12.25000000000000  
 OBS            137
      12.30574806242937
       9.15512083070487
       1.00000000000000
 136 138 -1
obdef
loc3d
        4.96062039600501              0.68186605212913             14.00000000000000     -1
kind
     26     
    67500          153139     
       12.25000000000000  
 OBS            138
      10.33480708487056
      10.41352960770730
       1.00000000000000
 137 139 -1
obdef
loc3d
        4.96044430349621              0.68522255501691             15.00000000000000     -1
kind
     26     
    67500          153139     
       12.25000000000000  
 OBS            139
       5.40462616062738
       9.79170354134307
       1.00000000000000
 138 140 -1
obdef
loc3d
        4.95666979050607              0.68165969365477             15.07347202301025     -1
kind
     26     
    67500          153139     
       12.25000000000000  
 OBS            140
      10.79334802299319
      10.43131791179000
       1.00000000000000
 139 141 -1
obdef
loc3d
        4.96483712939352              0.66390373451953              6.00000000000000     -1
kind
     26     
    67500          153139     
       12.25000000000000  
 OBS            141
      15.16855599860654
      12.17207365917470
       1.00000000000000
 140 142 -1
obdef
loc3d
        4.96717335385836              0.67072562238302             13.76562500000000     -1
kind
     26     
    67500          153139     
       12.25000000000000  
 OBS            142
      12.71286962262787
       9.15676615349835
       1.00000000000000
 141 143 -1
obdef
loc3d
        4.96004611966382              0.68820120365869             15.00000000000000     -1
kind
     26     
    67500          153139     
       12.25000000000000  
 OBS            143
       6.05000472508509
       7.20991883609413
       1.00000000000000
 142 144 -1
obdef
loc3d
        4.95406364445895              0.69009645468583             54.42578125000000     -1
kind
     26     
    67500          153139     
       12.25000000000000  
 OBS            144
      13.17147829061771
      10.19069054721890
       1.00000000000000
 143 145 -1
obdef
loc3d
        4.95508230192316              0.68705689194968              9.08530712127686     -1
kind
     26     
    67500          153139     
       12.25000000000000  
 OBS            145
       3.19194141333259
       1.21477295402054
       1.00000000000000
 144 146 -1
obdef
loc3d
        4.89647559039613              0.68497595921932            824.84875488281250     -1
kind
     26     
    67500          153139     
       12.25000000000000  
 OBS            146
       5.55309516470173
       3.11542401931749
       1.00000000000000
 145 147 -1
obdef
loc3d
        4.89667428721977              0.69273770557989            574.37286376953125     -1
kind
     26     
    67500          153139     
       12.25000000000000  
 OBS            147
       4.96315408749539
       1.86952247846321
       1.00000000000000
 146 148 -1
obdef
loc3d
        4.91583459977084              0.69278424988043            233.68589782714841     -1
kind
     26     
    67500          153139     
       12.25000000000000  
 OBS            148
       5.59739876017558
       0.50254497340663
       1.00000000000000
 147 149 -1
obdef
loc3d
        4.90300762067971              0.68954390300676            525.03326416015625     -1
kind
     26     
    67500          153139     
       12.25000000000000  
 OBS            149
       9.81507278638077
       0.73561978845798
       1.00000000000000
 148 150 -1
obdef
loc3d
        4.90168560310748              0.69286223560483            711.58941650390625     -1
kind
     26     
    67500          153139     
       12.25000000000000  
 OBS            150
       2.42589524049517
       1.64170749400092
       1.00000000000000
 149 151 -1
obdef
loc3d
        4.91091515139416              0.69052501454351            199.70848083496091     -1
kind
     26     
    67500          153139     
       12.25000000000000  
 OBS            151
     289.73357505405215
     289.49402017729398
       1.00000000000000
 150 152 -1
obdef
loc3d
        4.90540352515539              0.69194112440599            606.33142089843750     -1
kind
     27     
    67500          153139     
        6.25000000000000  
 OBS            152
     294.85635103618375
     295.60195793535701
       1.00000000000000
 151 153 -1
obdef
loc3d
        4.94546412681761              0.68348353984884             17.75631332397461     -1
kind
     27     
    67500          153139     
        6.25000000000000  
 OBS            153
     294.21152850020388
     294.27619363216098
       1.00000000000000
 152 154 -1
obdef
loc3d
        4.94660974174000              0.67744857875853             29.35406684875488     -1
kind
     27     
    67500          153139     
        6.25000000000000  
 OBS            154
     293.36991160634744
     295.31075338695899
       1.00000000000000
 153 155 -1
obdef
loc3d
        4.94648126630843              0.68652865419204             54.82812500000000     -1
kind
     27     
    67500          153139     
        6.25000000000000  
 OBS            155
     297.42711526523624
     296.67193884589602
       1.00000000000000
 154 156 -1
obdef
loc3d
        4.94445426011379              0.68507566758975             62.61011505126953     -1
kind
     27     
    67500          153139     
        6.25000000000000  
 OBS            156
     297.22933158322030
     296.02478185516799
       1.00000000000000
 155 157 -1
obdef
loc3d
        4.94602055174578              0.68752162087271            134.15721130371091     -1
kind
     27     
    67500          153139     
        6.25000000000000  
 OBS            157
     291.71412696460010
     292.99483799776300
       1.00000000000000
 156 158 -1
obdef
loc3d
        4.94603912728501              0.67254511985829             35.00297546386719     -1
kind
     27     
    67500          153139     
        6.25000000000000  
 OBS            158
     294.09720946595377
     295.00789180377399
       1.00000000000000
 157 159 -1
obdef
loc3d
        4.95877904994953              0.67986585977255             17.04111671447754     -1
kind
     27     
    67500          153139     
        6.25000000000000  
 OBS            159
     295.37619328136896
     294.35462591132602
       1.00000000000000
 158 160 -1
obdef
loc3d
        4.93958042817759              0.69095160998657            226.13127136230469     -1
kind
     27     
    67500          153139     
        6.25000000000000  
 OBS            160
     295.74508482370612
     294.67012054036400
       1.00000000000000
 159 161 -1
obdef
loc3d
        4.95756313665553              0.69181797222864             89.84997558593750     -1
kind
     27     
    67500          153139     
        6.25000000000000  
 OBS            161
     296.34741120192263
     296.14527452804901
       1.00000000000000
 160 162 -1
obdef
loc3d
        4.94078657111844              0.67409210989409             60.81152343750000     -1
kind
     27     
    67500          153139     
        6.25000000000000  
 OBS            162
     296.23512546613324
     295.38345925843601
       1.00000000000000
 161 163 -1
obdef
loc3d
        4.95557846691255              0.67267262139613              1.00000000000000     -1
kind
     27     
    67500          153139     
        6.25000000000000  
 OBS            163
     295.83468437806488
     295.20800527211702
       1.00000000000000
 162 164 -1
obdef
loc3d
        4.93193348448080              0.68856418981073            106.00000000000000     -1
kind
     27     
    67500          153139     
        6.25000000000000  
 OBS            164
     288.24490069663966
     286.41982083236798
       1.00000000000000
 163 165 -1
obdef
loc3d
        4.89970838141578              0.68765245249877            785.09423828125000     -1
kind
     27     
    67500          153139     
        6.25000000000000  
 OBS            165
     296.82017257431482
     294.80254099077700
       1.00000000000000
 164 166 -1
obdef
loc3d
        4.95026814558372              0.68993059237416             93.11567687988281     -1
kind
     27     
    67500          153139     
        6.25000000000000  
 OBS            166
     295.66819284908792
     296.22038093713701
       1.00000000000000
 165 167 -1
obdef
loc3d
        4.94174512165160              0.68484635226999            116.56585693359381     -1
kind
     27     
    67500          153139     
        6.25000000000000  
 OBS            167
     295.24635269365984
     295.63792256877400
       1.00000000000000
 166 168 -1
obdef
loc3d
        4.95420735021482              0.68473663912788             15.00000000000000     -1
kind
     27     
    67500          153139     
        6.25000000000000  
 OBS            168
     295.66667933249340
     295.65143558465002
       1.00000000000000
 167 169 -1
obdef
loc3d
        4.93477042118681              0.68310638816012            118.89588928222661     -1
kind
     27     
    67500          153139     
        6.25000000000000  
 OBS            169
     298.78249596517702
     296.19540724805199
       1.00000000000000
 168 170 -1
obdef
loc3d
        4.93795631029682              0.68276407673392            144.94107055664060     -1
kind
     27     
    67500          153139     
        6.25000000000000  
 OBS            170
     299.72446547800263
     297.16952691033600
       1.00000000000000
 169 171 -1
obdef
loc3d
        4.94001671685736              0.68064929967652             43.67281723022461     -1
kind
     27     
    67500          153139     
        6.25000000000000  
 OBS            171
     297.73295782508228
     296.30045612067102
       1.00000000000000
 170 172 -1
obdef
loc3d
        4.94058460161740              0.67807181314514             70.17810058593750     -1
kind
     27     
    67500          153139     
        6.25000000000000  
 OBS            172
     294.81338378545928
     293.25156854899598
       1.00000000000000
 171 173 -1
obdef
loc3d
        4.95423295419494              0.68033176843505              3.71636104583740     -1
kind
     27     
    67500          153139     
        6.25000000000000  
 OBS            173
     298.08702487746791
     298.14715845786202
       1.00000000000000
 172 174 -1
obdef
loc3d
        4.94926894458696              0.66642585587446             10.91526031494141     -1
kind
     27     
    67500          153139     
        6.25000000000000  
 OBS            174
     294.11797154360318
     293.78261764805598
       1.00000000000000
 173 175 -1
obdef
loc3d
        4.96223480186848              0.66700036066835              5.00000000000000     -1
kind
     27     
    67500          153139     
        6.25000000000000  
 OBS            175
     296.10576205025689
     296.11624005559497
       1.00000000000000
 174 176 -1
obdef
loc3d
        4.95546148971009              0.67729393735082              6.17724800109863     -1
kind
     27     
    67500          153139     
        6.25000000000000  
 OBS            176
     295.69873607300536
     294.49343620102798
       1.00000000000000
 175 177 -1
obdef
loc3d
        4.92652723985629              0.69051382381431            146.04148864746091     -1
kind
     27     
    67500          153139     
        6.25000000000000  
 OBS            177
     293.23450567273193
     294.18641318496299
       1.00000000000000
 176 178 -1
obdef
loc3d
        4.96366005344362              0.66920346185787              6.00000000000000     -1
kind
     27     
    67500          153139     
        6.25000000000000  
 OBS            178
     289.92989121761667
     291.37665976479502
       1.00000000000000
 177 179 -1
obdef
loc3d
        4.97052949833720              0.66907739847133              8.84140872955322     -1
kind
     27     
    67500          153139     
        6.25000000000000  
 OBS            179
     293.61140002584443
     292.76295500226598
       1.00000000000000
 178 180 -1
obdef
loc3d
        4.95272465676814              0.69285338512106             17.57446289062500     -1
kind
     27     
    67500          153139     
        6.25000000000000  
 OBS            180
     291.97478520031262
     294.35528366647299
       1.00000000000000
 179 181 -1
obdef
loc3d
        4.94895487610473              0.69270373762026            144.09075927734381     -1
kind
     27     
    67500          153139     
        6.25000000000000  
 OBS            181
     294.55725927676008
     294.68629863411201
       1.00000000000000
 180 182 -1
obdef
loc3d
        4.94293085461737              0.69053117803871            168.92642211914060     -1
kind
     27     
    67500          153139     
        6.25000000000000  
 OBS            182
     298.22089149903036
     297.68552084102203
       1.00000000000000
 181 183 -1
obdef
loc3d
        4.93556788041953              0.67027828664670             15.00000000000000     -1
kind
     27     
    67500          153139     
        6.25000000000000  
 OBS            183
     293.65271016490442
     293.96541093828500
       1.00000000000000
 182 184 -1
obdef
loc3d
        4.94611628544174              0.67496858055017             35.03607940673828     -1
kind
     27     
    67500          153139     
        6.25000000000000  
 OBS            184
     293.14400323673925
     293.56474683269897
       1.00000000000000
 183 185 -1
obdef
loc3d
        4.94304709522229              0.67138694960003             45.00000000000000     -1
kind
     27     
    67500          153139     
        6.25000000000000  
 OBS            185
     294.45057118403793
     295.63191696238698
       1.00000000000000
 184 186 -1
obdef
loc3d
        4.94323627307922              0.67609935421143             50.91764831542969     -1
kind
     27     
    67500          153139     
        6.25000000000000  
 OBS            186
     297.57002769380301
     296.15350976285498
       1.00000000000000
 185 187 -1
obdef
loc3d
        4.94382880471830              0.67878617658979             35.27229690551758     -1
kind
     27     
    67500          153139     
        6.25000000000000  
 OBS            187
     294.50818580472702
     294.83660896250899
       1.00000000000000
 186 188 -1
obdef
loc3d
        4.94220707390035              0.68781081917460            173.94366455078119     -1
kind
     27     
    67500          153139     
        6.25000000000000  
 OBS            188
     294.94586770347121
     293.94869805747499
       1.00000000000000
 187 189 -1
obdef
loc3d
        4.92755542120837              0.68675243746254            174.61849975585940     -1
kind
     27     
    67500          153139     
        6.25000000000000  
 OBS            189
     296.21760680341487
     295.10899979093602
       1.00000000000000
 188 190 -1
obdef
loc3d
        4.93770287749180              0.68559892863867            149.84144592285159     -1
kind
     27     
    67500          153139     
        6.25000000000000  
 OBS            190
     295.96475611580581
     294.59716402050299
       1.00000000000000
 189 191 -1
obdef
loc3d
        4.92848130899840              0.69282991767383            196.64169311523440     -1
kind
     27     
    67500          153139     
        6.25000000000000  
 OBS            191
     293.78611368928318
     293.63976959262300
       1.00000000000000
 190 192 -1
obdef
loc3d
        4.94329123891126              0.66857696973652             21.80461120605469     -1
kind
     27     
    67500          153139     
        6.25000000000000  
 OBS            192
     293.80307212780269
     292.82677789326402
       1.00000000000000
 191 193 -1
obdef
loc3d
        4.93215285315783              0.69272179551745            405.54205322265619     -1
kind
     27     
    67500          153139     
        6.25000000000000  
 OBS            193
     295.24152112231360
     295.89367938778400
       1.00000000000000
 192 194 -1
obdef
loc3d
        4.93085954966869              0.68304429171430             90.32812500000000     -1
kind
     27     
    67500          153139     
        6.25000000000000  
 OBS            194
     297.65469615780148
     297.13086907112603
       1.00000000000000
 193 195 -1
obdef
loc3d
        4.93705662369825              0.67280917017713             44.45593643188477     -1
kind
     27     
    67500          153139     
        6.25000000000000  
 OBS            195
     294.22192699898915
     294.21424291600300
       1.00000000000000
 194 196 -1
obdef
loc3d
        4.94512604639754              0.69281773274108            184.54177856445310     -1
kind
     27     
    67500          153139     
        6.25000000000000  
 OBS            196
     294.08672892587367
     295.76447446948498
       1.00000000000000
 195 197 -1
obdef
loc3d
        4.94897278262263              0.68784055253573             58.60614395141602     -1
kind
     27     
    67500          153139     
        6.25000000000000  
 OBS            197
     296.04599290670666
     296.19802844562997
       1.00000000000000
 196 198 -1
obdef
loc3d
        4.94602769361993              0.68071046350214             21.00896453857422     -1
kind
     27     
    67500          153139     
        6.25000000000000  
 OBS            198
     296.35827836722120
     295.51045058979997
       1.00000000000000
 197 199 -1
obdef
loc3d
        4.93975094338173              0.67132086947702             44.21312713623047     -1
kind
     27     
    67500          153139     
        6.25000000000000  
 OBS            199
     294.56171929913353
     294.97051216803698
       1.00000000000000
 198 200 -1
obdef
loc3d
        4.93608481943111              0.69281990441712            165.01060485839841     -1
kind
     27     
    67500          153139     
        6.25000000000000  
 OBS            200
     292.70533135021407
     293.42629601454399
       1.00000000000000
 199 201 -1
obdef
loc3d
        4.92159319416735              0.69282443720594            292.33944702148438     -1
kind
     27     
    67500          153139     
        6.25000000000000  
 OBS            201
     294.22615589376460
     294.48552191554700
       1.00000000000000
 200 202 -1
obdef
loc3d
        4.93873881518950              0.68829597049600            229.64634704589841     -1
kind
     27     
    67500          153139     
        6.25000000000000  
 OBS            202
     295.09228370261917
     294.74642176916399
       1.00000000000000
 201 203 -1
obdef
loc3d
        4.93527083413009              0.68767784768684            170.73742675781250     -1
kind
     27     
    67500          153139     
        6.25000000000000  
 OBS            203
     294.97435785757455
     294.80399784606698
       1.00000000000000
 202 204 -1
obdef
loc3d
        4.94662113618514              0.69029960200592            170.37097167968750     -1
kind
     27     
    67500          153139     
        6.25000000000000  
 OBS            204
     294.91044776615809
     295.02073082465500
       1.00000000000000
 203 205 -1
obdef
loc3d
        4.93429249379945              0.69052021135789            149.81713867187500     -1
kind
     27     
    67500          153139     
        6.25000000000000  
 OBS            205
     294.86452210303122
     294.26029274290198
       1.00000000000000
 204 206 -1
obdef
loc3d
        4.93269049343414              0.68556567101287            183.19726562500000     -1
kind
     27     
    67500          153139     
        6.25000000000000  
 OBS            206
     296.16262583319059
     294.53845154356702
       1.00000000000000
 205 207 -1
obdef
loc3d
        4.96102089029673              0.67774516842699             17.24609375000000     -1
kind
     27     
    67500          153139     
        6.25000000000000  
 OBS            207
     293.03758004785851
     295.16264938553098
       1.00000000000000
 206 208 -1
obdef
loc3d
        4.95766343385975              0.68587140474105             17.20619201660156     -1
kind
     27     
    67500          153139     
        6.25000000000000  
 OBS            208
     291.10937718357371
     291.37211285309701
       1.00000000000000
 207 209 -1
obdef
loc3d
        4.96848382491262              0.66600327539335              8.93466186523438     -1
kind
     27     
    67500          153139     
        6.25000000000000  
 OBS            209
     294.81277052421206
     294.69755542876300
       1.00000000000000
 208 210 -1
obdef
loc3d
        4.95841046678131              0.68356976794003             15.00000000000000     -1
kind
     27     
    67500          153139     
        6.25000000000000  
 OBS            210
     293.31477527191635
     295.23327245480800
       1.00000000000000
 209 211 -1
obdef
loc3d
        4.95968425198686              0.67283122878530              9.91464328765869     -1
kind
     27     
    67500          153139     
        6.25000000000000  
 OBS            211
     294.09666754394533
     294.03679344525199
       1.00000000000000
 210 212 -1
obdef
loc3d
        4.95850938370535              0.67569847985950              9.09960937500000     -1
kind
     27     
    67500          153139     
        6.25000000000000  
 OBS            212
     293.78087879088309
     294.65484216463500
       1.00000000000000
 211 213 -1
obdef
loc3d
        4.96062039600501              0.68186605212913             14.00000000000000     -1
kind
     27     
    67500          153139     
        6.25000000000000  
 OBS            213
     294.62435389358518
     294.94975265176299
       1.00000000000000
 212 214 -1
obdef
loc3d
        4.96044430349621              0.68522255501691             15.00000000000000     -1
kind
     27     
    67500          153139     
        6.25000000000000  
 OBS            214
     294.61178443514063
     294.19712389244802
       1.00000000000000
 213 215 -1
obdef
loc3d
        4.95666979050607              0.68165969365477             15.07347202301025     -1
kind
     27     
    67500          153139     
        6.25000000000000  
 OBS            215
     292.25050945773921
     292.86352176230702
       1.00000000000000
 214 216 -1
obdef
loc3d
        4.96483712939352              0.66390373451953              6.00000000000000     -1
kind
     27     
    67500          153139     
        6.25000000000000  
 OBS            216
     292.46188848292547
     292.73364319526502
       1.00000000000000
 215 217 -1
obdef
loc3d
        4.96717335385836              0.67072562238302             13.76562500000000     -1
kind
     27     
    67500          153139     
        6.25000000000000  
 OBS            217
     296.37355068961756
     295.66568848016198
       1.00000000000000
 216 218 -1
obdef
loc3d
        4.96004611966382              0.68820120365869             15.00000000000000     -1
kind
     27     
    67500          153139     
        6.25000000000000  
 OBS            218
     294.69231188046945
     294.63100607251300
       1.00000000000000
 217 219 -1
obdef
loc3d
        4.95406364445895              0.69009645468583             54.42578125000000     -1
kind
     27     
    67500          153139     
        6.25000000000000  
 OBS            219
     295.57015665312082
     295.94754667787998
       1.00000000000000
 218 220 -1
obdef
loc3d
        4.95508230192316              0.68705689194968              9.08530712127686     -1
kind
     27     
    67500          153139     
        6.25000000000000  
 OBS            220
     282.47450496356066
     284.56528685010198
       1.00000000000000
 219 221 -1
obdef
loc3d
        4.89647559039613              0.68497595921932            824.84875488281250     -1
kind
     27     
    67500          153139     
        6.25000000000000  
 OBS            221
     290.58545937440255
     287.95941075741399
       1.00000000000000
 220 222 -1
obdef
loc3d
        4.89667428721977              0.69273770557989            574.37286376953125     -1
kind
     27     
    67500          153139     
        6.25000000000000  
 OBS            222
     290.46719509583687
     292.79791494193103
       1.00000000000000
 221 223 -1
obdef
loc3d
        4.91583459977084              0.69278424988043            233.68589782714841     -1
kind
     27     
    67500          153139     
        6.25000000000000  
 OBS            223
     287.97670128233062
     288.20411943457100
       1.00000000000000
 222 224 -1
obdef
loc3d
        4.90300762067971              0.68954390300676            525.03326416015625     -1
kind
     27     
    67500          153139     
        6.25000000000000  
 OBS            224
     288.55416866637779
     288.22456240481102
       1.00000000000000
 223 225 -1
obdef
loc3d
        4.90168560310748              0.69286223560483            711.58941650390625     -1
kind
     27     
    67500          153139     
        6.25000000000000  
 OBS            225
     292.81257583247663
     292.43988624780002
       1.00000000000000
 224 -1 -1
obdef
loc3d
        4.91091515139416              0.69052501454351            199.70848083496091     -1
kind
     27     
    67500          153139     
        6.25000000000000  
