 obs_sequence
obs_kind_definitions
       3
    25          LAND_SFC_U_WIND_COMPONENT   
    26          LAND_SFC_V_WIND_COMPONENT   
    27          LAND_SFC_TEMPERATURE   
  num_copies:            2  num_qc:            1
 num_obs:       225  max_num_obs:       225
observations
truth
QC radar
  first:            1  last:       225
 OBS            1
       4.09693625555283
       4.41251651290402
       1.00000000000000
 -1 2 -1
obdef
loc3d
        4.90540352515539              0.69194112440599            606.33142089843750     -1
kind
     25     
    36000          153139     
       12.25000000000000  
 OBS            2
      -1.54532436619730
      -1.81443209142626
       1.00000000000000
 1 3 -1
obdef
loc3d
        4.94546412681761              0.68348353984884             17.75631332397461     -1
kind
     25     
    36000          153139     
       12.25000000000000  
 OBS            3
       1.59088625239135
      -0.43699437167390
       1.00000000000000
 2 4 -1
obdef
loc3d
        4.94660974174000              0.67744857875853             29.35406684875488     -1
kind
     25     
    36000          153139     
       12.25000000000000  
 OBS            4
      -3.81462796179808
      -1.90399842454119
       1.00000000000000
 3 5 -1
obdef
loc3d
        4.94648126630843              0.68652865419204             54.82812500000000     -1
kind
     25     
    36000          153139     
       12.25000000000000  
 OBS            5
      -3.75395189513459
      -1.57194493795554
       1.00000000000000
 4 6 -1
obdef
loc3d
        4.94445426011379              0.68507566758975             62.61011505126953     -1
kind
     25     
    36000          153139     
       12.25000000000000  
 OBS            6
      -5.27047893654512
      -2.20700935168049
       1.00000000000000
 5 7 -1
obdef
loc3d
        4.94602055174578              0.68752162087271            134.15721130371091     -1
kind
     25     
    36000          153139     
       12.25000000000000  
 OBS            7
      -1.23816424302178
      -0.60907492014519
       1.00000000000000
 6 8 -1
obdef
loc3d
        4.94603912728501              0.67254511985829             35.00297546386719     -1
kind
     25     
    36000          153139     
       12.25000000000000  
 OBS            8
      -0.69600777163853
      -3.05071551184723
       1.00000000000000
 7 9 -1
obdef
loc3d
        4.95877904994953              0.67986585977255             17.04111671447754     -1
kind
     25     
    36000          153139     
       12.25000000000000  
 OBS            9
      -3.37451126072009
      -2.59401615897304
       1.00000000000000
 8 10 -1
obdef
loc3d
        4.93958042817759              0.69095160998657            226.13127136230469     -1
kind
     25     
    36000          153139     
       12.25000000000000  
 OBS            10
      -1.40355273360673
      -1.27141769179367
       1.00000000000000
 9 11 -1
obdef
loc3d
        4.95756313665553              0.69181797222864             89.84997558593750     -1
kind
     25     
    36000          153139     
       12.25000000000000  
 OBS            11
      -5.84552707347676
      -0.18204286105527
       1.00000000000000
 10 12 -1
obdef
loc3d
        4.94078657111844              0.67409210989409             60.81152343750000     -1
kind
     25     
    36000          153139     
       12.25000000000000  
 OBS            12
      -6.67651404340378
      -1.56763879292765
       1.00000000000000
 11 13 -1
obdef
loc3d
        4.95557846691255              0.67267262139613              1.00000000000000     -1
kind
     25     
    36000          153139     
       12.25000000000000  
 OBS            13
       2.22140837231375
       0.81644079756614
       1.00000000000000
 12 14 -1
obdef
loc3d
        4.93193348448080              0.68856418981073            106.00000000000000     -1
kind
     25     
    36000          153139     
       12.25000000000000  
 OBS            14
      -2.16785001356002
      -3.95386934892171
       1.00000000000000
 13 15 -1
obdef
loc3d
        4.89970838141578              0.68765245249877            785.09423828125000     -1
kind
     25     
    36000          153139     
       12.25000000000000  
 OBS            15
       3.80221123542570
      -0.33543375028465
       1.00000000000000
 14 16 -1
obdef
loc3d
        4.95026814558372              0.68993059237416             93.11567687988281     -1
kind
     25     
    36000          153139     
       12.25000000000000  
 OBS            16
      -4.17696381810768
      -2.32457989551205
       1.00000000000000
 15 17 -1
obdef
loc3d
        4.94174512165160              0.68484635226999            116.56585693359381     -1
kind
     25     
    36000          153139     
       12.25000000000000  
 OBS            17
      -9.10738206462768
      -3.34524079319575
       1.00000000000000
 16 18 -1
obdef
loc3d
        4.95420735021482              0.68473663912788             15.00000000000000     -1
kind
     25     
    36000          153139     
       12.25000000000000  
 OBS            18
       4.17745790215087
      -1.15195110517523
       1.00000000000000
 17 19 -1
obdef
loc3d
        4.93477042118681              0.68310638816012            118.89588928222661     -1
kind
     25     
    36000          153139     
       12.25000000000000  
 OBS            19
      -2.33278910833759
      -1.55517531615795
       1.00000000000000
 18 20 -1
obdef
loc3d
        4.93795631029682              0.68276407673392            144.94107055664060     -1
kind
     25     
    36000          153139     
       12.25000000000000  
 OBS            20
       3.62753153393736
      -0.58973691176395
       1.00000000000000
 19 21 -1
obdef
loc3d
        4.94001671685736              0.68064929967652             43.67281723022461     -1
kind
     25     
    36000          153139     
       12.25000000000000  
 OBS            21
       3.04698342910246
       0.08271096898669
       1.00000000000000
 20 22 -1
obdef
loc3d
        4.94058460161740              0.67807181314514             70.17810058593750     -1
kind
     25     
    36000          153139     
       12.25000000000000  
 OBS            22
      -2.47986726581807
      -1.50536991086560
       1.00000000000000
 21 23 -1
obdef
loc3d
        4.95423295419494              0.68033176843505              3.71636104583740     -1
kind
     25     
    36000          153139     
       12.25000000000000  
 OBS            23
      -5.06244717145639
      -1.45163949499348
       1.00000000000000
 22 24 -1
obdef
loc3d
        4.94926894458696              0.66642585587446             10.91526031494141     -1
kind
     25     
    36000          153139     
       12.25000000000000  
 OBS            24
      -0.38455204522836
      -2.17648926114591
       1.00000000000000
 23 25 -1
obdef
loc3d
        4.96223480186848              0.66700036066835              5.00000000000000     -1
kind
     25     
    36000          153139     
       12.25000000000000  
 OBS            25
      -1.19276591874700
      -2.01438794449783
       1.00000000000000
 24 26 -1
obdef
loc3d
        4.95546148971009              0.67729393735082              6.17724800109863     -1
kind
     25     
    36000          153139     
       12.25000000000000  
 OBS            26
      -4.17326965188511
      -0.22990434867595
       1.00000000000000
 25 27 -1
obdef
loc3d
        4.92652723985629              0.69051382381431            146.04148864746091     -1
kind
     25     
    36000          153139     
       12.25000000000000  
 OBS            27
       1.86440935347488
      -0.86956933803920
       1.00000000000000
 26 28 -1
obdef
loc3d
        4.96366005344362              0.66920346185787              6.00000000000000     -1
kind
     25     
    36000          153139     
       12.25000000000000  
 OBS            28
       2.39358720017168
      -0.87948794469738
       1.00000000000000
 27 29 -1
obdef
loc3d
        4.97052949833720              0.66907739847133              8.84140872955322     -1
kind
     25     
    36000          153139     
       12.25000000000000  
 OBS            29
      -3.94537438046257
      -0.22080612945692
       1.00000000000000
 28 30 -1
obdef
loc3d
        4.93505853489354              0.69035668900909            163.38452148437500     -1
kind
     25     
    36000          153139     
       12.25000000000000  
 OBS            30
      -2.34910332497299
      -0.31124616769105
       1.00000000000000
 29 31 -1
obdef
loc3d
        4.93979773523841              0.67259214116167             45.00000000000000     -1
kind
     25     
    36000          153139     
       12.25000000000000  
 OBS            31
      -2.79827314613587
       0.03454380730124
       1.00000000000000
 30 32 -1
obdef
loc3d
        4.92901815402419              0.68818595396932            126.56063842773440     -1
kind
     25     
    36000          153139     
       12.25000000000000  
 OBS            32
      -5.48361340965354
      -3.01625549508014
       1.00000000000000
 31 33 -1
obdef
loc3d
        4.92864050752959              0.68988490592333            360.09008789062500     -1
kind
     25     
    36000          153139     
       12.25000000000000  
 OBS            33
       3.00125898699853
      -1.79514590227245
       1.00000000000000
 32 34 -1
obdef
loc3d
        4.94071794293451              0.68880476183725            173.77728271484381     -1
kind
     25     
    36000          153139     
       12.25000000000000  
 OBS            34
      -4.76067818116394
      -0.41941067988366
       1.00000000000000
 33 35 -1
obdef
loc3d
        4.94475069255349              0.67936922784321             17.10044860839844     -1
kind
     25     
    36000          153139     
       12.25000000000000  
 OBS            35
      -1.34410869720711
       1.79938966112535
       1.00000000000000
 34 36 -1
obdef
loc3d
        4.93040524362615              0.68956958577383            472.38653564453119     -1
kind
     25     
    36000          153139     
       12.25000000000000  
 OBS            36
       0.58794372325442
      -0.39888911453760
       1.00000000000000
 35 37 -1
obdef
loc3d
        4.93438788521233              0.68743777381223            157.39462280273440     -1
kind
     25     
    36000          153139     
       12.25000000000000  
 OBS            37
       1.43875038876770
      -0.41581954994352
       1.00000000000000
 36 38 -1
obdef
loc3d
        4.93003537520636              0.69083454089469            382.75677490234381     -1
kind
     25     
    36000          153139     
       12.25000000000000  
 OBS            38
      -2.43759679826174
      -2.48343821901591
       1.00000000000000
 37 39 -1
obdef
loc3d
        4.94262489165251              0.68702513034102            130.29710388183591     -1
kind
     25     
    36000          153139     
       12.25000000000000  
 OBS            39
       2.45711416820283
       0.57260707152386
       1.00000000000000
 38 40 -1
obdef
loc3d
        4.93100113789334              0.68653549583784             94.66114807128906     -1
kind
     25     
    36000          153139     
       12.25000000000000  
 OBS            40
      -1.52464801352205
      -0.02788003225898
       1.00000000000000
 39 41 -1
obdef
loc3d
        4.94000002935902              0.67612888350011             59.69976806640625     -1
kind
     25     
    36000          153139     
       12.25000000000000  
 OBS            41
      -1.18003237523896
      -2.15498700803107
       1.00000000000000
 40 42 -1
obdef
loc3d
        4.94231604692662              0.69077376274482            190.83442687988281     -1
kind
     25     
    36000          153139     
       12.25000000000000  
 OBS            42
      -0.45621362072241
       1.04297895537328
       1.00000000000000
 41 43 -1
obdef
loc3d
        4.93554247635603              0.69268257167582            131.09960937500000     -1
kind
     25     
    36000          153139     
       12.25000000000000  
 OBS            43
       1.25244202613297
      -1.16721163055172
       1.00000000000000
 42 44 -1
obdef
loc3d
        4.94069913477896              0.68279864123905            131.77731323242190     -1
kind
     25     
    36000          153139     
       12.25000000000000  
 OBS            44
       1.10439292611813
       0.82314581528280
       1.00000000000000
 43 45 -1
obdef
loc3d
        4.94367854378329              0.67420565331297             56.55799865722656     -1
kind
     25     
    36000          153139     
       12.25000000000000  
 OBS            45
      -4.08371333050755
      -0.59879493987033
       1.00000000000000
 44 46 -1
obdef
loc3d
        4.93814984943932              0.67457436016830             39.55386734008789     -1
kind
     25     
    36000          153139     
       12.25000000000000  
 OBS            46
       0.46739795336617
      -1.12214486553827
       1.00000000000000
 45 47 -1
obdef
loc3d
        4.94253566982520              0.68065092526894             48.56933593750000     -1
kind
     25     
    36000          153139     
       12.25000000000000  
 OBS            47
       0.47250792325689
      -1.33033800066882
       1.00000000000000
 46 48 -1
obdef
loc3d
        4.93593154408741              0.68080949477360             85.35743713378906     -1
kind
     25     
    36000          153139     
       12.25000000000000  
 OBS            48
      -4.81626740361189
      -1.70714913971930
       1.00000000000000
 47 49 -1
obdef
loc3d
        4.94758068519446              0.69282395273635            179.51908874511719     -1
kind
     25     
    36000          153139     
       12.25000000000000  
 OBS            49
      -2.52328063069739
      -0.45024312306350
       1.00000000000000
 48 50 -1
obdef
loc3d
        4.93541634697774              0.67261831698898             21.54207611083984     -1
kind
     25     
    36000          153139     
       12.25000000000000  
 OBS            50
      -4.21591381766607
      -1.04141923185784
       1.00000000000000
 49 51 -1
obdef
loc3d
        4.93342752395137              0.68533697059699            120.48287200927730     -1
kind
     25     
    36000          153139     
       12.25000000000000  
 OBS            51
       5.23361563502598
      -0.53964887101838
       1.00000000000000
 50 52 -1
obdef
loc3d
        4.92811551620144              0.69141391763145            189.00242614746091     -1
kind
     25     
    36000          153139     
       12.25000000000000  
 OBS            52
       2.78514866503724
      -0.30392097079802
       1.00000000000000
 51 53 -1
obdef
loc3d
        4.94328780634786              0.67761918906629             21.61136627197266     -1
kind
     25     
    36000          153139     
       12.25000000000000  
 OBS            53
      -3.47141062602257
      -2.30563416482324
       1.00000000000000
 52 54 -1
obdef
loc3d
        4.93617130041664              0.68578341426755            199.41349792480469     -1
kind
     25     
    36000          153139     
       12.25000000000000  
 OBS            54
      -0.35665402753537
      -1.40680950240206
       1.00000000000000
 53 55 -1
obdef
loc3d
        4.94488890698391              0.68151038983677             42.34177017211914     -1
kind
     25     
    36000          153139     
       12.25000000000000  
 OBS            55
      -0.84008075712953
       1.54972880154248
       1.00000000000000
 54 56 -1
obdef
loc3d
        4.94610769319308              0.67540343249948             44.88281250000000     -1
kind
     25     
    36000          153139     
       12.25000000000000  
 OBS            56
      -2.47156464503135
      -0.26424747449473
       1.00000000000000
 55 57 -1
obdef
loc3d
        4.93098289428918              0.69278368564599            411.59194946289062     -1
kind
     25     
    36000          153139     
       12.25000000000000  
 OBS            57
      -3.82710256420490
      -0.70373498439428
       1.00000000000000
 56 58 -1
obdef
loc3d
        4.93746284305807              0.67295620864423             44.45593643188477     -1
kind
     25     
    36000          153139     
       12.25000000000000  
 OBS            58
       0.62920328380169
      -1.70054897810455
       1.00000000000000
 57 59 -1
obdef
loc3d
        4.93742549337872              0.68866580079864            241.84100341796881     -1
kind
     25     
    36000          153139     
       12.25000000000000  
 OBS            59
      -2.58051620054397
      -0.28260235839094
       1.00000000000000
 58 60 -1
obdef
loc3d
        4.94310367286119              0.67063823067780             37.30942153930664     -1
kind
     25     
    36000          153139     
       12.25000000000000  
 OBS            60
      -7.04322614925342
      -2.06694506584328
       1.00000000000000
 59 61 -1
obdef
loc3d
        4.94312354358950              0.69286317278749            201.84664916992190     -1
kind
     25     
    36000          153139     
       12.25000000000000  
 OBS            61
       0.10022905990476
       1.35660684832947
       1.00000000000000
 60 62 -1
obdef
loc3d
        4.93202293942753              0.69056809921756            124.38476562500000     -1
kind
     25     
    36000          153139     
       12.25000000000000  
 OBS            62
      -0.86988239021484
      -1.23930239013950
       1.00000000000000
 61 63 -1
obdef
loc3d
        4.93852899085493              0.69282303339671            210.85327148437500     -1
kind
     25     
    36000          153139     
       12.25000000000000  
 OBS            63
      -2.37933382990495
      -1.53953121002370
       1.00000000000000
 62 64 -1
obdef
loc3d
        4.93925110381924              0.68654477021234            169.40324401855469     -1
kind
     25     
    36000          153139     
       12.25000000000000  
 OBS            64
      -1.41981554322724
      -1.09100068597922
       1.00000000000000
 63 65 -1
obdef
loc3d
        4.94561300163474              0.69021407942450            101.67103576660161     -1
kind
     25     
    36000          153139     
       12.25000000000000  
 OBS            65
       0.75058438238306
      -1.43151365134109
       1.00000000000000
 64 66 -1
obdef
loc3d
        4.94677761419795              0.66921213830349             30.00000000000000     -1
kind
     25     
    36000          153139     
       12.25000000000000  
 OBS            66
       6.88997608556947
       1.22602800766255
       1.00000000000000
 65 67 -1
obdef
loc3d
        4.91464000802058              0.69220313236118            256.98049926757812     -1
kind
     25     
    36000          153139     
       12.25000000000000  
 OBS            67
      -5.20369799073568
       0.30089227553144
       1.00000000000000
 66 68 -1
obdef
loc3d
        4.91222840493483              0.69213090540308            311.66015625000000     -1
kind
     25     
    36000          153139     
       12.25000000000000  
 OBS            68
       1.84007706890258
       0.26101473825905
       1.00000000000000
 67 69 -1
obdef
loc3d
        4.90319820253832              0.69077085029214            558.21520996093750     -1
kind
     25     
    36000          153139     
       12.25000000000000  
 OBS            69
       4.84407582805470
       1.94007053555374
       1.00000000000000
 68 70 -1
obdef
loc3d
        4.90548367400941              0.68961427180382            340.45385742187500     -1
kind
     25     
    36000          153139     
       12.25000000000000  
 OBS            70
       4.28074982804344
       1.71518896840894
       1.00000000000000
 69 71 -1
obdef
loc3d
        4.90182808691748              0.69286665451088            711.58941650390625     -1
kind
     25     
    36000          153139     
       12.25000000000000  
 OBS            71
       1.86577559052713
      -0.42312154148544
       1.00000000000000
 70 72 -1
obdef
loc3d
        4.92199514385413              0.69211089395115            185.84292602539060     -1
kind
     25     
    36000          153139     
       12.25000000000000  
 OBS            72
       1.62338632902956
       1.39186452341197
       1.00000000000000
 71 73 -1
obdef
loc3d
        4.91709198426003              0.69266703903771            205.88345336914060     -1
kind
     25     
    36000          153139     
       12.25000000000000  
 OBS            73
      -1.50958696442780
       0.87345142815641
       1.00000000000000
 72 74 -1
obdef
loc3d
        4.91305125126208              0.69031483822850            320.48217773437500     -1
kind
     25     
    36000          153139     
       12.25000000000000  
 OBS            74
       2.30176641150245
       1.50855800345709
       1.00000000000000
 73 75 -1
obdef
loc3d
        4.90918301095293              0.69233086407935            229.95614624023440     -1
kind
     25     
    36000          153139     
       12.25000000000000  
 OBS            75
       9.34171388827356
      -0.54369721570907
       1.00000000000000
 74 76 -1
obdef
loc3d
        4.90002894620424              0.69031812013417            840.25653076171875     -1
kind
     25     
    36000          153139     
       12.25000000000000  
 OBS            76
       7.56426845730687
       8.84235891015581
       1.00000000000000
 75 77 -1
obdef
loc3d
        4.90540352515539              0.69194112440599            606.33142089843750     -1
kind
     26     
    36000          153139     
       12.25000000000000  
 OBS            77
       2.83315649751229
       4.08101165579481
       1.00000000000000
 76 78 -1
obdef
loc3d
        4.94546412681761              0.68348353984884             17.75631332397461     -1
kind
     26     
    36000          153139     
       12.25000000000000  
 OBS            78
       2.29747930313186
       5.18867318707076
       1.00000000000000
 77 79 -1
obdef
loc3d
        4.94660974174000              0.67744857875853             29.35406684875488     -1
kind
     26     
    36000          153139     
       12.25000000000000  
 OBS            79
       4.95826947530013
       4.89738233702157
       1.00000000000000
 78 80 -1
obdef
loc3d
        4.94648126630843              0.68652865419204             54.82812500000000     -1
kind
     26     
    36000          153139     
       12.25000000000000  
 OBS            80
       0.99852928355866
       3.70357531137085
       1.00000000000000
 79 81 -1
obdef
loc3d
        4.94445426011379              0.68507566758975             62.61011505126953     -1
kind
     26     
    36000          153139     
       12.25000000000000  
 OBS            81
       9.78976179774274
       6.42743320765090
       1.00000000000000
 80 82 -1
obdef
loc3d
        4.94602055174578              0.68752162087271            134.15721130371091     -1
kind
     26     
    36000          153139     
       12.25000000000000  
 OBS            82
       5.27347150119785
      10.27076007481780
       1.00000000000000
 81 83 -1
obdef
loc3d
        4.94603912728501              0.67254511985829             35.00297546386719     -1
kind
     26     
    36000          153139     
       12.25000000000000  
 OBS            83
      11.77918204616435
      11.39922680351440
       1.00000000000000
 82 84 -1
obdef
loc3d
        4.95877904994953              0.67986585977255             17.04111671447754     -1
kind
     26     
    36000          153139     
       12.25000000000000  
 OBS            84
      13.89182027900785
       9.04063951275609
       1.00000000000000
 83 85 -1
obdef
loc3d
        4.93958042817759              0.69095160998657            226.13127136230469     -1
kind
     26     
    36000          153139     
       12.25000000000000  
 OBS            85
       0.07702376825081
       2.36799957204813
       1.00000000000000
 84 86 -1
obdef
loc3d
        4.95756313665553              0.69181797222864             89.84997558593750     -1
kind
     26     
    36000          153139     
       12.25000000000000  
 OBS            86
       8.17159874094630
       9.30374969519280
       1.00000000000000
 85 87 -1
obdef
loc3d
        4.94078657111844              0.67409210989409             60.81152343750000     -1
kind
     26     
    36000          153139     
       12.25000000000000  
 OBS            87
       8.34924658081773
       9.34305493190015
       1.00000000000000
 86 88 -1
obdef
loc3d
        4.95557846691255              0.67267262139613              1.00000000000000     -1
kind
     26     
    36000          153139     
       12.25000000000000  
 OBS            88
       8.63995950157050
       5.77988900992672
       1.00000000000000
 87 89 -1
obdef
loc3d
        4.93193348448080              0.68856418981073            106.00000000000000     -1
kind
     26     
    36000          153139     
       12.25000000000000  
 OBS            89
      -2.61082614568162
       3.65837879535069
       1.00000000000000
 88 90 -1
obdef
loc3d
        4.89970838141578              0.68765245249877            785.09423828125000     -1
kind
     26     
    36000          153139     
       12.25000000000000  
 OBS            90
      10.46631894194357
       8.07740268828312
       1.00000000000000
 89 91 -1
obdef
loc3d
        4.95026814558372              0.68993059237416             93.11567687988281     -1
kind
     26     
    36000          153139     
       12.25000000000000  
 OBS            91
       6.41784106981197
       6.66169543702762
       1.00000000000000
 90 92 -1
obdef
loc3d
        4.94174512165160              0.68484635226999            116.56585693359381     -1
kind
     26     
    36000          153139     
       12.25000000000000  
 OBS            92
       8.99251592799984
       7.76911381596115
       1.00000000000000
 91 93 -1
obdef
loc3d
        4.95420735021482              0.68473663912788             15.00000000000000     -1
kind
     26     
    36000          153139     
       12.25000000000000  
 OBS            93
       2.55087547392235
       5.20580026016904
       1.00000000000000
 92 94 -1
obdef
loc3d
        4.93477042118681              0.68310638816012            118.89588928222661     -1
kind
     26     
    36000          153139     
       12.25000000000000  
 OBS            94
       7.06371645174768
       7.07291856152121
       1.00000000000000
 93 95 -1
obdef
loc3d
        4.93795631029682              0.68276407673392            144.94107055664060     -1
kind
     26     
    36000          153139     
       12.25000000000000  
 OBS            95
      11.76930510094256
       4.86066003440039
       1.00000000000000
 94 96 -1
obdef
loc3d
        4.94001671685736              0.68064929967652             43.67281723022461     -1
kind
     26     
    36000          153139     
       12.25000000000000  
 OBS            96
       8.18082296217757
       7.43062466876616
       1.00000000000000
 95 97 -1
obdef
loc3d
        4.94058460161740              0.67807181314514             70.17810058593750     -1
kind
     26     
    36000          153139     
       12.25000000000000  
 OBS            97
       6.77461409097185
       8.52244275516201
       1.00000000000000
 96 98 -1
obdef
loc3d
        4.95423295419494              0.68033176843505              3.71636104583740     -1
kind
     26     
    36000          153139     
       12.25000000000000  
 OBS            98
      10.04170397854736
       8.43406659815599
       1.00000000000000
 97 99 -1
obdef
loc3d
        4.94926894458696              0.66642585587446             10.91526031494141     -1
kind
     26     
    36000          153139     
       12.25000000000000  
 OBS            99
       5.48568744681206
      10.21979765587910
       1.00000000000000
 98 100 -1
obdef
loc3d
        4.96223480186848              0.66700036066835              5.00000000000000     -1
kind
     26     
    36000          153139     
       12.25000000000000  
 OBS            100
       7.81237104300637
      12.12371855308420
       1.00000000000000
 99 101 -1
obdef
loc3d
        4.95546148971009              0.67729393735082              6.17724800109863     -1
kind
     26     
    36000          153139     
       12.25000000000000  
 OBS            101
       3.65519793086087
       7.52219046279060
       1.00000000000000
 100 102 -1
obdef
loc3d
        4.92652723985629              0.69051382381431            146.04148864746091     -1
kind
     26     
    36000          153139     
       12.25000000000000  
 OBS            102
      11.49053028188227
      11.03699008461110
       1.00000000000000
 101 103 -1
obdef
loc3d
        4.96366005344362              0.66920346185787              6.00000000000000     -1
kind
     26     
    36000          153139     
       12.25000000000000  
 OBS            103
      13.75328065544590
      13.15649733793190
       1.00000000000000
 102 104 -1
obdef
loc3d
        4.97052949833720              0.66907739847133              8.84140872955322     -1
kind
     26     
    36000          153139     
       12.25000000000000  
 OBS            104
       9.19604923556538
       8.09408897143488
       1.00000000000000
 103 105 -1
obdef
loc3d
        4.93505853489354              0.69035668900909            163.38452148437500     -1
kind
     26     
    36000          153139     
       12.25000000000000  
 OBS            105
      16.47461466116163
      10.30402407948330
       1.00000000000000
 104 106 -1
obdef
loc3d
        4.93979773523841              0.67259214116167             45.00000000000000     -1
kind
     26     
    36000          153139     
       12.25000000000000  
 OBS            106
       1.98987613845675
       5.28607334089813
       1.00000000000000
 105 107 -1
obdef
loc3d
        4.92901815402419              0.68818595396932            126.56063842773440     -1
kind
     26     
    36000          153139     
       12.25000000000000  
 OBS            107
      10.36095639012619
       7.71557879328764
       1.00000000000000
 106 108 -1
obdef
loc3d
        4.92864050752959              0.68988490592333            360.09008789062500     -1
kind
     26     
    36000          153139     
       12.25000000000000  
 OBS            108
       9.28202624250863
       6.25942271973400
       1.00000000000000
 107 109 -1
obdef
loc3d
        4.94071794293451              0.68880476183725            173.77728271484381     -1
kind
     26     
    36000          153139     
       12.25000000000000  
 OBS            109
       3.75579446460497
       5.36735700518866
       1.00000000000000
 108 110 -1
obdef
loc3d
        4.94475069255349              0.67936922784321             17.10044860839844     -1
kind
     26     
    36000          153139     
       12.25000000000000  
 OBS            110
      12.05298058222567
       5.76105380751326
       1.00000000000000
 109 111 -1
obdef
loc3d
        4.93040524362615              0.68956958577383            472.38653564453119     -1
kind
     26     
    36000          153139     
       12.25000000000000  
 OBS            111
       8.33546866773866
       7.98656543239331
       1.00000000000000
 110 112 -1
obdef
loc3d
        4.93438788521233              0.68743777381223            157.39462280273440     -1
kind
     26     
    36000          153139     
       12.25000000000000  
 OBS            112
       6.02945362427588
       7.88980555453366
       1.00000000000000
 111 113 -1
obdef
loc3d
        4.93003537520636              0.69083454089469            382.75677490234381     -1
kind
     26     
    36000          153139     
       12.25000000000000  
 OBS            113
       7.13779439968764
       6.88250919592624
       1.00000000000000
 112 114 -1
obdef
loc3d
        4.94262489165251              0.68702513034102            130.29710388183591     -1
kind
     26     
    36000          153139     
       12.25000000000000  
 OBS            114
      13.01815388880311
       7.30655984839639
       1.00000000000000
 113 115 -1
obdef
loc3d
        4.93100113789334              0.68653549583784             94.66114807128906     -1
kind
     26     
    36000          153139     
       12.25000000000000  
 OBS            115
       4.84083522909660
       8.76481333246355
       1.00000000000000
 114 116 -1
obdef
loc3d
        4.94000002935902              0.67612888350011             59.69976806640625     -1
kind
     26     
    36000          153139     
       12.25000000000000  
 OBS            116
       9.67333824372300
       7.55759906030545
       1.00000000000000
 115 117 -1
obdef
loc3d
        4.94231604692662              0.69077376274482            190.83442687988281     -1
kind
     26     
    36000          153139     
       12.25000000000000  
 OBS            117
       9.54148888216781
       7.22721791146081
       1.00000000000000
 116 118 -1
obdef
loc3d
        4.93554247635603              0.69268257167582            131.09960937500000     -1
kind
     26     
    36000          153139     
       12.25000000000000  
 OBS            118
      -1.03965750441288
       5.07920012518946
       1.00000000000000
 117 119 -1
obdef
loc3d
        4.94069913477896              0.68279864123905            131.77731323242190     -1
kind
     26     
    36000          153139     
       12.25000000000000  
 OBS            119
       8.41420602858456
       9.68999055843703
       1.00000000000000
 118 120 -1
obdef
loc3d
        4.94367854378329              0.67420565331297             56.55799865722656     -1
kind
     26     
    36000          153139     
       12.25000000000000  
 OBS            120
       9.47267553245068
       8.54864934187005
       1.00000000000000
 119 121 -1
obdef
loc3d
        4.93814984943932              0.67457436016830             39.55386734008789     -1
kind
     26     
    36000          153139     
       12.25000000000000  
 OBS            121
       7.23992444349920
       5.22991125420543
       1.00000000000000
 120 122 -1
obdef
loc3d
        4.94253566982520              0.68065092526894             48.56933593750000     -1
kind
     26     
    36000          153139     
       12.25000000000000  
 OBS            122
       7.43564802947221
       6.49708326671684
       1.00000000000000
 121 123 -1
obdef
loc3d
        4.93593154408741              0.68080949477360             85.35743713378906     -1
kind
     26     
    36000          153139     
       12.25000000000000  
 OBS            123
      12.76665111539080
       9.79788736599425
       1.00000000000000
 122 124 -1
obdef
loc3d
        4.94758068519446              0.69282395273635            179.51908874511719     -1
kind
     26     
    36000          153139     
       12.25000000000000  
 OBS            124
       6.23896233575379
       7.65923069786144
       1.00000000000000
 123 125 -1
obdef
loc3d
        4.93541634697774              0.67261831698898             21.54207611083984     -1
kind
     26     
    36000          153139     
       12.25000000000000  
 OBS            125
       7.08530617962939
       8.19281443765132
       1.00000000000000
 124 126 -1
obdef
loc3d
        4.93342752395137              0.68533697059699            120.48287200927730     -1
kind
     26     
    36000          153139     
       12.25000000000000  
 OBS            126
       3.36309802937861
       9.36861041365978
       1.00000000000000
 125 127 -1
obdef
loc3d
        4.92811551620144              0.69141391763145            189.00242614746091     -1
kind
     26     
    36000          153139     
       12.25000000000000  
 OBS            127
      10.87077383846283
       7.12784181936509
       1.00000000000000
 126 128 -1
obdef
loc3d
        4.94328780634786              0.67761918906629             21.61136627197266     -1
kind
     26     
    36000          153139     
       12.25000000000000  
 OBS            128
       6.73165431211644
       6.98093695113808
       1.00000000000000
 127 129 -1
obdef
loc3d
        4.93617130041664              0.68578341426755            199.41349792480469     -1
kind
     26     
    36000          153139     
       12.25000000000000  
 OBS            129
       8.52362374715330
       4.02813503861685
       1.00000000000000
 128 130 -1
obdef
loc3d
        4.94488890698391              0.68151038983677             42.34177017211914     -1
kind
     26     
    36000          153139     
       12.25000000000000  
 OBS            130
       9.21216628735796
      10.36559767830510
       1.00000000000000
 129 131 -1
obdef
loc3d
        4.94610769319308              0.67540343249948             44.88281250000000     -1
kind
     26     
    36000          153139     
       12.25000000000000  
 OBS            131
      14.02111786477426
       9.51134415520351
       1.00000000000000
 130 132 -1
obdef
loc3d
        4.93098289428918              0.69278368564599            411.59194946289062     -1
kind
     26     
    36000          153139     
       12.25000000000000  
 OBS            132
      11.54173361673394
       8.29845904010530
       1.00000000000000
 131 133 -1
obdef
loc3d
        4.93746284305807              0.67295620864423             44.45593643188477     -1
kind
     26     
    36000          153139     
       12.25000000000000  
 OBS            133
      13.79369503340573
       6.73638332503212
       1.00000000000000
 132 134 -1
obdef
loc3d
        4.93742549337872              0.68866580079864            241.84100341796881     -1
kind
     26     
    36000          153139     
       12.25000000000000  
 OBS            134
       7.64332951912054
       9.95742700620149
       1.00000000000000
 133 135 -1
obdef
loc3d
        4.94310367286119              0.67063823067780             37.30942153930664     -1
kind
     26     
    36000          153139     
       12.25000000000000  
 OBS            135
       9.51776044671602
       8.19593913594723
       1.00000000000000
 134 136 -1
obdef
loc3d
        4.94312354358950              0.69286317278749            201.84664916992190     -1
kind
     26     
    36000          153139     
       12.25000000000000  
 OBS            136
       5.73878322739132
       4.25631062768203
       1.00000000000000
 135 137 -1
obdef
loc3d
        4.93202293942753              0.69056809921756            124.38476562500000     -1
kind
     26     
    36000          153139     
       12.25000000000000  
 OBS            137
       8.23112078118320
       9.32597221619675
       1.00000000000000
 136 138 -1
obdef
loc3d
        4.93852899085493              0.69282303339671            210.85327148437500     -1
kind
     26     
    36000          153139     
       12.25000000000000  
 OBS            138
       4.09631172962435
       7.60291072086083
       1.00000000000000
 137 139 -1
obdef
loc3d
        4.93925110381924              0.68654477021234            169.40324401855469     -1
kind
     26     
    36000          153139     
       12.25000000000000  
 OBS            139
       4.39237903038390
       5.30947313912679
       1.00000000000000
 138 140 -1
obdef
loc3d
        4.94561300163474              0.69021407942450            101.67103576660161     -1
kind
     26     
    36000          153139     
       12.25000000000000  
 OBS            140
      14.57282011874398
      10.80933660936780
       1.00000000000000
 139 141 -1
obdef
loc3d
        4.94677761419795              0.66921213830349             30.00000000000000     -1
kind
     26     
    36000          153139     
       12.25000000000000  
 OBS            141
       4.50546571338285
       4.17956153420889
       1.00000000000000
 140 142 -1
obdef
loc3d
        4.91464000802058              0.69220313236118            256.98049926757812     -1
kind
     26     
    36000          153139     
       12.25000000000000  
 OBS            142
       4.76622429902814
       6.68073767263545
       1.00000000000000
 141 143 -1
obdef
loc3d
        4.91222840493483              0.69213090540308            311.66015625000000     -1
kind
     26     
    36000          153139     
       12.25000000000000  
 OBS            143
       3.30663381480414
       6.89488035511791
       1.00000000000000
 142 144 -1
obdef
loc3d
        4.90319820253832              0.69077085029214            558.21520996093750     -1
kind
     26     
    36000          153139     
       12.25000000000000  
 OBS            144
       2.50691161050548
       2.96280874151711
       1.00000000000000
 143 145 -1
obdef
loc3d
        4.90548367400941              0.68961427180382            340.45385742187500     -1
kind
     26     
    36000          153139     
       12.25000000000000  
 OBS            145
       4.36222755678632
       9.13242977381979
       1.00000000000000
 144 146 -1
obdef
loc3d
        4.90182808691748              0.69286665451088            711.58941650390625     -1
kind
     26     
    36000          153139     
       12.25000000000000  
 OBS            146
       9.39043391584328
       6.01922701947490
       1.00000000000000
 145 147 -1
obdef
loc3d
        4.92199514385413              0.69211089395115            185.84292602539060     -1
kind
     26     
    36000          153139     
       12.25000000000000  
 OBS            147
       4.44949424564153
       2.47022120813589
       1.00000000000000
 146 148 -1
obdef
loc3d
        4.91709198426003              0.69266703903771            205.88345336914060     -1
kind
     26     
    36000          153139     
       12.25000000000000  
 OBS            148
       3.44021712370978
       2.93242819877462
       1.00000000000000
 147 149 -1
obdef
loc3d
        4.91305125126208              0.69031483822850            320.48217773437500     -1
kind
     26     
    36000          153139     
       12.25000000000000  
 OBS            149
       8.98627132960575
       7.08661696512996
       1.00000000000000
 148 150 -1
obdef
loc3d
        4.90918301095293              0.69233086407935            229.95614624023440     -1
kind
     26     
    36000          153139     
       12.25000000000000  
 OBS            150
       6.46673175725507
       6.01997189153206
       1.00000000000000
 149 151 -1
obdef
loc3d
        4.90002894620424              0.69031812013417            840.25653076171875     -1
kind
     26     
    36000          153139     
       12.25000000000000  
 OBS            151
     287.01554751582000
     288.51909587422500
       1.00000000000000
 150 152 -1
obdef
loc3d
        4.90540352515539              0.69194112440599            606.33142089843750     -1
kind
     27     
    36000          153139     
        6.25000000000000  
 OBS            152
     289.35439429541179
     288.58767318788301
       1.00000000000000
 151 153 -1
obdef
loc3d
        4.94546412681761              0.68348353984884             17.75631332397461     -1
kind
     27     
    36000          153139     
        6.25000000000000  
 OBS            153
     288.41907493063587
     289.19585458128898
       1.00000000000000
 152 154 -1
obdef
loc3d
        4.94660974174000              0.67744857875853             29.35406684875488     -1
kind
     27     
    36000          153139     
        6.25000000000000  
 OBS            154
     288.60659936294263
     288.03110433045998
       1.00000000000000
 153 155 -1
obdef
loc3d
        4.94648126630843              0.68652865419204             54.82812500000000     -1
kind
     27     
    36000          153139     
        6.25000000000000  
 OBS            155
     288.75100382490291
     288.38573044210398
       1.00000000000000
 154 156 -1
obdef
loc3d
        4.94445426011379              0.68507566758975             62.61011505126953     -1
kind
     27     
    36000          153139     
        6.25000000000000  
 OBS            156
     288.23540099150358
     287.81284668963002
       1.00000000000000
 155 157 -1
obdef
loc3d
        4.94602055174578              0.68752162087271            134.15721130371091     -1
kind
     27     
    36000          153139     
        6.25000000000000  
 OBS            157
     290.38945780184071
     290.57017619385300
       1.00000000000000
 156 158 -1
obdef
loc3d
        4.94603912728501              0.67254511985829             35.00297546386719     -1
kind
     27     
    36000          153139     
        6.25000000000000  
 OBS            158
     291.28425807498900
     289.83749155901899
       1.00000000000000
 157 159 -1
obdef
loc3d
        4.95877904994953              0.67986585977255             17.04111671447754     -1
kind
     27     
    36000          153139     
        6.25000000000000  
 OBS            159
     287.41174997283974
     288.01737652260800
       1.00000000000000
 158 160 -1
obdef
loc3d
        4.93958042817759              0.69095160998657            226.13127136230469     -1
kind
     27     
    36000          153139     
        6.25000000000000  
 OBS            160
     289.04094167459527
     287.65696600470199
       1.00000000000000
 159 161 -1
obdef
loc3d
        4.95756313665553              0.69181797222864             89.84997558593750     -1
kind
     27     
    36000          153139     
        6.25000000000000  
 OBS            161
     289.71572775147081
     290.44934263150299
       1.00000000000000
 160 162 -1
obdef
loc3d
        4.94078657111844              0.67409210989409             60.81152343750000     -1
kind
     27     
    36000          153139     
        6.25000000000000  
 OBS            162
     290.63725657500277
     290.25297877647603
       1.00000000000000
 161 163 -1
obdef
loc3d
        4.95557846691255              0.67267262139613              1.00000000000000     -1
kind
     27     
    36000          153139     
        6.25000000000000  
 OBS            163
     287.62779644577773
     288.50775455779899
       1.00000000000000
 162 164 -1
obdef
loc3d
        4.93193348448080              0.68856418981073            106.00000000000000     -1
kind
     27     
    36000          153139     
        6.25000000000000  
 OBS            164
     289.54657878401838
     287.30357297700101
       1.00000000000000
 163 165 -1
obdef
loc3d
        4.89970838141578              0.68765245249877            785.09423828125000     -1
kind
     27     
    36000          153139     
        6.25000000000000  
 OBS            165
     284.84654947865164
     287.84902673373301
       1.00000000000000
 164 166 -1
obdef
loc3d
        4.95026814558372              0.68993059237416             93.11567687988281     -1
kind
     27     
    36000          153139     
        6.25000000000000  
 OBS            166
     288.18227662007342
     288.37726455951599
       1.00000000000000
 165 167 -1
obdef
loc3d
        4.94174512165160              0.68484635226999            116.56585693359381     -1
kind
     27     
    36000          153139     
        6.25000000000000  
 OBS            167
     288.99347668397405
     289.20337936445799
       1.00000000000000
 166 168 -1
obdef
loc3d
        4.95420735021482              0.68473663912788             15.00000000000000     -1
kind
     27     
    36000          153139     
        6.25000000000000  
 OBS            168
     286.36987634215149
     288.69318998260297
       1.00000000000000
 167 169 -1
obdef
loc3d
        4.93477042118681              0.68310638816012            118.89588928222661     -1
kind
     27     
    36000          153139     
        6.25000000000000  
 OBS            169
     289.23209888005323
     288.54095884379802
       1.00000000000000
 168 170 -1
obdef
loc3d
        4.93795631029682              0.68276407673392            144.94107055664060     -1
kind
     27     
    36000          153139     
        6.25000000000000  
 OBS            170
     289.48811059118657
     289.14951983032898
       1.00000000000000
 169 171 -1
obdef
loc3d
        4.94001671685736              0.68064929967652             43.67281723022461     -1
kind
     27     
    36000          153139     
        6.25000000000000  
 OBS            171
     289.40244109624507
     289.93902230681698
       1.00000000000000
 170 172 -1
obdef
loc3d
        4.94058460161740              0.67807181314514             70.17810058593750     -1
kind
     27     
    36000          153139     
        6.25000000000000  
 OBS            172
     290.60849734338439
     289.83438100169002
       1.00000000000000
 171 173 -1
obdef
loc3d
        4.95423295419494              0.68033176843505              3.71636104583740     -1
kind
     27     
    36000          153139     
        6.25000000000000  
 OBS            173
     290.89295760565398
     290.43220960956597
       1.00000000000000
 172 174 -1
obdef
loc3d
        4.94926894458696              0.66642585587446             10.91526031494141     -1
kind
     27     
    36000          153139     
        6.25000000000000  
 OBS            174
     288.42343428231067
     290.90593055690601
       1.00000000000000
 173 175 -1
obdef
loc3d
        4.96223480186848              0.66700036066835              5.00000000000000     -1
kind
     27     
    36000          153139     
        6.25000000000000  
 OBS            175
     289.57984492783805
     290.15118364034703
       1.00000000000000
 174 176 -1
obdef
loc3d
        4.95546148971009              0.67729393735082              6.17724800109863     -1
kind
     27     
    36000          153139     
        6.25000000000000  
 OBS            176
     288.85440304138586
     288.48927530057699
       1.00000000000000
 175 177 -1
obdef
loc3d
        4.92652723985629              0.69051382381431            146.04148864746091     -1
kind
     27     
    36000          153139     
        6.25000000000000  
 OBS            177
     290.88102779358138
     290.66225081592302
       1.00000000000000
 176 178 -1
obdef
loc3d
        4.96366005344362              0.66920346185787              6.00000000000000     -1
kind
     27     
    36000          153139     
        6.25000000000000  
 OBS            178
     288.31606556340398
     289.85725720078801
       1.00000000000000
 177 179 -1
obdef
loc3d
        4.97052949833720              0.66907739847133              8.84140872955322     -1
kind
     27     
    36000          153139     
        6.25000000000000  
 OBS            179
     288.30884489695165
     288.40903479648699
       1.00000000000000
 178 180 -1
obdef
loc3d
        4.93505853489354              0.69035668900909            163.38452148437500     -1
kind
     27     
    36000          153139     
        6.25000000000000  
 OBS            180
     289.70095027653832
     290.58852235394897
       1.00000000000000
 179 181 -1
obdef
loc3d
        4.93979773523841              0.67259214116167             45.00000000000000     -1
kind
     27     
    36000          153139     
        6.25000000000000  
 OBS            181
     287.11517179332355
     288.00550379230702
       1.00000000000000
 180 182 -1
obdef
loc3d
        4.92901815402419              0.68818595396932            126.56063842773440     -1
kind
     27     
    36000          153139     
        6.25000000000000  
 OBS            182
     286.26471533895966
     287.17504051483502
       1.00000000000000
 181 183 -1
obdef
loc3d
        4.92864050752959              0.68988490592333            360.09008789062500     -1
kind
     27     
    36000          153139     
        6.25000000000000  
 OBS            183
     286.16772988950464
     288.00269328926800
       1.00000000000000
 182 184 -1
obdef
loc3d
        4.94071794293451              0.68880476183725            173.77728271484381     -1
kind
     27     
    36000          153139     
        6.25000000000000  
 OBS            184
     290.86119443459984
     289.61045889517698
       1.00000000000000
 183 185 -1
obdef
loc3d
        4.94475069255349              0.67936922784321             17.10044860839844     -1
kind
     27     
    36000          153139     
        6.25000000000000  
 OBS            185
     288.76776965528859
     287.03854018695898
       1.00000000000000
 184 186 -1
obdef
loc3d
        4.93040524362615              0.68956958577383            472.38653564453119     -1
kind
     27     
    36000          153139     
        6.25000000000000  
 OBS            186
     289.81014338353032
     288.43035135394200
       1.00000000000000
 185 187 -1
obdef
loc3d
        4.93438788521233              0.68743777381223            157.39462280273440     -1
kind
     27     
    36000          153139     
        6.25000000000000  
 OBS            187
     288.54287488864833
     287.01637639950599
       1.00000000000000
 186 188 -1
obdef
loc3d
        4.93003537520636              0.69083454089469            382.75677490234381     -1
kind
     27     
    36000          153139     
        6.25000000000000  
 OBS            188
     289.03623154191240
     288.01249025428700
       1.00000000000000
 187 189 -1
obdef
loc3d
        4.94262489165251              0.68702513034102            130.29710388183591     -1
kind
     27     
    36000          153139     
        6.25000000000000  
 OBS            189
     289.47336278423080
     288.53322730761499
       1.00000000000000
 188 190 -1
obdef
loc3d
        4.93100113789334              0.68653549583784             94.66114807128906     -1
kind
     27     
    36000          153139     
        6.25000000000000  
 OBS            190
     292.64555145427767
     290.46764489350500
       1.00000000000000
 189 191 -1
obdef
loc3d
        4.94000002935902              0.67612888350011             59.69976806640625     -1
kind
     27     
    36000          153139     
        6.25000000000000  
 OBS            191
     288.19068374582622
     287.61138763527401
       1.00000000000000
 190 192 -1
obdef
loc3d
        4.94231604692662              0.69077376274482            190.83442687988281     -1
kind
     27     
    36000          153139     
        6.25000000000000  
 OBS            192
     287.95195358814414
     288.47060711701602
       1.00000000000000
 191 193 -1
obdef
loc3d
        4.93554247635603              0.69268257167582            131.09960937500000     -1
kind
     27     
    36000          153139     
        6.25000000000000  
 OBS            193
     287.68527445205490
     288.50276524767099
       1.00000000000000
 192 194 -1
obdef
loc3d
        4.94069913477896              0.68279864123905            131.77731323242190     -1
kind
     27     
    36000          153139     
        6.25000000000000  
 OBS            194
     290.65990174164858
     290.45049800958299
       1.00000000000000
 193 195 -1
obdef
loc3d
        4.94367854378329              0.67420565331297             56.55799865722656     -1
kind
     27     
    36000          153139     
        6.25000000000000  
 OBS            195
     292.77011773223899
     290.62403633713001
       1.00000000000000
 194 196 -1
obdef
loc3d
        4.93814984943932              0.67457436016830             39.55386734008789     -1
kind
     27     
    36000          153139     
        6.25000000000000  
 OBS            196
     288.00493865186598
     289.11913138019798
       1.00000000000000
 195 197 -1
obdef
loc3d
        4.94253566982520              0.68065092526894             48.56933593750000     -1
kind
     27     
    36000          153139     
        6.25000000000000  
 OBS            197
     290.05631206697893
     289.10760319378500
       1.00000000000000
 196 198 -1
obdef
loc3d
        4.93593154408741              0.68080949477360             85.35743713378906     -1
kind
     27     
    36000          153139     
        6.25000000000000  
 OBS            198
     287.25750171180647
     287.40330986815002
       1.00000000000000
 197 199 -1
obdef
loc3d
        4.94758068519446              0.69282395273635            179.51908874511719     -1
kind
     27     
    36000          153139     
        6.25000000000000  
 OBS            199
     291.13539274568376
     291.08207071875199
       1.00000000000000
 198 200 -1
obdef
loc3d
        4.93541634697774              0.67261831698898             21.54207611083984     -1
kind
     27     
    36000          153139     
        6.25000000000000  
 OBS            200
     286.94146190782402
     288.75239754713101
       1.00000000000000
 199 201 -1
obdef
loc3d
        4.93342752395137              0.68533697059699            120.48287200927730     -1
kind
     27     
    36000          153139     
        6.25000000000000  
 OBS            201
     289.89680789692636
     288.45339264339799
       1.00000000000000
 200 202 -1
obdef
loc3d
        4.92811551620144              0.69141391763145            189.00242614746091     -1
kind
     27     
    36000          153139     
        6.25000000000000  
 OBS            202
     290.25563358944049
     290.24942778629401
       1.00000000000000
 201 203 -1
obdef
loc3d
        4.94328780634786              0.67761918906629             21.61136627197266     -1
kind
     27     
    36000          153139     
        6.25000000000000  
 OBS            203
     286.06998584756349
     287.82843239095200
       1.00000000000000
 202 204 -1
obdef
loc3d
        4.93617130041664              0.68578341426755            199.41349792480469     -1
kind
     27     
    36000          153139     
        6.25000000000000  
 OBS            204
     288.17254073558223
     288.73584086627602
       1.00000000000000
 203 205 -1
obdef
loc3d
        4.94488890698391              0.68151038983677             42.34177017211914     -1
kind
     27     
    36000          153139     
        6.25000000000000  
 OBS            205
     289.83893669780832
     290.49786617168900
       1.00000000000000
 204 206 -1
obdef
loc3d
        4.94610769319308              0.67540343249948             44.88281250000000     -1
kind
     27     
    36000          153139     
        6.25000000000000  
 OBS            206
     287.26128036001398
     286.82531409169297
       1.00000000000000
 205 207 -1
obdef
loc3d
        4.93098289428918              0.69278368564599            411.59194946289062     -1
kind
     27     
    36000          153139     
        6.25000000000000  
 OBS            207
     289.61145604919432
     290.75985450254598
       1.00000000000000
 206 208 -1
obdef
loc3d
        4.93746284305807              0.67295620864423             44.45593643188477     -1
kind
     27     
    36000          153139     
        6.25000000000000  
 OBS            208
     288.79380809603316
     287.71691621303302
       1.00000000000000
 207 209 -1
obdef
loc3d
        4.93742549337872              0.68866580079864            241.84100341796881     -1
kind
     27     
    36000          153139     
        6.25000000000000  
 OBS            209
     291.36527369521531
     290.68317095168601
       1.00000000000000
 208 210 -1
obdef
loc3d
        4.94310367286119              0.67063823067780             37.30942153930664     -1
kind
     27     
    36000          153139     
        6.25000000000000  
 OBS            210
     287.57995976228631
     287.30688422593101
       1.00000000000000
 209 211 -1
obdef
loc3d
        4.94312354358950              0.69286317278749            201.84664916992190     -1
kind
     27     
    36000          153139     
        6.25000000000000  
 OBS            211
     287.87618787372730
     288.15013220840700
       1.00000000000000
 210 212 -1
obdef
loc3d
        4.93202293942753              0.69056809921756            124.38476562500000     -1
kind
     27     
    36000          153139     
        6.25000000000000  
 OBS            212
     289.42280213782738
     288.18603468757101
       1.00000000000000
 211 213 -1
obdef
loc3d
        4.93852899085493              0.69282303339671            210.85327148437500     -1
kind
     27     
    36000          153139     
        6.25000000000000  
 OBS            213
     291.21384475988975
     288.14922611432399
       1.00000000000000
 212 214 -1
obdef
loc3d
        4.93925110381924              0.68654477021234            169.40324401855469     -1
kind
     27     
    36000          153139     
        6.25000000000000  
 OBS            214
     287.93204421580378
     288.09246093255803
       1.00000000000000
 213 215 -1
obdef
loc3d
        4.94561300163474              0.69021407942450            101.67103576660161     -1
kind
     27     
    36000          153139     
        6.25000000000000  
 OBS            215
     289.30229474305469
     290.69304030030702
       1.00000000000000
 214 216 -1
obdef
loc3d
        4.94677761419795              0.66921213830349             30.00000000000000     -1
kind
     27     
    36000          153139     
        6.25000000000000  
 OBS            216
     288.14745262718935
     288.85561322847002
       1.00000000000000
 215 217 -1
obdef
loc3d
        4.91464000802058              0.69220313236118            256.98049926757812     -1
kind
     27     
    36000          153139     
        6.25000000000000  
 OBS            217
     288.18868465098353
     288.80349583320998
       1.00000000000000
 216 218 -1
obdef
loc3d
        4.91222840493483              0.69213090540308            311.66015625000000     -1
kind
     27     
    36000          153139     
        6.25000000000000  
 OBS            218
     286.06916886378269
     287.92781148459500
       1.00000000000000
 217 219 -1
obdef
loc3d
        4.90319820253832              0.69077085029214            558.21520996093750     -1
kind
     27     
    36000          153139     
        6.25000000000000  
 OBS            219
     289.92802735609308
     288.35654834175801
       1.00000000000000
 218 220 -1
obdef
loc3d
        4.90548367400941              0.68961427180382            340.45385742187500     -1
kind
     27     
    36000          153139     
        6.25000000000000  
 OBS            220
     288.02924640646387
     288.84496114063302
       1.00000000000000
 219 221 -1
obdef
loc3d
        4.90182808691748              0.69286665451088            711.58941650390625     -1
kind
     27     
    36000          153139     
        6.25000000000000  
 OBS            221
     288.57985888975981
     288.23649371289099
       1.00000000000000
 220 222 -1
obdef
loc3d
        4.92199514385413              0.69211089395115            185.84292602539060     -1
kind
     27     
    36000          153139     
        6.25000000000000  
 OBS            222
     288.92355639769693
     288.59122796516800
       1.00000000000000
 221 223 -1
obdef
loc3d
        4.91709198426003              0.69266703903771            205.88345336914060     -1
kind
     27     
    36000          153139     
        6.25000000000000  
 OBS            223
     288.30552440519079
     288.85248275054300
       1.00000000000000
 222 224 -1
obdef
loc3d
        4.91305125126208              0.69031483822850            320.48217773437500     -1
kind
     27     
    36000          153139     
        6.25000000000000  
 OBS            224
     289.46683543557452
     289.43555948345403
       1.00000000000000
 223 225 -1
obdef
loc3d
        4.90918301095293              0.69233086407935            229.95614624023440     -1
kind
     27     
    36000          153139     
        6.25000000000000  
 OBS            225
     285.65575857704277
     287.76941511375702
       1.00000000000000
 224 -1 -1
obdef
loc3d
        4.90002894620424              0.69031812013417            840.25653076171875     -1
kind
     27     
    36000          153139     
        6.25000000000000  
