 obs_sequence
obs_kind_definitions
       3
    25          LAND_SFC_U_WIND_COMPONENT   
    26          LAND_SFC_V_WIND_COMPONENT   
    27          LAND_SFC_TEMPERATURE   
  num_copies:            2  num_qc:            1
 num_obs:       225  max_num_obs:       225
observations
truth
QC radar
  first:            1  last:       225
 OBS            1
       2.66818751356133
       0.58273420086864
       1.00000000000000
 -1 2 -1
obdef
loc3d
        4.90540352515539              0.69194112440599            606.33142089843750     -1
kind
     25     
    42300          153139     
       12.25000000000000  
 OBS            2
      -1.75819940175347
      -0.49269727302139
       1.00000000000000
 1 3 -1
obdef
loc3d
        4.94546412681761              0.68348353984884             17.75631332397461     -1
kind
     25     
    42300          153139     
       12.25000000000000  
 OBS            3
       1.27450188824470
      -1.90685293311711
       1.00000000000000
 2 4 -1
obdef
loc3d
        4.94660974174000              0.67744857875853             29.35406684875488     -1
kind
     25     
    42300          153139     
       12.25000000000000  
 OBS            4
     -11.49962882706056
      -1.33844737906403
       1.00000000000000
 3 5 -1
obdef
loc3d
        4.94648126630843              0.68652865419204             54.82812500000000     -1
kind
     25     
    42300          153139     
       12.25000000000000  
 OBS            5
      -4.09283350553145
      -0.12627689026816
       1.00000000000000
 4 6 -1
obdef
loc3d
        4.94445426011379              0.68507566758975             62.61011505126953     -1
kind
     25     
    42300          153139     
       12.25000000000000  
 OBS            6
      -2.46246118306431
      -1.67573013124642
       1.00000000000000
 5 7 -1
obdef
loc3d
        4.94602055174578              0.68752162087271            134.15721130371091     -1
kind
     25     
    42300          153139     
       12.25000000000000  
 OBS            7
      -3.33148820933417
      -0.98283126526994
       1.00000000000000
 6 8 -1
obdef
loc3d
        4.94603912728501              0.67254511985829             35.00297546386719     -1
kind
     25     
    42300          153139     
       12.25000000000000  
 OBS            8
       3.66517293035246
       1.69225462146026
       1.00000000000000
 7 9 -1
obdef
loc3d
        4.95877904994953              0.67986585977255             17.04111671447754     -1
kind
     25     
    42300          153139     
       12.25000000000000  
 OBS            9
      -2.43439792001001
      -1.73000378881605
       1.00000000000000
 8 10 -1
obdef
loc3d
        4.93958042817759              0.69095160998657            226.13127136230469     -1
kind
     25     
    42300          153139     
       12.25000000000000  
 OBS            10
       0.44805199202660
      -0.81054923523717
       1.00000000000000
 9 11 -1
obdef
loc3d
        4.95756313665553              0.69181797222864             89.84997558593750     -1
kind
     25     
    42300          153139     
       12.25000000000000  
 OBS            11
      -7.12069190548552
      -2.07263357365364
       1.00000000000000
 10 12 -1
obdef
loc3d
        4.94078657111844              0.67409210989409             60.81152343750000     -1
kind
     25     
    42300          153139     
       12.25000000000000  
 OBS            12
      -2.06872680001865
      -1.10396596415614
       1.00000000000000
 11 13 -1
obdef
loc3d
        4.95557846691255              0.67267262139613              1.00000000000000     -1
kind
     25     
    42300          153139     
       12.25000000000000  
 OBS            13
       0.02177897652046
      -1.50820212979504
       1.00000000000000
 12 14 -1
obdef
loc3d
        4.93193348448080              0.68856418981073            106.00000000000000     -1
kind
     25     
    42300          153139     
       12.25000000000000  
 OBS            14
      -2.83379860740008
      -2.88748361650847
       1.00000000000000
 13 15 -1
obdef
loc3d
        4.89970838141578              0.68765245249877            785.09423828125000     -1
kind
     25     
    42300          153139     
       12.25000000000000  
 OBS            15
       1.49918977644988
      -1.09332064460244
       1.00000000000000
 14 16 -1
obdef
loc3d
        4.95026814558372              0.68993059237416             93.11567687988281     -1
kind
     25     
    42300          153139     
       12.25000000000000  
 OBS            16
       0.36875186257465
      -1.24795691212319
       1.00000000000000
 15 17 -1
obdef
loc3d
        4.94174512165160              0.68484635226999            116.56585693359381     -1
kind
     25     
    42300          153139     
       12.25000000000000  
 OBS            17
      -0.65469640962245
      -0.61840456204793
       1.00000000000000
 16 18 -1
obdef
loc3d
        4.95420735021482              0.68473663912788             15.00000000000000     -1
kind
     25     
    42300          153139     
       12.25000000000000  
 OBS            18
      -1.61720320696635
       1.43714678896848
       1.00000000000000
 17 19 -1
obdef
loc3d
        4.93477042118681              0.68310638816012            118.89588928222661     -1
kind
     25     
    42300          153139     
       12.25000000000000  
 OBS            19
      -4.27020006743064
      -1.42678585004485
       1.00000000000000
 18 20 -1
obdef
loc3d
        4.93795631029682              0.68276407673392            144.94107055664060     -1
kind
     25     
    42300          153139     
       12.25000000000000  
 OBS            20
      -5.40104684047578
      -0.89343974326044
       1.00000000000000
 19 21 -1
obdef
loc3d
        4.94001671685736              0.68064929967652             43.67281723022461     -1
kind
     25     
    42300          153139     
       12.25000000000000  
 OBS            21
      -1.03900602935152
      -1.12337294637120
       1.00000000000000
 20 22 -1
obdef
loc3d
        4.94058460161740              0.67807181314514             70.17810058593750     -1
kind
     25     
    42300          153139     
       12.25000000000000  
 OBS            22
      -4.27184470385004
      -0.98097114475130
       1.00000000000000
 21 23 -1
obdef
loc3d
        4.95423295419494              0.68033176843505              3.71636104583740     -1
kind
     25     
    42300          153139     
       12.25000000000000  
 OBS            23
      -4.02340886793909
      -0.99396926744998
       1.00000000000000
 22 24 -1
obdef
loc3d
        4.94926894458696              0.66642585587446             10.91526031494141     -1
kind
     25     
    42300          153139     
       12.25000000000000  
 OBS            24
      -0.68969648696009
      -1.10789494965523
       1.00000000000000
 23 25 -1
obdef
loc3d
        4.96223480186848              0.66700036066835              5.00000000000000     -1
kind
     25     
    42300          153139     
       12.25000000000000  
 OBS            25
       0.00332523613608
      -0.70113825489762
       1.00000000000000
 24 26 -1
obdef
loc3d
        4.95546148971009              0.67729393735082              6.17724800109863     -1
kind
     25     
    42300          153139     
       12.25000000000000  
 OBS            26
      -6.21997351237515
      -4.07292320934225
       1.00000000000000
 25 27 -1
obdef
loc3d
        4.92652723985629              0.69051382381431            146.04148864746091     -1
kind
     25     
    42300          153139     
       12.25000000000000  
 OBS            27
      -4.81177303575389
      -0.99528563121053
       1.00000000000000
 26 28 -1
obdef
loc3d
        4.96366005344362              0.66920346185787              6.00000000000000     -1
kind
     25     
    42300          153139     
       12.25000000000000  
 OBS            28
      -2.90508504917057
      -0.59770248928389
       1.00000000000000
 27 29 -1
obdef
loc3d
        4.97052949833720              0.66907739847133              8.84140872955322     -1
kind
     25     
    42300          153139     
       12.25000000000000  
 OBS            29
      -2.10523177329909
      -3.14839881715792
       1.00000000000000
 28 30 -1
obdef
loc3d
        4.95272465676814              0.69285338512106             17.57446289062500     -1
kind
     25     
    42300          153139     
       12.25000000000000  
 OBS            30
      -3.69426025547261
       0.05729345632861
       1.00000000000000
 29 31 -1
obdef
loc3d
        4.94895487610473              0.69270373762026            144.09075927734381     -1
kind
     25     
    42300          153139     
       12.25000000000000  
 OBS            31
       1.66970040285596
      -1.97141525157812
       1.00000000000000
 30 32 -1
obdef
loc3d
        4.94293085461737              0.69053117803871            168.92642211914060     -1
kind
     25     
    42300          153139     
       12.25000000000000  
 OBS            32
      -2.94312775608336
      -2.18206863119223
       1.00000000000000
 31 33 -1
obdef
loc3d
        4.93556788041953              0.67027828664670             15.00000000000000     -1
kind
     25     
    42300          153139     
       12.25000000000000  
 OBS            33
      -3.96756207307774
      -1.93906527310850
       1.00000000000000
 32 34 -1
obdef
loc3d
        4.94611628544174              0.67496858055017             35.03607940673828     -1
kind
     25     
    42300          153139     
       12.25000000000000  
 OBS            34
      -3.02381999860749
      -2.37780428202190
       1.00000000000000
 33 35 -1
obdef
loc3d
        4.94304709522229              0.67138694960003             45.00000000000000     -1
kind
     25     
    42300          153139     
       12.25000000000000  
 OBS            35
      -2.39954879235025
      -0.34016832058168
       1.00000000000000
 34 36 -1
obdef
loc3d
        4.94323627307922              0.67609935421143             50.91764831542969     -1
kind
     25     
    42300          153139     
       12.25000000000000  
 OBS            36
      -5.24476955783260
      -1.92106614683801
       1.00000000000000
 35 37 -1
obdef
loc3d
        4.94382880471830              0.67878617658979             35.27229690551758     -1
kind
     25     
    42300          153139     
       12.25000000000000  
 OBS            37
      -4.43746504440032
      -1.93739230474769
       1.00000000000000
 36 38 -1
obdef
loc3d
        4.94220707390035              0.68781081917460            173.94366455078119     -1
kind
     25     
    42300          153139     
       12.25000000000000  
 OBS            38
      -7.40421376189037
      -4.69710058150285
       1.00000000000000
 37 39 -1
obdef
loc3d
        4.92755542120837              0.68675243746254            174.61849975585940     -1
kind
     25     
    42300          153139     
       12.25000000000000  
 OBS            39
      -3.20970218187032
      -1.30726680187704
       1.00000000000000
 38 40 -1
obdef
loc3d
        4.93770287749180              0.68559892863867            149.84144592285159     -1
kind
     25     
    42300          153139     
       12.25000000000000  
 OBS            40
      -4.08305346234676
      -0.94981628140853
       1.00000000000000
 39 41 -1
obdef
loc3d
        4.92848130899840              0.69282991767383            196.64169311523440     -1
kind
     25     
    42300          153139     
       12.25000000000000  
 OBS            41
      -2.24197864041468
      -1.65896214695417
       1.00000000000000
 40 42 -1
obdef
loc3d
        4.94329123891126              0.66857696973652             21.80461120605469     -1
kind
     25     
    42300          153139     
       12.25000000000000  
 OBS            42
       1.56779837278441
      -2.74811675429052
       1.00000000000000
 41 43 -1
obdef
loc3d
        4.93215285315783              0.69272179551745            405.54205322265619     -1
kind
     25     
    42300          153139     
       12.25000000000000  
 OBS            43
      -9.34670971919611
      -4.80876514497634
       1.00000000000000
 42 44 -1
obdef
loc3d
        4.93085954966869              0.68304429171430             90.32812500000000     -1
kind
     25     
    42300          153139     
       12.25000000000000  
 OBS            44
      -0.75418635439158
      -2.36486957436465
       1.00000000000000
 43 45 -1
obdef
loc3d
        4.93705662369825              0.67280917017713             44.45593643188477     -1
kind
     25     
    42300          153139     
       12.25000000000000  
 OBS            45
       3.39843276772092
      -1.55202504145679
       1.00000000000000
 44 46 -1
obdef
loc3d
        4.94512604639754              0.69281773274108            184.54177856445310     -1
kind
     25     
    42300          153139     
       12.25000000000000  
 OBS            46
      -4.32205476583981
      -1.18332655449873
       1.00000000000000
 45 47 -1
obdef
loc3d
        4.94897278262263              0.68784055253573             58.60614395141602     -1
kind
     25     
    42300          153139     
       12.25000000000000  
 OBS            47
      -5.29028630928780
      -1.40307799503635
       1.00000000000000
 46 48 -1
obdef
loc3d
        4.94602769361993              0.68071046350214             21.00896453857422     -1
kind
     25     
    42300          153139     
       12.25000000000000  
 OBS            48
       4.32739385423885
      -1.96858419227567
       1.00000000000000
 47 49 -1
obdef
loc3d
        4.93975094338173              0.67132086947702             44.21312713623047     -1
kind
     25     
    42300          153139     
       12.25000000000000  
 OBS            49
      -3.20884946692950
      -2.77601675331831
       1.00000000000000
 48 50 -1
obdef
loc3d
        4.93608481943111              0.69281990441712            165.01060485839841     -1
kind
     25     
    42300          153139     
       12.25000000000000  
 OBS            50
      -5.14442438255269
      -5.75451073217200
       1.00000000000000
 49 51 -1
obdef
loc3d
        4.92159319416735              0.69282443720594            292.33944702148438     -1
kind
     25     
    42300          153139     
       12.25000000000000  
 OBS            51
      -0.70537903592651
      -1.62691238498584
       1.00000000000000
 50 52 -1
obdef
loc3d
        4.93873881518950              0.68829597049600            229.64634704589841     -1
kind
     25     
    42300          153139     
       12.25000000000000  
 OBS            52
      -4.06485873211888
      -2.17627328585939
       1.00000000000000
 51 53 -1
obdef
loc3d
        4.93527083413009              0.68767784768684            170.73742675781250     -1
kind
     25     
    42300          153139     
       12.25000000000000  
 OBS            53
      -2.61067797253295
      -2.44603070937781
       1.00000000000000
 52 54 -1
obdef
loc3d
        4.94662113618514              0.69029960200592            170.37097167968750     -1
kind
     25     
    42300          153139     
       12.25000000000000  
 OBS            54
      -3.72628155493412
      -2.43618246928885
       1.00000000000000
 53 55 -1
obdef
loc3d
        4.93429249379945              0.69052021135789            149.81713867187500     -1
kind
     25     
    42300          153139     
       12.25000000000000  
 OBS            55
      -4.90781850532841
      -2.38346382586560
       1.00000000000000
 54 56 -1
obdef
loc3d
        4.93269049343414              0.68556567101287            183.19726562500000     -1
kind
     25     
    42300          153139     
       12.25000000000000  
 OBS            56
       3.79372559957581
       1.00607940783439
       1.00000000000000
 55 57 -1
obdef
loc3d
        4.96102089029673              0.67774516842699             17.24609375000000     -1
kind
     25     
    42300          153139     
       12.25000000000000  
 OBS            57
      -4.55578641855136
      -0.15010210184034
       1.00000000000000
 56 58 -1
obdef
loc3d
        4.95766343385975              0.68587140474105             17.20619201660156     -1
kind
     25     
    42300          153139     
       12.25000000000000  
 OBS            58
       2.80942116910881
      -1.14520041666043
       1.00000000000000
 57 59 -1
obdef
loc3d
        4.96848382491262              0.66600327539335              8.93466186523438     -1
kind
     25     
    42300          153139     
       12.25000000000000  
 OBS            59
      -2.43463593338381
      -0.50529186801098
       1.00000000000000
 58 60 -1
obdef
loc3d
        4.95841046678131              0.68356976794003             15.00000000000000     -1
kind
     25     
    42300          153139     
       12.25000000000000  
 OBS            60
       7.00618263531806
      -0.40619755573154
       1.00000000000000
 59 61 -1
obdef
loc3d
        4.95968425198686              0.67283122878530              9.91464328765869     -1
kind
     25     
    42300          153139     
       12.25000000000000  
 OBS            61
       6.42319833969300
       1.40889706512183
       1.00000000000000
 60 62 -1
obdef
loc3d
        4.95850938370535              0.67569847985950              9.09960937500000     -1
kind
     25     
    42300          153139     
       12.25000000000000  
 OBS            62
       0.96067880879411
       0.10469687584723
       1.00000000000000
 61 63 -1
obdef
loc3d
        4.96062039600501              0.68186605212913             14.00000000000000     -1
kind
     25     
    42300          153139     
       12.25000000000000  
 OBS            63
      -5.34590994196964
      -0.08073613393321
       1.00000000000000
 62 64 -1
obdef
loc3d
        4.96044430349621              0.68522255501691             15.00000000000000     -1
kind
     25     
    42300          153139     
       12.25000000000000  
 OBS            64
       0.96188489698965
      -0.58133384944290
       1.00000000000000
 63 65 -1
obdef
loc3d
        4.95666979050607              0.68165969365477             15.07347202301025     -1
kind
     25     
    42300          153139     
       12.25000000000000  
 OBS            65
      -5.29759419281226
      -1.11231921693564
       1.00000000000000
 64 66 -1
obdef
loc3d
        4.96483712939352              0.66390373451953              6.00000000000000     -1
kind
     25     
    42300          153139     
       12.25000000000000  
 OBS            66
      -0.42361650993694
      -0.93774964880913
       1.00000000000000
 65 67 -1
obdef
loc3d
        4.96717335385836              0.67072562238302             13.76562500000000     -1
kind
     25     
    42300          153139     
       12.25000000000000  
 OBS            67
      -5.37599244494133
      -1.11516049986979
       1.00000000000000
 66 68 -1
obdef
loc3d
        4.96004611966382              0.68820120365869             15.00000000000000     -1
kind
     25     
    42300          153139     
       12.25000000000000  
 OBS            68
      -2.52896735587374
      -1.09906016597375
       1.00000000000000
 67 69 -1
obdef
loc3d
        4.95406364445895              0.69009645468583             54.42578125000000     -1
kind
     25     
    42300          153139     
       12.25000000000000  
 OBS            69
       2.22505650318963
      -0.83814040128938
       1.00000000000000
 68 70 -1
obdef
loc3d
        4.95508230192316              0.68705689194968              9.08530712127686     -1
kind
     25     
    42300          153139     
       12.25000000000000  
 OBS            70
      -0.02805033965800
       1.88826999556254
       1.00000000000000
 69 71 -1
obdef
loc3d
        4.89647559039613              0.68497595921932            824.84875488281250     -1
kind
     25     
    42300          153139     
       12.25000000000000  
 OBS            71
      -8.23806889676512
      -2.08200632485437
       1.00000000000000
 70 72 -1
obdef
loc3d
        4.89667428721977              0.69273770557989            574.37286376953125     -1
kind
     25     
    42300          153139     
       12.25000000000000  
 OBS            72
      -7.71998930470684
      -3.01177942545933
       1.00000000000000
 71 73 -1
obdef
loc3d
        4.91583459977084              0.69278424988043            233.68589782714841     -1
kind
     25     
    42300          153139     
       12.25000000000000  
 OBS            73
      -4.84823801962670
      -2.71205383060319
       1.00000000000000
 72 74 -1
obdef
loc3d
        4.90300762067971              0.68954390300676            525.03326416015625     -1
kind
     25     
    42300          153139     
       12.25000000000000  
 OBS            74
      -3.84622920965553
      -0.60307786602430
       1.00000000000000
 73 75 -1
obdef
loc3d
        4.90168560310748              0.69286223560483            711.58941650390625     -1
kind
     25     
    42300          153139     
       12.25000000000000  
 OBS            75
      -2.61422060355478
      -0.54699526034176
       1.00000000000000
 74 76 -1
obdef
loc3d
        4.91091515139416              0.69052501454351            199.70848083496091     -1
kind
     25     
    42300          153139     
       12.25000000000000  
 OBS            76
       3.52298614564454
       2.82947220713010
       1.00000000000000
 75 77 -1
obdef
loc3d
        4.90540352515539              0.69194112440599            606.33142089843750     -1
kind
     26     
    42300          153139     
       12.25000000000000  
 OBS            77
      10.28605656204250
       7.67840068867968
       1.00000000000000
 76 78 -1
obdef
loc3d
        4.94546412681761              0.68348353984884             17.75631332397461     -1
kind
     26     
    42300          153139     
       12.25000000000000  
 OBS            78
      17.82460325857316
       8.27254264722682
       1.00000000000000
 77 79 -1
obdef
loc3d
        4.94660974174000              0.67744857875853             29.35406684875488     -1
kind
     26     
    42300          153139     
       12.25000000000000  
 OBS            79
       8.23719953153535
       6.47653577940257
       1.00000000000000
 78 80 -1
obdef
loc3d
        4.94648126630843              0.68652865419204             54.82812500000000     -1
kind
     26     
    42300          153139     
       12.25000000000000  
 OBS            80
      11.26836603679194
       6.16781050890047
       1.00000000000000
 79 81 -1
obdef
loc3d
        4.94445426011379              0.68507566758975             62.61011505126953     -1
kind
     26     
    42300          153139     
       12.25000000000000  
 OBS            81
       7.03254928478003
       7.13640895714727
       1.00000000000000
 80 82 -1
obdef
loc3d
        4.94602055174578              0.68752162087271            134.15721130371091     -1
kind
     26     
    42300          153139     
       12.25000000000000  
 OBS            82
      15.34887733585605
      11.52477935583260
       1.00000000000000
 81 83 -1
obdef
loc3d
        4.94603912728501              0.67254511985829             35.00297546386719     -1
kind
     26     
    42300          153139     
       12.25000000000000  
 OBS            83
       9.03395644011314
       9.08890906009362
       1.00000000000000
 82 84 -1
obdef
loc3d
        4.95877904994953              0.67986585977255             17.04111671447754     -1
kind
     26     
    42300          153139     
       12.25000000000000  
 OBS            84
       7.22471768292387
       5.19033748494890
       1.00000000000000
 83 85 -1
obdef
loc3d
        4.93958042817759              0.69095160998657            226.13127136230469     -1
kind
     26     
    42300          153139     
       12.25000000000000  
 OBS            85
       6.62516233572060
       6.46484135464997
       1.00000000000000
 84 86 -1
obdef
loc3d
        4.95756313665553              0.69181797222864             89.84997558593750     -1
kind
     26     
    42300          153139     
       12.25000000000000  
 OBS            86
      14.71047144711683
      11.26457143979070
       1.00000000000000
 85 87 -1
obdef
loc3d
        4.94078657111844              0.67409210989409             60.81152343750000     -1
kind
     26     
    42300          153139     
       12.25000000000000  
 OBS            87
      12.64503345062027
      11.77889018453080
       1.00000000000000
 86 88 -1
obdef
loc3d
        4.95557846691255              0.67267262139613              1.00000000000000     -1
kind
     26     
    42300          153139     
       12.25000000000000  
 OBS            88
      -0.07575138783515
       2.12531448745008
       1.00000000000000
 87 89 -1
obdef
loc3d
        4.93193348448080              0.68856418981073            106.00000000000000     -1
kind
     26     
    42300          153139     
       12.25000000000000  
 OBS            89
       1.19928098050001
       3.35887118940022
       1.00000000000000
 88 90 -1
obdef
loc3d
        4.89970838141578              0.68765245249877            785.09423828125000     -1
kind
     26     
    42300          153139     
       12.25000000000000  
 OBS            90
      15.34228057369153
       9.02949237771816
       1.00000000000000
 89 91 -1
obdef
loc3d
        4.95026814558372              0.68993059237416             93.11567687988281     -1
kind
     26     
    42300          153139     
       12.25000000000000  
 OBS            91
      11.71344795808683
       8.25609699862123
       1.00000000000000
 90 92 -1
obdef
loc3d
        4.94174512165160              0.68484635226999            116.56585693359381     -1
kind
     26     
    42300          153139     
       12.25000000000000  
 OBS            92
      11.98604721514190
      11.78323304097130
       1.00000000000000
 91 93 -1
obdef
loc3d
        4.95420735021482              0.68473663912788             15.00000000000000     -1
kind
     26     
    42300          153139     
       12.25000000000000  
 OBS            93
      -2.15348307591759
      -1.40609733815412
       1.00000000000000
 92 94 -1
obdef
loc3d
        4.93477042118681              0.68310638816012            118.89588928222661     -1
kind
     26     
    42300          153139     
       12.25000000000000  
 OBS            94
      11.33556951679743
       7.77065031605875
       1.00000000000000
 93 95 -1
obdef
loc3d
        4.93795631029682              0.68276407673392            144.94107055664060     -1
kind
     26     
    42300          153139     
       12.25000000000000  
 OBS            95
       7.04639727295715
       6.96748256475521
       1.00000000000000
 94 96 -1
obdef
loc3d
        4.94001671685736              0.68064929967652             43.67281723022461     -1
kind
     26     
    42300          153139     
       12.25000000000000  
 OBS            96
       5.00897465451625
      10.55282343080370
       1.00000000000000
 95 97 -1
obdef
loc3d
        4.94058460161740              0.67807181314514             70.17810058593750     -1
kind
     26     
    42300          153139     
       12.25000000000000  
 OBS            97
      12.62124813848872
      12.22236795520850
       1.00000000000000
 96 98 -1
obdef
loc3d
        4.95423295419494              0.68033176843505              3.71636104583740     -1
kind
     26     
    42300          153139     
       12.25000000000000  
 OBS            98
       9.37620237038317
       8.68598710335661
       1.00000000000000
 97 99 -1
obdef
loc3d
        4.94926894458696              0.66642585587446             10.91526031494141     -1
kind
     26     
    42300          153139     
       12.25000000000000  
 OBS            99
      15.34891824997395
      11.41918591601420
       1.00000000000000
 98 100 -1
obdef
loc3d
        4.96223480186848              0.66700036066835              5.00000000000000     -1
kind
     26     
    42300          153139     
       12.25000000000000  
 OBS            100
      16.51445568169773
      11.66887345753540
       1.00000000000000
 99 101 -1
obdef
loc3d
        4.95546148971009              0.67729393735082              6.17724800109863     -1
kind
     26     
    42300          153139     
       12.25000000000000  
 OBS            101
       7.00381478155312
       6.80481848995392
       1.00000000000000
 100 102 -1
obdef
loc3d
        4.92652723985629              0.69051382381431            146.04148864746091     -1
kind
     26     
    42300          153139     
       12.25000000000000  
 OBS            102
      13.68375374408463
      11.76222278964600
       1.00000000000000
 101 103 -1
obdef
loc3d
        4.96366005344362              0.66920346185787              6.00000000000000     -1
kind
     26     
    42300          153139     
       12.25000000000000  
 OBS            103
      10.01308020730929
      14.11140284277720
       1.00000000000000
 102 104 -1
obdef
loc3d
        4.97052949833720              0.66907739847133              8.84140872955322     -1
kind
     26     
    42300          153139     
       12.25000000000000  
 OBS            104
       5.69049356331639
       6.64146798752537
       1.00000000000000
 103 105 -1
obdef
loc3d
        4.95272465676814              0.69285338512106             17.57446289062500     -1
kind
     26     
    42300          153139     
       12.25000000000000  
 OBS            105
      -3.60332955768633
       2.47925418949943
       1.00000000000000
 104 106 -1
obdef
loc3d
        4.94895487610473              0.69270373762026            144.09075927734381     -1
kind
     26     
    42300          153139     
       12.25000000000000  
 OBS            106
       4.14938860451894
       3.14200031906408
       1.00000000000000
 105 107 -1
obdef
loc3d
        4.94293085461737              0.69053117803871            168.92642211914060     -1
kind
     26     
    42300          153139     
       12.25000000000000  
 OBS            107
      10.22526130600819
       8.95955336573615
       1.00000000000000
 106 108 -1
obdef
loc3d
        4.93556788041953              0.67027828664670             15.00000000000000     -1
kind
     26     
    42300          153139     
       12.25000000000000  
 OBS            108
      16.09786586631444
      11.02426689437380
       1.00000000000000
 107 109 -1
obdef
loc3d
        4.94611628544174              0.67496858055017             35.03607940673828     -1
kind
     26     
    42300          153139     
       12.25000000000000  
 OBS            109
      15.11870476165045
      12.11417560671820
       1.00000000000000
 108 110 -1
obdef
loc3d
        4.94304709522229              0.67138694960003             45.00000000000000     -1
kind
     26     
    42300          153139     
       12.25000000000000  
 OBS            110
      12.51716337790264
      11.28969815295310
       1.00000000000000
 109 111 -1
obdef
loc3d
        4.94323627307922              0.67609935421143             50.91764831542969     -1
kind
     26     
    42300          153139     
       12.25000000000000  
 OBS            111
       6.91999155268619
       8.77868389786684
       1.00000000000000
 110 112 -1
obdef
loc3d
        4.94382880471830              0.67878617658979             35.27229690551758     -1
kind
     26     
    42300          153139     
       12.25000000000000  
 OBS            112
       4.67279435827066
       2.92147506438595
       1.00000000000000
 111 113 -1
obdef
loc3d
        4.94220707390035              0.68781081917460            173.94366455078119     -1
kind
     26     
    42300          153139     
       12.25000000000000  
 OBS            113
       3.07377111350734
       4.83518157998773
       1.00000000000000
 112 114 -1
obdef
loc3d
        4.92755542120837              0.68675243746254            174.61849975585940     -1
kind
     26     
    42300          153139     
       12.25000000000000  
 OBS            114
      -0.16036202008487
       2.56892667010122
       1.00000000000000
 113 115 -1
obdef
loc3d
        4.93770287749180              0.68559892863867            149.84144592285159     -1
kind
     26     
    42300          153139     
       12.25000000000000  
 OBS            115
       7.53278897291463
       6.32561528007197
       1.00000000000000
 114 116 -1
obdef
loc3d
        4.92848130899840              0.69282991767383            196.64169311523440     -1
kind
     26     
    42300          153139     
       12.25000000000000  
 OBS            116
      15.46712467953527
      10.60499084566520
       1.00000000000000
 115 117 -1
obdef
loc3d
        4.94329123891126              0.66857696973652             21.80461120605469     -1
kind
     26     
    42300          153139     
       12.25000000000000  
 OBS            117
       3.69610384958707
       6.07724976353339
       1.00000000000000
 116 118 -1
obdef
loc3d
        4.93215285315783              0.69272179551745            405.54205322265619     -1
kind
     26     
    42300          153139     
       12.25000000000000  
 OBS            118
      -2.48378259081584
       3.58552571164091
       1.00000000000000
 117 119 -1
obdef
loc3d
        4.93085954966869              0.68304429171430             90.32812500000000     -1
kind
     26     
    42300          153139     
       12.25000000000000  
 OBS            119
       5.22842421867377
      10.47241665472900
       1.00000000000000
 118 120 -1
obdef
loc3d
        4.93705662369825              0.67280917017713             44.45593643188477     -1
kind
     26     
    42300          153139     
       12.25000000000000  
 OBS            120
       7.90704238759972
       4.32811830952479
       1.00000000000000
 119 121 -1
obdef
loc3d
        4.94512604639754              0.69281773274108            184.54177856445310     -1
kind
     26     
    42300          153139     
       12.25000000000000  
 OBS            121
       8.58992285474090
      10.28399751137630
       1.00000000000000
 120 122 -1
obdef
loc3d
        4.94897278262263              0.68784055253573             58.60614395141602     -1
kind
     26     
    42300          153139     
       12.25000000000000  
 OBS            122
       3.21783694262846
       7.49496056013665
       1.00000000000000
 121 123 -1
obdef
loc3d
        4.94602769361993              0.68071046350214             21.00896453857422     -1
kind
     26     
    42300          153139     
       12.25000000000000  
 OBS            123
      10.56933046609173
      10.79511507730790
       1.00000000000000
 122 124 -1
obdef
loc3d
        4.93975094338173              0.67132086947702             44.21312713623047     -1
kind
     26     
    42300          153139     
       12.25000000000000  
 OBS            124
       9.24397867466427
       4.32400912086289
       1.00000000000000
 123 125 -1
obdef
loc3d
        4.93608481943111              0.69281990441712            165.01060485839841     -1
kind
     26     
    42300          153139     
       12.25000000000000  
 OBS            125
       3.92534847074889
       5.89354189136760
       1.00000000000000
 124 126 -1
obdef
loc3d
        4.92159319416735              0.69282443720594            292.33944702148438     -1
kind
     26     
    42300          153139     
       12.25000000000000  
 OBS            126
       7.63215601898046
       3.53629102689289
       1.00000000000000
 125 127 -1
obdef
loc3d
        4.93873881518950              0.68829597049600            229.64634704589841     -1
kind
     26     
    42300          153139     
       12.25000000000000  
 OBS            127
       7.47352402435359
       4.88842878701204
       1.00000000000000
 126 128 -1
obdef
loc3d
        4.93527083413009              0.68767784768684            170.73742675781250     -1
kind
     26     
    42300          153139     
       12.25000000000000  
 OBS            128
      -4.79292657589369
      -0.59845268303795
       1.00000000000000
 127 129 -1
obdef
loc3d
        4.94662113618514              0.69029960200592            170.37097167968750     -1
kind
     26     
    42300          153139     
       12.25000000000000  
 OBS            129
       5.23030785486350
       4.68642603254129
       1.00000000000000
 128 130 -1
obdef
loc3d
        4.93429249379945              0.69052021135789            149.81713867187500     -1
kind
     26     
    42300          153139     
       12.25000000000000  
 OBS            130
       3.06178967735977
       5.31241495126165
       1.00000000000000
 129 131 -1
obdef
loc3d
        4.93269049343414              0.68556567101287            183.19726562500000     -1
kind
     26     
    42300          153139     
       12.25000000000000  
 OBS            131
      16.90720640867637
      12.00657265725950
       1.00000000000000
 130 132 -1
obdef
loc3d
        4.96102089029673              0.67774516842699             17.24609375000000     -1
kind
     26     
    42300          153139     
       12.25000000000000  
 OBS            132
      13.42244180569106
      11.36198942280470
       1.00000000000000
 131 133 -1
obdef
loc3d
        4.95766343385975              0.68587140474105             17.20619201660156     -1
kind
     26     
    42300          153139     
       12.25000000000000  
 OBS            133
      15.51616394012308
      12.86262300322140
       1.00000000000000
 132 134 -1
obdef
loc3d
        4.96848382491262              0.66600327539335              8.93466186523438     -1
kind
     26     
    42300          153139     
       12.25000000000000  
 OBS            134
      12.94472182706766
      12.31845966696060
       1.00000000000000
 133 135 -1
obdef
loc3d
        4.95841046678131              0.68356976794003             15.00000000000000     -1
kind
     26     
    42300          153139     
       12.25000000000000  
 OBS            135
      11.82089296647487
      11.01476810757460
       1.00000000000000
 134 136 -1
obdef
loc3d
        4.95968425198686              0.67283122878530              9.91464328765869     -1
kind
     26     
    42300          153139     
       12.25000000000000  
 OBS            136
      12.94134702159390
      13.53750803500580
       1.00000000000000
 135 137 -1
obdef
loc3d
        4.95850938370535              0.67569847985950              9.09960937500000     -1
kind
     26     
    42300          153139     
       12.25000000000000  
 OBS            137
      11.48661225498942
      10.57396740556770
       1.00000000000000
 136 138 -1
obdef
loc3d
        4.96062039600501              0.68186605212913             14.00000000000000     -1
kind
     26     
    42300          153139     
       12.25000000000000  
 OBS            138
       8.57139795897947
       9.82057943618123
       1.00000000000000
 137 139 -1
obdef
loc3d
        4.96044430349621              0.68522255501691             15.00000000000000     -1
kind
     26     
    42300          153139     
       12.25000000000000  
 OBS            139
      17.39423019654904
      12.50113709943140
       1.00000000000000
 138 140 -1
obdef
loc3d
        4.95666979050607              0.68165969365477             15.07347202301025     -1
kind
     26     
    42300          153139     
       12.25000000000000  
 OBS            140
      12.37561180660014
      13.06801724252750
       1.00000000000000
 139 141 -1
obdef
loc3d
        4.96483712939352              0.66390373451953              6.00000000000000     -1
kind
     26     
    42300          153139     
       12.25000000000000  
 OBS            141
      13.37285942363911
      13.37176279315980
       1.00000000000000
 140 142 -1
obdef
loc3d
        4.96717335385836              0.67072562238302             13.76562500000000     -1
kind
     26     
    42300          153139     
       12.25000000000000  
 OBS            142
       9.53784548162293
       9.08923581300623
       1.00000000000000
 141 143 -1
obdef
loc3d
        4.96004611966382              0.68820120365869             15.00000000000000     -1
kind
     26     
    42300          153139     
       12.25000000000000  
 OBS            143
       0.70235072126945
       5.89618614268789
       1.00000000000000
 142 144 -1
obdef
loc3d
        4.95406364445895              0.69009645468583             54.42578125000000     -1
kind
     26     
    42300          153139     
       12.25000000000000  
 OBS            144
       8.86447396350351
      10.78983140384340
       1.00000000000000
 143 145 -1
obdef
loc3d
        4.95508230192316              0.68705689194968              9.08530712127686     -1
kind
     26     
    42300          153139     
       12.25000000000000  
 OBS            145
       4.73983898882985
       7.08534261839872
       1.00000000000000
 144 146 -1
obdef
loc3d
        4.89647559039613              0.68497595921932            824.84875488281250     -1
kind
     26     
    42300          153139     
       12.25000000000000  
 OBS            146
       4.30446280154105
      -0.54177878092485
       1.00000000000000
 145 147 -1
obdef
loc3d
        4.89667428721977              0.69273770557989            574.37286376953125     -1
kind
     26     
    42300          153139     
       12.25000000000000  
 OBS            147
      -4.94507659472863
       3.57327866048399
       1.00000000000000
 146 148 -1
obdef
loc3d
        4.91583459977084              0.69278424988043            233.68589782714841     -1
kind
     26     
    42300          153139     
       12.25000000000000  
 OBS            148
       1.91426935028498
       1.52887487827500
       1.00000000000000
 147 149 -1
obdef
loc3d
        4.90300762067971              0.68954390300676            525.03326416015625     -1
kind
     26     
    42300          153139     
       12.25000000000000  
 OBS            149
       8.10096317727462
       5.18339105768650
       1.00000000000000
 148 150 -1
obdef
loc3d
        4.90168560310748              0.69286223560483            711.58941650390625     -1
kind
     26     
    42300          153139     
       12.25000000000000  
 OBS            150
      -1.59782124396238
      -2.37044350206908
       1.00000000000000
 149 151 -1
obdef
loc3d
        4.91091515139416              0.69052501454351            199.70848083496091     -1
kind
     26     
    42300          153139     
       12.25000000000000  
 OBS            151
     285.23952891712747
     286.73857925840002
       1.00000000000000
 150 152 -1
obdef
loc3d
        4.90540352515539              0.69194112440599            606.33142089843750     -1
kind
     27     
    42300          153139     
        6.25000000000000  
 OBS            152
     290.55517176544311
     290.32175815201902
       1.00000000000000
 151 153 -1
obdef
loc3d
        4.94546412681761              0.68348353984884             17.75631332397461     -1
kind
     27     
    42300          153139     
        6.25000000000000  
 OBS            153
     293.08576710388405
     290.63282980245401
       1.00000000000000
 152 154 -1
obdef
loc3d
        4.94660974174000              0.67744857875853             29.35406684875488     -1
kind
     27     
    42300          153139     
        6.25000000000000  
 OBS            154
     290.10123968858358
     289.20045722898698
       1.00000000000000
 153 155 -1
obdef
loc3d
        4.94648126630843              0.68652865419204             54.82812500000000     -1
kind
     27     
    42300          153139     
        6.25000000000000  
 OBS            155
     289.60857169270582
     289.86761574210800
       1.00000000000000
 154 156 -1
obdef
loc3d
        4.94445426011379              0.68507566758975             62.61011505126953     -1
kind
     27     
    42300          153139     
        6.25000000000000  
 OBS            156
     289.40306060489615
     288.86903210169902
       1.00000000000000
 155 157 -1
obdef
loc3d
        4.94602055174578              0.68752162087271            134.15721130371091     -1
kind
     27     
    42300          153139     
        6.25000000000000  
 OBS            157
     289.96560029575591
     290.86193894115900
       1.00000000000000
 156 158 -1
obdef
loc3d
        4.94603912728501              0.67254511985829             35.00297546386719     -1
kind
     27     
    42300          153139     
        6.25000000000000  
 OBS            158
     290.58619609621655
     290.35579231021200
       1.00000000000000
 157 159 -1
obdef
loc3d
        4.95877904994953              0.67986585977255             17.04111671447754     -1
kind
     27     
    42300          153139     
        6.25000000000000  
 OBS            159
     290.30282492034979
     288.64653353760599
       1.00000000000000
 158 160 -1
obdef
loc3d
        4.93958042817759              0.69095160998657            226.13127136230469     -1
kind
     27     
    42300          153139     
        6.25000000000000  
 OBS            160
     287.46143978905314
     288.79463673747500
       1.00000000000000
 159 161 -1
obdef
loc3d
        4.95756313665553              0.69181797222864             89.84997558593750     -1
kind
     27     
    42300          153139     
        6.25000000000000  
 OBS            161
     290.87909287937595
     290.93999265295298
       1.00000000000000
 160 162 -1
obdef
loc3d
        4.94078657111844              0.67409210989409             60.81152343750000     -1
kind
     27     
    42300          153139     
        6.25000000000000  
 OBS            162
     290.78385762152419
     290.79498056316999
       1.00000000000000
 161 163 -1
obdef
loc3d
        4.95557846691255              0.67267262139613              1.00000000000000     -1
kind
     27     
    42300          153139     
        6.25000000000000  
 OBS            163
     289.09278914588504
     288.36964627550498
       1.00000000000000
 162 164 -1
obdef
loc3d
        4.93193348448080              0.68856418981073            106.00000000000000     -1
kind
     27     
    42300          153139     
        6.25000000000000  
 OBS            164
     285.45528307438195
     286.88822677379397
       1.00000000000000
 163 165 -1
obdef
loc3d
        4.89970838141578              0.68765245249877            785.09423828125000     -1
kind
     27     
    42300          153139     
        6.25000000000000  
 OBS            165
     288.75249678577251
     288.55074712069597
       1.00000000000000
 164 166 -1
obdef
loc3d
        4.95026814558372              0.68993059237416             93.11567687988281     -1
kind
     27     
    42300          153139     
        6.25000000000000  
 OBS            166
     287.70134271218393
     289.86408514267902
       1.00000000000000
 165 167 -1
obdef
loc3d
        4.94174512165160              0.68484635226999            116.56585693359381     -1
kind
     27     
    42300          153139     
        6.25000000000000  
 OBS            167
     291.11262306261102
     290.46122855792100
       1.00000000000000
 166 168 -1
obdef
loc3d
        4.95420735021482              0.68473663912788             15.00000000000000     -1
kind
     27     
    42300          153139     
        6.25000000000000  
 OBS            168
     288.56203035040278
     289.02083859499999
       1.00000000000000
 167 169 -1
obdef
loc3d
        4.93477042118681              0.68310638816012            118.89588928222661     -1
kind
     27     
    42300          153139     
        6.25000000000000  
 OBS            169
     287.24844094184834
     289.91226609379203
       1.00000000000000
 168 170 -1
obdef
loc3d
        4.93795631029682              0.68276407673392            144.94107055664060     -1
kind
     27     
    42300          153139     
        6.25000000000000  
 OBS            170
     292.42544644568432
     290.55495659370098
       1.00000000000000
 169 171 -1
obdef
loc3d
        4.94001671685736              0.68064929967652             43.67281723022461     -1
kind
     27     
    42300          153139     
        6.25000000000000  
 OBS            171
     289.42625016672838
     290.85352907495002
       1.00000000000000
 170 172 -1
obdef
loc3d
        4.94058460161740              0.67807181314514             70.17810058593750     -1
kind
     27     
    42300          153139     
        6.25000000000000  
 OBS            172
     291.17770088578953
     290.56272273509597
       1.00000000000000
 171 173 -1
obdef
loc3d
        4.95423295419494              0.68033176843505              3.71636104583740     -1
kind
     27     
    42300          153139     
        6.25000000000000  
 OBS            173
     291.49759890105298
     290.82021358552902
       1.00000000000000
 172 174 -1
obdef
loc3d
        4.94926894458696              0.66642585587446             10.91526031494141     -1
kind
     27     
    42300          153139     
        6.25000000000000  
 OBS            174
     292.29752030717088
     291.30079409613899
       1.00000000000000
 173 175 -1
obdef
loc3d
        4.96223480186848              0.66700036066835              5.00000000000000     -1
kind
     27     
    42300          153139     
        6.25000000000000  
 OBS            175
     289.17194072681559
     290.60881388704900
       1.00000000000000
 174 176 -1
obdef
loc3d
        4.95546148971009              0.67729393735082              6.17724800109863     -1
kind
     27     
    42300          153139     
        6.25000000000000  
 OBS            176
     289.16253277929468
     289.20082454979502
       1.00000000000000
 175 177 -1
obdef
loc3d
        4.92652723985629              0.69051382381431            146.04148864746091     -1
kind
     27     
    42300          153139     
        6.25000000000000  
 OBS            177
     290.84083340934950
     290.97752313747901
       1.00000000000000
 176 178 -1
obdef
loc3d
        4.96366005344362              0.66920346185787              6.00000000000000     -1
kind
     27     
    42300          153139     
        6.25000000000000  
 OBS            178
     292.09204146034824
     290.23914823979601
       1.00000000000000
 177 179 -1
obdef
loc3d
        4.97052949833720              0.66907739847133              8.84140872955322     -1
kind
     27     
    42300          153139     
        6.25000000000000  
 OBS            179
     288.84397425658517
     289.15653673143498
       1.00000000000000
 178 180 -1
obdef
loc3d
        4.95272465676814              0.69285338512106             17.57446289062500     -1
kind
     27     
    42300          153139     
        6.25000000000000  
 OBS            180
     288.20734400527800
     288.18386437599798
       1.00000000000000
 179 181 -1
obdef
loc3d
        4.94895487610473              0.69270373762026            144.09075927734381     -1
kind
     27     
    42300          153139     
        6.25000000000000  
 OBS            181
     286.56627844644510
     288.32890508974901
       1.00000000000000
 180 182 -1
obdef
loc3d
        4.94293085461737              0.69053117803871            168.92642211914060     -1
kind
     27     
    42300          153139     
        6.25000000000000  
 OBS            182
     292.64901161038000
     291.67546577635699
       1.00000000000000
 181 183 -1
obdef
loc3d
        4.93556788041953              0.67027828664670             15.00000000000000     -1
kind
     27     
    42300          153139     
        6.25000000000000  
 OBS            183
     290.71129533499374
     290.84671588008001
       1.00000000000000
 182 184 -1
obdef
loc3d
        4.94611628544174              0.67496858055017             35.03607940673828     -1
kind
     27     
    42300          153139     
        6.25000000000000  
 OBS            184
     291.00362400023971
     290.97781574876097
       1.00000000000000
 183 185 -1
obdef
loc3d
        4.94304709522229              0.67138694960003             45.00000000000000     -1
kind
     27     
    42300          153139     
        6.25000000000000  
 OBS            185
     290.63928443371810
     291.01820742903999
       1.00000000000000
 184 186 -1
obdef
loc3d
        4.94323627307922              0.67609935421143             50.91764831542969     -1
kind
     27     
    42300          153139     
        6.25000000000000  
 OBS            186
     290.20516515393899
     290.75011516053502
       1.00000000000000
 185 187 -1
obdef
loc3d
        4.94382880471830              0.67878617658979             35.27229690551758     -1
kind
     27     
    42300          153139     
        6.25000000000000  
 OBS            187
     289.66726881742591
     288.47833613508902
       1.00000000000000
 186 188 -1
obdef
loc3d
        4.94220707390035              0.68781081917460            173.94366455078119     -1
kind
     27     
    42300          153139     
        6.25000000000000  
 OBS            188
     287.25200897225119
     288.14385746950200
       1.00000000000000
 187 189 -1
obdef
loc3d
        4.92755542120837              0.68675243746254            174.61849975585940     -1
kind
     27     
    42300          153139     
        6.25000000000000  
 OBS            189
     288.61726169754809
     288.70437226488201
       1.00000000000000
 188 190 -1
obdef
loc3d
        4.93770287749180              0.68559892863867            149.84144592285159     -1
kind
     27     
    42300          153139     
        6.25000000000000  
 OBS            190
     289.13730212664836
     289.82096746817501
       1.00000000000000
 189 191 -1
obdef
loc3d
        4.92848130899840              0.69282991767383            196.64169311523440     -1
kind
     27     
    42300          153139     
        6.25000000000000  
 OBS            191
     289.77558886964448
     291.04885953553202
       1.00000000000000
 190 192 -1
obdef
loc3d
        4.94329123891126              0.66857696973652             21.80461120605469     -1
kind
     27     
    42300          153139     
        6.25000000000000  
 OBS            192
     286.39657899648859
     287.41815114534103
       1.00000000000000
 191 193 -1
obdef
loc3d
        4.93215285315783              0.69272179551745            405.54205322265619     -1
kind
     27     
    42300          153139     
        6.25000000000000  
 OBS            193
     289.61720883358890
     288.56829235686001
       1.00000000000000
 192 194 -1
obdef
loc3d
        4.93085954966869              0.68304429171430             90.32812500000000     -1
kind
     27     
    42300          153139     
        6.25000000000000  
 OBS            194
     292.96688550609406
     291.26572554165199
       1.00000000000000
 193 195 -1
obdef
loc3d
        4.93705662369825              0.67280917017713             44.45593643188477     -1
kind
     27     
    42300          153139     
        6.25000000000000  
 OBS            195
     287.47706190415198
     288.46673951552998
       1.00000000000000
 194 196 -1
obdef
loc3d
        4.94512604639754              0.69281773274108            184.54177856445310     -1
kind
     27     
    42300          153139     
        6.25000000000000  
 OBS            196
     288.12139648633814
     289.06652275467098
       1.00000000000000
 195 197 -1
obdef
loc3d
        4.94897278262263              0.68784055253573             58.60614395141602     -1
kind
     27     
    42300          153139     
        6.25000000000000  
 OBS            197
     291.35849808166432
     290.62739255780798
       1.00000000000000
 196 198 -1
obdef
loc3d
        4.94602769361993              0.68071046350214             21.00896453857422     -1
kind
     27     
    42300          153139     
        6.25000000000000  
 OBS            198
     291.45306284716179
     291.05015261173099
       1.00000000000000
 197 199 -1
obdef
loc3d
        4.93975094338173              0.67132086947702             44.21312713623047     -1
kind
     27     
    42300          153139     
        6.25000000000000  
 OBS            199
     289.37986033375859
     288.49647889011601
       1.00000000000000
 198 200 -1
obdef
loc3d
        4.93608481943111              0.69281990441712            165.01060485839841     -1
kind
     27     
    42300          153139     
        6.25000000000000  
 OBS            200
     290.20546483049543
     288.63021463266000
       1.00000000000000
 199 201 -1
obdef
loc3d
        4.92159319416735              0.69282443720594            292.33944702148438     -1
kind
     27     
    42300          153139     
        6.25000000000000  
 OBS            201
     288.91738191692741
     288.36836255359600
       1.00000000000000
 200 202 -1
obdef
loc3d
        4.93873881518950              0.68829597049600            229.64634704589841     -1
kind
     27     
    42300          153139     
        6.25000000000000  
 OBS            202
     289.46399402963249
     289.04079351833502
       1.00000000000000
 201 203 -1
obdef
loc3d
        4.93527083413009              0.68767784768684            170.73742675781250     -1
kind
     27     
    42300          153139     
        6.25000000000000  
 OBS            203
     287.97340181547884
     288.08358923881798
       1.00000000000000
 202 204 -1
obdef
loc3d
        4.94662113618514              0.69029960200592            170.37097167968750     -1
kind
     27     
    42300          153139     
        6.25000000000000  
 OBS            204
     289.24044682124799
     288.69829718148998
       1.00000000000000
 203 205 -1
obdef
loc3d
        4.93429249379945              0.69052021135789            149.81713867187500     -1
kind
     27     
    42300          153139     
        6.25000000000000  
 OBS            205
     288.40682723103936
     288.25738334775502
       1.00000000000000
 204 206 -1
obdef
loc3d
        4.93269049343414              0.68556567101287            183.19726562500000     -1
kind
     27     
    42300          153139     
        6.25000000000000  
 OBS            206
     292.05523961938491
     290.76169396567002
       1.00000000000000
 205 207 -1
obdef
loc3d
        4.96102089029673              0.67774516842699             17.24609375000000     -1
kind
     27     
    42300          153139     
        6.25000000000000  
 OBS            207
     290.29158408153745
     290.41550571553603
       1.00000000000000
 206 208 -1
obdef
loc3d
        4.95766343385975              0.68587140474105             17.20619201660156     -1
kind
     27     
    42300          153139     
        6.25000000000000  
 OBS            208
     291.62064671593470
     290.02625776010899
       1.00000000000000
 207 209 -1
obdef
loc3d
        4.96848382491262              0.66600327539335              8.93466186523438     -1
kind
     27     
    42300          153139     
        6.25000000000000  
 OBS            209
     290.85188208160935
     290.64722741200302
       1.00000000000000
 208 210 -1
obdef
loc3d
        4.95841046678131              0.68356976794003             15.00000000000000     -1
kind
     27     
    42300          153139     
        6.25000000000000  
 OBS            210
     292.78182298771208
     291.02213263733597
       1.00000000000000
 209 211 -1
obdef
loc3d
        4.95968425198686              0.67283122878530              9.91464328765869     -1
kind
     27     
    42300          153139     
        6.25000000000000  
 OBS            211
     293.44610031624734
     290.90236480908402
       1.00000000000000
 210 212 -1
obdef
loc3d
        4.95850938370535              0.67569847985950              9.09960937500000     -1
kind
     27     
    42300          153139     
        6.25000000000000  
 OBS            212
     290.06092807208461
     290.30945960926601
       1.00000000000000
 211 213 -1
obdef
loc3d
        4.96062039600501              0.68186605212913             14.00000000000000     -1
kind
     27     
    42300          153139     
        6.25000000000000  
 OBS            213
     290.93579626146800
     290.31726924674399
       1.00000000000000
 212 214 -1
obdef
loc3d
        4.96044430349621              0.68522255501691             15.00000000000000     -1
kind
     27     
    42300          153139     
        6.25000000000000  
 OBS            214
     291.14613876300166
     290.53599791588101
       1.00000000000000
 213 215 -1
obdef
loc3d
        4.95666979050607              0.68165969365477             15.07347202301025     -1
kind
     27     
    42300          153139     
        6.25000000000000  
 OBS            215
     292.43702615615723
     290.67099293725602
       1.00000000000000
 214 216 -1
obdef
loc3d
        4.96483712939352              0.66390373451953              6.00000000000000     -1
kind
     27     
    42300          153139     
        6.25000000000000  
 OBS            216
     290.42997351428022
     290.68686819638600
       1.00000000000000
 215 217 -1
obdef
loc3d
        4.96717335385836              0.67072562238302             13.76562500000000     -1
kind
     27     
    42300          153139     
        6.25000000000000  
 OBS            217
     287.96777992239896
     289.92986126149998
       1.00000000000000
 216 218 -1
obdef
loc3d
        4.96004611966382              0.68820120365869             15.00000000000000     -1
kind
     27     
    42300          153139     
        6.25000000000000  
 OBS            218
     289.83599450657755
     288.89941382975201
       1.00000000000000
 217 219 -1
obdef
loc3d
        4.95406364445895              0.69009645468583             54.42578125000000     -1
kind
     27     
    42300          153139     
        6.25000000000000  
 OBS            219
     289.09343376431320
     290.35701271502597
       1.00000000000000
 218 220 -1
obdef
loc3d
        4.95508230192316              0.68705689194968              9.08530712127686     -1
kind
     27     
    42300          153139     
        6.25000000000000  
 OBS            220
     286.30355235535063
     288.59811229181702
       1.00000000000000
 219 221 -1
obdef
loc3d
        4.89647559039613              0.68497595921932            824.84875488281250     -1
kind
     27     
    42300          153139     
        6.25000000000000  
 OBS            221
     288.86472263908598
     287.76587183798500
       1.00000000000000
 220 222 -1
obdef
loc3d
        4.89667428721977              0.69273770557989            574.37286376953125     -1
kind
     27     
    42300          153139     
        6.25000000000000  
 OBS            222
     288.55571666568943
     288.69791968437198
       1.00000000000000
 221 223 -1
obdef
loc3d
        4.91583459977084              0.69278424988043            233.68589782714841     -1
kind
     27     
    42300          153139     
        6.25000000000000  
 OBS            223
     287.51133988684933
     287.34309241589301
       1.00000000000000
 222 224 -1
obdef
loc3d
        4.90300762067971              0.68954390300676            525.03326416015625     -1
kind
     27     
    42300          153139     
        6.25000000000000  
 OBS            224
     287.60356462766288
     287.18024559358201
       1.00000000000000
 223 225 -1
obdef
loc3d
        4.90168560310748              0.69286223560483            711.58941650390625     -1
kind
     27     
    42300          153139     
        6.25000000000000  
 OBS            225
     288.65520472483826
     288.51113257177599
       1.00000000000000
 224 -1 -1
obdef
loc3d
        4.91091515139416              0.69052501454351            199.70848083496091     -1
kind
     27     
    42300          153139     
        6.25000000000000  
