 obs_sequence
obs_kind_definitions
       3
    25          LAND_SFC_U_WIND_COMPONENT   
    26          LAND_SFC_V_WIND_COMPONENT   
    27          LAND_SFC_TEMPERATURE   
  num_copies:            2  num_qc:            1
 num_obs:       225  max_num_obs:       225
observations
truth
QC radar
  first:            1  last:       225
 OBS            1
      16.38879403878994
      11.28965464029810
       1.00000000000000
 -1 2 -1
obdef
loc3d
        4.90540352515539              0.69194112440599            606.33142089843750     -1
kind
     25     
    79200          153139     
       12.25000000000000  
 OBS            2
       5.67137234497956
       2.95017483001459
       1.00000000000000
 1 3 -1
obdef
loc3d
        4.94546412681761              0.68348353984884             17.75631332397461     -1
kind
     25     
    79200          153139     
       12.25000000000000  
 OBS            3
      11.85258978207613
       7.14702703860152
       1.00000000000000
 2 4 -1
obdef
loc3d
        4.94660974174000              0.67744857875853             29.35406684875488     -1
kind
     25     
    79200          153139     
       12.25000000000000  
 OBS            4
       1.23251937684595
       3.20405707046868
       1.00000000000000
 3 5 -1
obdef
loc3d
        4.94648126630843              0.68652865419204             54.82812500000000     -1
kind
     25     
    79200          153139     
       12.25000000000000  
 OBS            5
       2.74231317198143
       4.43581963374847
       1.00000000000000
 4 6 -1
obdef
loc3d
        4.94445426011379              0.68507566758975             62.61011505126953     -1
kind
     25     
    79200          153139     
       12.25000000000000  
 OBS            6
       5.06403004075246
       4.84139261504322
       1.00000000000000
 5 7 -1
obdef
loc3d
        4.94602055174578              0.68752162087271            134.15721130371091     -1
kind
     25     
    79200          153139     
       12.25000000000000  
 OBS            7
       6.84222922431616
       4.48832270198986
       1.00000000000000
 6 8 -1
obdef
loc3d
        4.94603912728501              0.67254511985829             35.00297546386719     -1
kind
     25     
    79200          153139     
       12.25000000000000  
 OBS            8
       9.30382150391470
       8.11293000247160
       1.00000000000000
 7 9 -1
obdef
loc3d
        4.95877904994953              0.67986585977255             17.04111671447754     -1
kind
     25     
    79200          153139     
       12.25000000000000  
 OBS            9
       8.43736428169538
       8.94866005723624
       1.00000000000000
 8 10 -1
obdef
loc3d
        4.93958042817759              0.69095160998657            226.13127136230469     -1
kind
     25     
    79200          153139     
       12.25000000000000  
 OBS            10
       9.69421190311616
       6.22870314757442
       1.00000000000000
 9 11 -1
obdef
loc3d
        4.95756313665553              0.69181797222864             89.84997558593750     -1
kind
     25     
    79200          153139     
       12.25000000000000  
 OBS            11
       3.88593471857336
       4.12038212607097
       1.00000000000000
 10 12 -1
obdef
loc3d
        4.94078657111844              0.67409210989409             60.81152343750000     -1
kind
     25     
    79200          153139     
       12.25000000000000  
 OBS            12
      -0.19644809050244
       7.65414222497048
       1.00000000000000
 11 13 -1
obdef
loc3d
        4.95557846691255              0.67267262139613              1.00000000000000     -1
kind
     25     
    79200          153139     
       12.25000000000000  
 OBS            13
      13.31859556930567
      10.22784945454070
       1.00000000000000
 12 14 -1
obdef
loc3d
        4.93193348448080              0.68856418981073            106.00000000000000     -1
kind
     25     
    79200          153139     
       12.25000000000000  
 OBS            14
      21.04614693460604
      12.73232391921610
       1.00000000000000
 13 15 -1
obdef
loc3d
        4.89970838141578              0.68765245249877            785.09423828125000     -1
kind
     25     
    79200          153139     
       12.25000000000000  
 OBS            15
       3.95037350641826
       4.42334931450368
       1.00000000000000
 14 16 -1
obdef
loc3d
        4.95026814558372              0.68993059237416             93.11567687988281     -1
kind
     25     
    79200          153139     
       12.25000000000000  
 OBS            16
       1.04718503320887
       4.62549998385080
       1.00000000000000
 15 17 -1
obdef
loc3d
        4.94174512165160              0.68484635226999            116.56585693359381     -1
kind
     25     
    79200          153139     
       12.25000000000000  
 OBS            17
       6.06092897501744
       9.29280985427263
       1.00000000000000
 16 18 -1
obdef
loc3d
        4.95420735021482              0.68473663912788             15.00000000000000     -1
kind
     25     
    79200          153139     
       12.25000000000000  
 OBS            18
       3.11051435578319
       3.43085088150465
       1.00000000000000
 17 19 -1
obdef
loc3d
        4.93477042118681              0.68310638816012            118.89588928222661     -1
kind
     25     
    79200          153139     
       12.25000000000000  
 OBS            19
      -0.88387164200180
       3.94656827084140
       1.00000000000000
 18 20 -1
obdef
loc3d
        4.93795631029682              0.68276407673392            144.94107055664060     -1
kind
     25     
    79200          153139     
       12.25000000000000  
 OBS            20
       4.86380605238088
       4.83293349674720
       1.00000000000000
 19 21 -1
obdef
loc3d
        4.94001671685736              0.68064929967652             43.67281723022461     -1
kind
     25     
    79200          153139     
       12.25000000000000  
 OBS            21
      -2.39519942477840
       4.29169643570708
       1.00000000000000
 20 22 -1
obdef
loc3d
        4.94058460161740              0.67807181314514             70.17810058593750     -1
kind
     25     
    79200          153139     
       12.25000000000000  
 OBS            22
      10.38754579272899
       7.04236398413642
       1.00000000000000
 21 23 -1
obdef
loc3d
        4.95423295419494              0.68033176843505              3.71636104583740     -1
kind
     25     
    79200          153139     
       12.25000000000000  
 OBS            23
       3.24954172841227
       7.32915637658433
       1.00000000000000
 22 24 -1
obdef
loc3d
        4.94926894458696              0.66642585587446             10.91526031494141     -1
kind
     25     
    79200          153139     
       12.25000000000000  
 OBS            24
       4.79292383428733
       8.16046073420192
       1.00000000000000
 23 25 -1
obdef
loc3d
        4.96223480186848              0.66700036066835              5.00000000000000     -1
kind
     25     
    79200          153139     
       12.25000000000000  
 OBS            25
       5.34365048251714
       7.87767718995925
       1.00000000000000
 24 26 -1
obdef
loc3d
        4.95546148971009              0.67729393735082              6.17724800109863     -1
kind
     25     
    79200          153139     
       12.25000000000000  
 OBS            26
       7.85477808723130
       9.34288037941011
       1.00000000000000
 25 27 -1
obdef
loc3d
        4.92652723985629              0.69051382381431            146.04148864746091     -1
kind
     25     
    79200          153139     
       12.25000000000000  
 OBS            27
       7.47000426426887
       7.49946090222041
       1.00000000000000
 26 28 -1
obdef
loc3d
        4.96366005344362              0.66920346185787              6.00000000000000     -1
kind
     25     
    79200          153139     
       12.25000000000000  
 OBS            28
       3.82535443433222
       5.16723024019872
       1.00000000000000
 27 29 -1
obdef
loc3d
        4.97052949833720              0.66907739847133              8.84140872955322     -1
kind
     25     
    79200          153139     
       12.25000000000000  
 OBS            29
       9.71561270865817
       9.56635535729192
       1.00000000000000
 28 30 -1
obdef
loc3d
        4.93727739535368              0.69277976810143            187.24655151367190     -1
kind
     25     
    79200          153139     
       12.25000000000000  
 OBS            30
       5.47460093351680
       6.06950122216698
       1.00000000000000
 29 31 -1
obdef
loc3d
        4.94575592838423              0.68143846111579             35.01654815673828     -1
kind
     25     
    79200          153139     
       12.25000000000000  
 OBS            31
       9.07540802657963
       9.97961703830572
       1.00000000000000
 30 32 -1
obdef
loc3d
        4.93184075890513              0.68784163962489             92.58054351806641     -1
kind
     25     
    79200          153139     
       12.25000000000000  
 OBS            32
       0.82824798281371
       4.93880483821364
       1.00000000000000
 31 33 -1
obdef
loc3d
        4.94081711590956              0.68854862967758            162.55853271484381     -1
kind
     25     
    79200          153139     
       12.25000000000000  
 OBS            33
       4.60824549941333
       5.12934169361289
       1.00000000000000
 32 34 -1
obdef
loc3d
        4.94249854456299              0.67650785339572             60.39866638183594     -1
kind
     25     
    79200          153139     
       12.25000000000000  
 OBS            34
      11.65806464348581
       8.18828726330812
       1.00000000000000
 33 35 -1
obdef
loc3d
        4.93162931041089              0.68282844530430             93.04485321044922     -1
kind
     25     
    79200          153139     
       12.25000000000000  
 OBS            35
       3.56904405078652
       3.65240230428669
       1.00000000000000
 34 36 -1
obdef
loc3d
        4.93293180012842              0.69147876068069            106.50605773925780     -1
kind
     25     
    79200          153139     
       12.25000000000000  
 OBS            36
       9.44437475052024
       4.50147249713285
       1.00000000000000
 35 37 -1
obdef
loc3d
        4.94231542915734              0.67925336633936             45.80761718750000     -1
kind
     25     
    79200          153139     
       12.25000000000000  
 OBS            37
       3.19243666333261
       5.27177145901192
       1.00000000000000
 36 38 -1
obdef
loc3d
        4.94267046375275              0.67009027494016             28.73577499389648     -1
kind
     25     
    79200          153139     
       12.25000000000000  
 OBS            38
       5.21090889326980
       4.63265876714268
       1.00000000000000
 37 39 -1
obdef
loc3d
        4.95301390972552              0.69283749825579             93.74549102783203     -1
kind
     25     
    79200          153139     
       12.25000000000000  
 OBS            39
       1.33440270832384
       4.97548200916111
       1.00000000000000
 38 40 -1
obdef
loc3d
        4.93993476658470              0.67588412939320             29.35707092285156     -1
kind
     25     
    79200          153139     
       12.25000000000000  
 OBS            40
      -4.48711002654192
       3.29945747815181
       1.00000000000000
 39 41 -1
obdef
loc3d
        4.93755681423869              0.67212761520231             23.80049896240234     -1
kind
     25     
    79200          153139     
       12.25000000000000  
 OBS            41
       5.58586029488237
       5.90836352302732
       1.00000000000000
 40 42 -1
obdef
loc3d
        4.93524778363115              0.68687961042640            201.53530883789060     -1
kind
     25     
    79200          153139     
       12.25000000000000  
 OBS            42
       6.19692566836161
       6.65343995183782
       1.00000000000000
 41 43 -1
obdef
loc3d
        4.94487715611266              0.69284945127485            184.54177856445310     -1
kind
     25     
    79200          153139     
       12.25000000000000  
 OBS            43
       1.57928763640127
       3.47111399149919
       1.00000000000000
 42 44 -1
obdef
loc3d
        4.93574679201688              0.68074234291388             92.12267303466797     -1
kind
     25     
    79200          153139     
       12.25000000000000  
 OBS            44
      13.63448886855636
       8.98183794639140
       1.00000000000000
 43 45 -1
obdef
loc3d
        4.93948311897746              0.68677523412020            143.54531860351560     -1
kind
     25     
    79200          153139     
       12.25000000000000  
 OBS            45
      13.71232727452638
      12.14054325938970
       1.00000000000000
 44 46 -1
obdef
loc3d
        4.93535147134114              0.68874818734546            154.91955566406250     -1
kind
     25     
    79200          153139     
       12.25000000000000  
 OBS            46
       7.30358066298282
       4.91404723115849
       1.00000000000000
 45 47 -1
obdef
loc3d
        4.93998720508067              0.67099618858999             15.00000000000000     -1
kind
     25     
    79200          153139     
       12.25000000000000  
 OBS            47
       7.17790501672853
       5.38771214757893
       1.00000000000000
 46 48 -1
obdef
loc3d
        4.95377154670010              0.68841616298427              1.00000000000000     -1
kind
     25     
    79200          153139     
       12.25000000000000  
 OBS            48
      11.22435675422152
       4.83170071642399
       1.00000000000000
 47 49 -1
obdef
loc3d
        4.94369600674710              0.67424831199146             56.55799865722656     -1
kind
     25     
    79200          153139     
       12.25000000000000  
 OBS            49
      18.34358031767813
       4.85941211240720
       1.00000000000000
 48 50 -1
obdef
loc3d
        4.94554915949750              0.67592825057405             27.37830162048340     -1
kind
     25     
    79200          153139     
       12.25000000000000  
 OBS            50
      13.79930913132279
      10.60648935715530
       1.00000000000000
 49 51 -1
obdef
loc3d
        4.93817225910204              0.68863985936718            220.11502075195310     -1
kind
     25     
    79200          153139     
       12.25000000000000  
 OBS            51
       5.92794698490427
       3.55731017373218
       1.00000000000000
 50 52 -1
obdef
loc3d
        4.94679227765370              0.67424304503817             25.38815879821777     -1
kind
     25     
    79200          153139     
       12.25000000000000  
 OBS            52
       3.47450818558699
       3.70119984272989
       1.00000000000000
 51 53 -1
obdef
loc3d
        4.93825175772606              0.67415674930066             45.00000000000000     -1
kind
     25     
    79200          153139     
       12.25000000000000  
 OBS            53
       8.95350767734300
       8.17061457639958
       1.00000000000000
 52 54 -1
obdef
loc3d
        4.94311892630401              0.68721450203000            155.69055175781250     -1
kind
     25     
    79200          153139     
       12.25000000000000  
 OBS            54
       9.27304252376338
       6.66723041669642
       1.00000000000000
 53 55 -1
obdef
loc3d
        4.94449382724881              0.67792071808206             14.15527343750000     -1
kind
     25     
    79200          153139     
       12.25000000000000  
 OBS            55
       8.92466827939902
       8.34662929783680
       1.00000000000000
 54 56 -1
obdef
loc3d
        4.94565692959859              0.66987151098961             30.00000000000000     -1
kind
     25     
    79200          153139     
       12.25000000000000  
 OBS            56
       3.76240865429433
       5.26710590610768
       1.00000000000000
 55 57 -1
obdef
loc3d
        4.93623940611723              0.68485115788194            160.48159790039060     -1
kind
     25     
    79200          153139     
       12.25000000000000  
 OBS            57
       7.43394426874373
       2.76770706189085
       1.00000000000000
 56 58 -1
obdef
loc3d
        4.93207688179052              0.69191340558627            266.88421630859381     -1
kind
     25     
    79200          153139     
       12.25000000000000  
 OBS            58
       7.72064270053413
       8.95069098830339
       1.00000000000000
 57 59 -1
obdef
loc3d
        4.94337184525690              0.69048472086632            168.92642211914060     -1
kind
     25     
    79200          153139     
       12.25000000000000  
 OBS            59
      12.70562937468516
       7.96540846252981
       1.00000000000000
 58 60 -1
obdef
loc3d
        4.93083275656657              0.69156409584246            530.37139892578125     -1
kind
     25     
    79200          153139     
       12.25000000000000  
 OBS            60
       7.58843378475816
       4.31795787722212
       1.00000000000000
 59 61 -1
obdef
loc3d
        4.93576715774405              0.67026358084744             15.00000000000000     -1
kind
     25     
    79200          153139     
       12.25000000000000  
 OBS            61
       3.69502395467493
       6.45322412859182
       1.00000000000000
 60 62 -1
obdef
loc3d
        4.94676264345478              0.69035499858378            170.37097167968750     -1
kind
     25     
    79200          153139     
       12.25000000000000  
 OBS            62
       8.81946470215387
      10.66051878806810
       1.00000000000000
 61 63 -1
obdef
loc3d
        4.94046883892718              0.69230960363225            232.29916381835940     -1
kind
     25     
    79200          153139     
       12.25000000000000  
 OBS            63
       9.64141726510649
       8.10703448954295
       1.00000000000000
 62 64 -1
obdef
loc3d
        4.94668005348904              0.66792517272334             30.00000000000000     -1
kind
     25     
    79200          153139     
       12.25000000000000  
 OBS            64
       1.51743538109804
       4.72810723516060
       1.00000000000000
 63 65 -1
obdef
loc3d
        4.93142664351951              0.69067116425814            352.18109130859381     -1
kind
     25     
    79200          153139     
       12.25000000000000  
 OBS            65
      -2.87910075169225
       3.80244622482391
       1.00000000000000
 64 66 -1
obdef
loc3d
        4.93315860158957              0.69236546390432            148.09797668457031     -1
kind
     25     
    79200          153139     
       12.25000000000000  
 OBS            66
       6.76874007728989
       4.65711380631176
       1.00000000000000
 65 67 -1
obdef
loc3d
        4.94330474517536              0.68101851702487             28.94674682617188     -1
kind
     25     
    79200          153139     
       12.25000000000000  
 OBS            67
       4.43707455292970
       4.81144885242300
       1.00000000000000
 66 68 -1
obdef
loc3d
        4.93900329796962              0.68465687192145            135.10733032226560     -1
kind
     25     
    79200          153139     
       12.25000000000000  
 OBS            68
       6.01062978819911
       5.28620194970674
       1.00000000000000
 67 69 -1
obdef
loc3d
        4.94044166392076              0.68262352587105            131.77731323242190     -1
kind
     25     
    79200          153139     
       12.25000000000000  
 OBS            69
      11.65792814999162
       8.19247824783102
       1.00000000000000
 68 70 -1
obdef
loc3d
        4.92619210793233              0.68978851614430            140.91706848144531     -1
kind
     25     
    79200          153139     
       12.25000000000000  
 OBS            70
       2.53236045062654
       7.06197996661303
       1.00000000000000
 69 71 -1
obdef
loc3d
        4.94963312081941              0.66996996266355             29.99300956726074     -1
kind
     25     
    79200          153139     
       12.25000000000000  
 OBS            71
      16.30549258873527
       8.82237947422615
       1.00000000000000
 70 72 -1
obdef
loc3d
        4.92700392971737              0.68887132383449            128.38885498046881     -1
kind
     25     
    79200          153139     
       12.25000000000000  
 OBS            72
       5.85767127356877
       5.72433829131923
       1.00000000000000
 71 73 -1
obdef
loc3d
        4.94246333188258              0.67229541033138             45.31371688842773     -1
kind
     25     
    79200          153139     
       12.25000000000000  
 OBS            73
       2.11211350833668
       3.58486311586732
       1.00000000000000
 72 74 -1
obdef
loc3d
        4.94297820410103              0.68302629331082             53.72113800048828     -1
kind
     25     
    79200          153139     
       12.25000000000000  
 OBS            74
       2.00126826639162
       4.36862492028435
       1.00000000000000
 73 75 -1
obdef
loc3d
        4.94625467437127              0.67931016686449             42.11843872070312     -1
kind
     25     
    79200          153139     
       12.25000000000000  
 OBS            75
       4.37344594833275
       4.73887790886279
       1.00000000000000
 74 76 -1
obdef
loc3d
        4.93718236751881              0.69150375136553            153.15858459472659     -1
kind
     25     
    79200          153139     
       12.25000000000000  
 OBS            76
       0.74507733743981
      -1.01819899897662
       1.00000000000000
 75 77 -1
obdef
loc3d
        4.90540352515539              0.69194112440599            606.33142089843750     -1
kind
     26     
    79200          153139     
       12.25000000000000  
 OBS            77
       0.70515591062598
      -0.15387233074334
       1.00000000000000
 76 78 -1
obdef
loc3d
        4.94546412681761              0.68348353984884             17.75631332397461     -1
kind
     26     
    79200          153139     
       12.25000000000000  
 OBS            78
      -3.50911206048513
      -0.13306382175839
       1.00000000000000
 77 79 -1
obdef
loc3d
        4.94660974174000              0.67744857875853             29.35406684875488     -1
kind
     26     
    79200          153139     
       12.25000000000000  
 OBS            79
      -1.17450122315906
       0.38700820766592
       1.00000000000000
 78 80 -1
obdef
loc3d
        4.94648126630843              0.68652865419204             54.82812500000000     -1
kind
     26     
    79200          153139     
       12.25000000000000  
 OBS            80
       0.09012765233140
      -0.10942098464791
       1.00000000000000
 79 81 -1
obdef
loc3d
        4.94445426011379              0.68507566758975             62.61011505126953     -1
kind
     26     
    79200          153139     
       12.25000000000000  
 OBS            81
      -1.64948379008903
       0.02597245953789
       1.00000000000000
 80 82 -1
obdef
loc3d
        4.94602055174578              0.68752162087271            134.15721130371091     -1
kind
     26     
    79200          153139     
       12.25000000000000  
 OBS            82
      -2.63196662756349
      -0.17405764822589
       1.00000000000000
 81 83 -1
obdef
loc3d
        4.94603912728501              0.67254511985829             35.00297546386719     -1
kind
     26     
    79200          153139     
       12.25000000000000  
 OBS            83
       0.36656463277662
      -0.80869107617142
       1.00000000000000
 82 84 -1
obdef
loc3d
        4.95877904994953              0.67986585977255             17.04111671447754     -1
kind
     26     
    79200          153139     
       12.25000000000000  
 OBS            84
      -0.32780847887572
       1.33686622932244
       1.00000000000000
 83 85 -1
obdef
loc3d
        4.93958042817759              0.69095160998657            226.13127136230469     -1
kind
     26     
    79200          153139     
       12.25000000000000  
 OBS            85
       2.20516006103008
       1.09639480825611
       1.00000000000000
 84 86 -1
obdef
loc3d
        4.95756313665553              0.69181797222864             89.84997558593750     -1
kind
     26     
    79200          153139     
       12.25000000000000  
 OBS            86
       3.10286413469895
      -0.17967203597881
       1.00000000000000
 85 87 -1
obdef
loc3d
        4.94078657111844              0.67409210989409             60.81152343750000     -1
kind
     26     
    79200          153139     
       12.25000000000000  
 OBS            87
       1.56932106318832
       1.45609251236643
       1.00000000000000
 86 88 -1
obdef
loc3d
        4.95557846691255              0.67267262139613              1.00000000000000     -1
kind
     26     
    79200          153139     
       12.25000000000000  
 OBS            88
       4.32558917322715
       0.07185109880035
       1.00000000000000
 87 89 -1
obdef
loc3d
        4.93193348448080              0.68856418981073            106.00000000000000     -1
kind
     26     
    79200          153139     
       12.25000000000000  
 OBS            89
      -1.66042146539306
      -1.51402764160793
       1.00000000000000
 88 90 -1
obdef
loc3d
        4.89970838141578              0.68765245249877            785.09423828125000     -1
kind
     26     
    79200          153139     
       12.25000000000000  
 OBS            90
       0.63349075415287
       1.26180077276130
       1.00000000000000
 89 91 -1
obdef
loc3d
        4.95026814558372              0.68993059237416             93.11567687988281     -1
kind
     26     
    79200          153139     
       12.25000000000000  
 OBS            91
      -2.58943905080363
      -0.36246063168041
       1.00000000000000
 90 92 -1
obdef
loc3d
        4.94174512165160              0.68484635226999            116.56585693359381     -1
kind
     26     
    79200          153139     
       12.25000000000000  
 OBS            92
      -1.43046459183174
      -1.15143424875950
       1.00000000000000
 91 93 -1
obdef
loc3d
        4.95420735021482              0.68473663912788             15.00000000000000     -1
kind
     26     
    79200          153139     
       12.25000000000000  
 OBS            93
       1.69310592335494
      -0.74223740865577
       1.00000000000000
 92 94 -1
obdef
loc3d
        4.93477042118681              0.68310638816012            118.89588928222661     -1
kind
     26     
    79200          153139     
       12.25000000000000  
 OBS            94
       3.04565304306408
      -0.57005868347898
       1.00000000000000
 93 95 -1
obdef
loc3d
        4.93795631029682              0.68276407673392            144.94107055664060     -1
kind
     26     
    79200          153139     
       12.25000000000000  
 OBS            95
       1.23668227526332
       1.39156743785296
       1.00000000000000
 94 96 -1
obdef
loc3d
        4.94001671685736              0.68064929967652             43.67281723022461     -1
kind
     26     
    79200          153139     
       12.25000000000000  
 OBS            96
       0.02027691980984
       0.79097802273023
       1.00000000000000
 95 97 -1
obdef
loc3d
        4.94058460161740              0.67807181314514             70.17810058593750     -1
kind
     26     
    79200          153139     
       12.25000000000000  
 OBS            97
      -1.74623832994091
       0.04677806565153
       1.00000000000000
 96 98 -1
obdef
loc3d
        4.95423295419494              0.68033176843505              3.71636104583740     -1
kind
     26     
    79200          153139     
       12.25000000000000  
 OBS            98
      -3.49625733322610
      -0.16765206544673
       1.00000000000000
 97 99 -1
obdef
loc3d
        4.94926894458696              0.66642585587446             10.91526031494141     -1
kind
     26     
    79200          153139     
       12.25000000000000  
 OBS            99
       0.73035374830473
       2.33144085268126
       1.00000000000000
 98 100 -1
obdef
loc3d
        4.96223480186848              0.66700036066835              5.00000000000000     -1
kind
     26     
    79200          153139     
       12.25000000000000  
 OBS            100
       2.71734332989458
      -1.13116853402375
       1.00000000000000
 99 101 -1
obdef
loc3d
        4.95546148971009              0.67729393735082              6.17724800109863     -1
kind
     26     
    79200          153139     
       12.25000000000000  
 OBS            101
      -5.28871693657669
      -1.92523021640532
       1.00000000000000
 100 102 -1
obdef
loc3d
        4.92652723985629              0.69051382381431            146.04148864746091     -1
kind
     26     
    79200          153139     
       12.25000000000000  
 OBS            102
       1.73452326061342
       2.36420269582284
       1.00000000000000
 101 103 -1
obdef
loc3d
        4.96366005344362              0.66920346185787              6.00000000000000     -1
kind
     26     
    79200          153139     
       12.25000000000000  
 OBS            103
       6.73860054570403
       3.20690583092861
       1.00000000000000
 102 104 -1
obdef
loc3d
        4.97052949833720              0.66907739847133              8.84140872955322     -1
kind
     26     
    79200          153139     
       12.25000000000000  
 OBS            104
       0.38246527617170
       0.37558991637879
       1.00000000000000
 103 105 -1
obdef
loc3d
        4.93727739535368              0.69277976810143            187.24655151367190     -1
kind
     26     
    79200          153139     
       12.25000000000000  
 OBS            105
       4.67502436747721
      -0.06679457036655
       1.00000000000000
 104 106 -1
obdef
loc3d
        4.94575592838423              0.68143846111579             35.01654815673828     -1
kind
     26     
    79200          153139     
       12.25000000000000  
 OBS            106
      -0.63429115684873
      -0.36331340770623
       1.00000000000000
 105 107 -1
obdef
loc3d
        4.93184075890513              0.68784163962489             92.58054351806641     -1
kind
     26     
    79200          153139     
       12.25000000000000  
 OBS            107
      -2.32271334451029
       1.09819265333274
       1.00000000000000
 106 108 -1
obdef
loc3d
        4.94081711590956              0.68854862967758            162.55853271484381     -1
kind
     26     
    79200          153139     
       12.25000000000000  
 OBS            108
      -1.32659797561857
      -0.31147471461866
       1.00000000000000
 107 109 -1
obdef
loc3d
        4.94249854456299              0.67650785339572             60.39866638183594     -1
kind
     26     
    79200          153139     
       12.25000000000000  
 OBS            109
       1.43543989621631
      -2.30440803351943
       1.00000000000000
 108 110 -1
obdef
loc3d
        4.93162931041089              0.68282844530430             93.04485321044922     -1
kind
     26     
    79200          153139     
       12.25000000000000  
 OBS            110
       1.99574977528805
       1.46384110328088
       1.00000000000000
 109 111 -1
obdef
loc3d
        4.93293180012842              0.69147876068069            106.50605773925780     -1
kind
     26     
    79200          153139     
       12.25000000000000  
 OBS            111
      -1.61805235948311
       1.24609282715883
       1.00000000000000
 110 112 -1
obdef
loc3d
        4.94231542915734              0.67925336633936             45.80761718750000     -1
kind
     26     
    79200          153139     
       12.25000000000000  
 OBS            112
      -0.23615636770554
       1.37909200767795
       1.00000000000000
 111 113 -1
obdef
loc3d
        4.94267046375275              0.67009027494016             28.73577499389648     -1
kind
     26     
    79200          153139     
       12.25000000000000  
 OBS            113
      -5.48428144965104
       0.51493119596054
       1.00000000000000
 112 114 -1
obdef
loc3d
        4.95301390972552              0.69283749825579             93.74549102783203     -1
kind
     26     
    79200          153139     
       12.25000000000000  
 OBS            114
      -3.05331839058250
      -0.65981573584231
       1.00000000000000
 113 115 -1
obdef
loc3d
        4.93993476658470              0.67588412939320             29.35707092285156     -1
kind
     26     
    79200          153139     
       12.25000000000000  
 OBS            115
       1.68814588522031
       1.11672837793929
       1.00000000000000
 114 116 -1
obdef
loc3d
        4.93755681423869              0.67212761520231             23.80049896240234     -1
kind
     26     
    79200          153139     
       12.25000000000000  
 OBS            116
       0.04500181040521
      -0.83501481405295
       1.00000000000000
 115 117 -1
obdef
loc3d
        4.93524778363115              0.68687961042640            201.53530883789060     -1
kind
     26     
    79200          153139     
       12.25000000000000  
 OBS            117
      -3.99197810797476
       0.84651650967415
       1.00000000000000
 116 118 -1
obdef
loc3d
        4.94487715611266              0.69284945127485            184.54177856445310     -1
kind
     26     
    79200          153139     
       12.25000000000000  
 OBS            118
       0.68901052364391
       0.05600339142328
       1.00000000000000
 117 119 -1
obdef
loc3d
        4.93574679201688              0.68074234291388             92.12267303466797     -1
kind
     26     
    79200          153139     
       12.25000000000000  
 OBS            119
       5.25463360475334
      -0.90865023685234
       1.00000000000000
 118 120 -1
obdef
loc3d
        4.93948311897746              0.68677523412020            143.54531860351560     -1
kind
     26     
    79200          153139     
       12.25000000000000  
 OBS            120
       7.35981505198272
       0.14090148718839
       1.00000000000000
 119 121 -1
obdef
loc3d
        4.93535147134114              0.68874818734546            154.91955566406250     -1
kind
     26     
    79200          153139     
       12.25000000000000  
 OBS            121
      -3.41431432090887
       1.81864984944594
       1.00000000000000
 120 122 -1
obdef
loc3d
        4.93998720508067              0.67099618858999             15.00000000000000     -1
kind
     26     
    79200          153139     
       12.25000000000000  
 OBS            122
       0.31956821397076
       1.26076945440809
       1.00000000000000
 121 123 -1
obdef
loc3d
        4.95377154670010              0.68841616298427              1.00000000000000     -1
kind
     26     
    79200          153139     
       12.25000000000000  
 OBS            123
      -1.33761234455702
      -0.51861420425498
       1.00000000000000
 122 124 -1
obdef
loc3d
        4.94369600674710              0.67424831199146             56.55799865722656     -1
kind
     26     
    79200          153139     
       12.25000000000000  
 OBS            124
      -1.82522745616684
      -0.64697072325591
       1.00000000000000
 123 125 -1
obdef
loc3d
        4.94554915949750              0.67592825057405             27.37830162048340     -1
kind
     26     
    79200          153139     
       12.25000000000000  
 OBS            125
       4.30435487498444
      -0.19094407937174
       1.00000000000000
 124 126 -1
obdef
loc3d
        4.93817225910204              0.68863985936718            220.11502075195310     -1
kind
     26     
    79200          153139     
       12.25000000000000  
 OBS            126
       1.65917758407609
      -0.58755800252858
       1.00000000000000
 125 127 -1
obdef
loc3d
        4.94679227765370              0.67424304503817             25.38815879821777     -1
kind
     26     
    79200          153139     
       12.25000000000000  
 OBS            127
       5.20010349879112
       0.35163779331951
       1.00000000000000
 126 128 -1
obdef
loc3d
        4.93825175772606              0.67415674930066             45.00000000000000     -1
kind
     26     
    79200          153139     
       12.25000000000000  
 OBS            128
      -3.66515892087208
       0.53327760519372
       1.00000000000000
 127 129 -1
obdef
loc3d
        4.94311892630401              0.68721450203000            155.69055175781250     -1
kind
     26     
    79200          153139     
       12.25000000000000  
 OBS            129
       6.10853433450691
       0.49704506154220
       1.00000000000000
 128 130 -1
obdef
loc3d
        4.94449382724881              0.67792071808206             14.15527343750000     -1
kind
     26     
    79200          153139     
       12.25000000000000  
 OBS            130
       5.66914858074029
       1.95421135093424
       1.00000000000000
 129 131 -1
obdef
loc3d
        4.94565692959859              0.66987151098961             30.00000000000000     -1
kind
     26     
    79200          153139     
       12.25000000000000  
 OBS            131
      -0.80112529523053
      -0.54391863163586
       1.00000000000000
 130 132 -1
obdef
loc3d
        4.93623940611723              0.68485115788194            160.48159790039060     -1
kind
     26     
    79200          153139     
       12.25000000000000  
 OBS            132
       8.25893199401385
       1.58373138793492
       1.00000000000000
 131 133 -1
obdef
loc3d
        4.93207688179052              0.69191340558627            266.88421630859381     -1
kind
     26     
    79200          153139     
       12.25000000000000  
 OBS            133
       3.32212824716779
       0.86830573052120
       1.00000000000000
 132 134 -1
obdef
loc3d
        4.94337184525690              0.69048472086632            168.92642211914060     -1
kind
     26     
    79200          153139     
       12.25000000000000  
 OBS            134
      -0.50820897466188
      -0.80947975439869
       1.00000000000000
 133 135 -1
obdef
loc3d
        4.93083275656657              0.69156409584246            530.37139892578125     -1
kind
     26     
    79200          153139     
       12.25000000000000  
 OBS            135
      -6.47020221581044
       1.31426056884687
       1.00000000000000
 134 136 -1
obdef
loc3d
        4.93576715774405              0.67026358084744             15.00000000000000     -1
kind
     26     
    79200          153139     
       12.25000000000000  
 OBS            136
      -1.85385634774524
       0.81532074679902
       1.00000000000000
 135 137 -1
obdef
loc3d
        4.94676264345478              0.69035499858378            170.37097167968750     -1
kind
     26     
    79200          153139     
       12.25000000000000  
 OBS            137
       6.09658223226461
       1.23314153715342
       1.00000000000000
 136 138 -1
obdef
loc3d
        4.94046883892718              0.69230960363225            232.29916381835940     -1
kind
     26     
    79200          153139     
       12.25000000000000  
 OBS            138
       8.29711192300528
       0.98650764969309
       1.00000000000000
 137 139 -1
obdef
loc3d
        4.94668005348904              0.66792517272334             30.00000000000000     -1
kind
     26     
    79200          153139     
       12.25000000000000  
 OBS            139
       1.65551382139857
       1.32102042209541
       1.00000000000000
 138 140 -1
obdef
loc3d
        4.93142664351951              0.69067116425814            352.18109130859381     -1
kind
     26     
    79200          153139     
       12.25000000000000  
 OBS            140
       2.06589032559137
       1.81743542758085
       1.00000000000000
 139 141 -1
obdef
loc3d
        4.93315860158957              0.69236546390432            148.09797668457031     -1
kind
     26     
    79200          153139     
       12.25000000000000  
 OBS            141
       1.75048114162317
       0.46719615566209
       1.00000000000000
 140 142 -1
obdef
loc3d
        4.94330474517536              0.68101851702487             28.94674682617188     -1
kind
     26     
    79200          153139     
       12.25000000000000  
 OBS            142
       1.96236225902407
      -0.24163325985301
       1.00000000000000
 141 143 -1
obdef
loc3d
        4.93900329796962              0.68465687192145            135.10733032226560     -1
kind
     26     
    79200          153139     
       12.25000000000000  
 OBS            143
       2.61613972421231
       0.15695295860352
       1.00000000000000
 142 144 -1
obdef
loc3d
        4.94044166392076              0.68262352587105            131.77731323242190     -1
kind
     26     
    79200          153139     
       12.25000000000000  
 OBS            144
       0.01789863546695
       0.83704989380686
       1.00000000000000
 143 145 -1
obdef
loc3d
        4.92619210793233              0.68978851614430            140.91706848144531     -1
kind
     26     
    79200          153139     
       12.25000000000000  
 OBS            145
       3.89916467354964
       1.09685070519354
       1.00000000000000
 144 146 -1
obdef
loc3d
        4.94963312081941              0.66996996266355             29.99300956726074     -1
kind
     26     
    79200          153139     
       12.25000000000000  
 OBS            146
      -2.91368410290202
       0.67156511028879
       1.00000000000000
 145 147 -1
obdef
loc3d
        4.92700392971737              0.68887132383449            128.38885498046881     -1
kind
     26     
    79200          153139     
       12.25000000000000  
 OBS            147
      -0.90343843455343
       1.45591048174470
       1.00000000000000
 146 148 -1
obdef
loc3d
        4.94246333188258              0.67229541033138             45.31371688842773     -1
kind
     26     
    79200          153139     
       12.25000000000000  
 OBS            148
      -1.00900005625901
      -0.19454411109273
       1.00000000000000
 147 149 -1
obdef
loc3d
        4.94297820410103              0.68302629331082             53.72113800048828     -1
kind
     26     
    79200          153139     
       12.25000000000000  
 OBS            149
       0.86506841542682
       0.42655813551306
       1.00000000000000
 148 150 -1
obdef
loc3d
        4.94625467437127              0.67931016686449             42.11843872070312     -1
kind
     26     
    79200          153139     
       12.25000000000000  
 OBS            150
      -0.59328070575862
       0.69646484401213
       1.00000000000000
 149 151 -1
obdef
loc3d
        4.93718236751881              0.69150375136553            153.15858459472659     -1
kind
     26     
    79200          153139     
       12.25000000000000  
 OBS            151
     283.90734425791351
     283.66955028144002
       1.00000000000000
 150 152 -1
obdef
loc3d
        4.90540352515539              0.69194112440599            606.33142089843750     -1
kind
     27     
    79200          153139     
        6.25000000000000  
 OBS            152
     292.96064857391872
     293.75153519656300
       1.00000000000000
 151 153 -1
obdef
loc3d
        4.94546412681761              0.68348353984884             17.75631332397461     -1
kind
     27     
    79200          153139     
        6.25000000000000  
 OBS            153
     294.51075978297058
     293.82467975779599
       1.00000000000000
 152 154 -1
obdef
loc3d
        4.94660974174000              0.67744857875853             29.35406684875488     -1
kind
     27     
    79200          153139     
        6.25000000000000  
 OBS            154
     292.62452841806362
     293.19057280053499
       1.00000000000000
 153 155 -1
obdef
loc3d
        4.94648126630843              0.68652865419204             54.82812500000000     -1
kind
     27     
    79200          153139     
        6.25000000000000  
 OBS            155
     292.54811287611915
     293.55277734858998
       1.00000000000000
 154 156 -1
obdef
loc3d
        4.94445426011379              0.68507566758975             62.61011505126953     -1
kind
     27     
    79200          153139     
        6.25000000000000  
 OBS            156
     293.77254500100480
     292.49212596910701
       1.00000000000000
 155 157 -1
obdef
loc3d
        4.94602055174578              0.68752162087271            134.15721130371091     -1
kind
     27     
    79200          153139     
        6.25000000000000  
 OBS            157
     295.83042796886343
     294.91813275692402
       1.00000000000000
 156 158 -1
obdef
loc3d
        4.94603912728501              0.67254511985829             35.00297546386719     -1
kind
     27     
    79200          153139     
        6.25000000000000  
 OBS            158
     293.91302170378628
     294.04099003542098
       1.00000000000000
 157 159 -1
obdef
loc3d
        4.95877904994953              0.67986585977255             17.04111671447754     -1
kind
     27     
    79200          153139     
        6.25000000000000  
 OBS            159
     292.10793494383557
     291.29995499708201
       1.00000000000000
 158 160 -1
obdef
loc3d
        4.93958042817759              0.69095160998657            226.13127136230469     -1
kind
     27     
    79200          153139     
        6.25000000000000  
 OBS            160
     295.00545761891885
     293.22643245660402
       1.00000000000000
 159 161 -1
obdef
loc3d
        4.95756313665553              0.69181797222864             89.84997558593750     -1
kind
     27     
    79200          153139     
        6.25000000000000  
 OBS            161
     294.66465892308230
     295.08312782810202
       1.00000000000000
 160 162 -1
obdef
loc3d
        4.94078657111844              0.67409210989409             60.81152343750000     -1
kind
     27     
    79200          153139     
        6.25000000000000  
 OBS            162
     294.23478395402515
     294.89065356882298
       1.00000000000000
 161 163 -1
obdef
loc3d
        4.95557846691255              0.67267262139613              1.00000000000000     -1
kind
     27     
    79200          153139     
        6.25000000000000  
 OBS            163
     292.29813058841199
     291.44909287126097
       1.00000000000000
 162 164 -1
obdef
loc3d
        4.93193348448080              0.68856418981073            106.00000000000000     -1
kind
     27     
    79200          153139     
        6.25000000000000  
 OBS            164
     281.06325819379339
     281.46325581347401
       1.00000000000000
 163 165 -1
obdef
loc3d
        4.89970838141578              0.68765245249877            785.09423828125000     -1
kind
     27     
    79200          153139     
        6.25000000000000  
 OBS            165
     293.79750639720163
     293.01848094622801
       1.00000000000000
 164 166 -1
obdef
loc3d
        4.95026814558372              0.68993059237416             93.11567687988281     -1
kind
     27     
    79200          153139     
        6.25000000000000  
 OBS            166
     294.16043885748451
     292.96604639664400
       1.00000000000000
 165 167 -1
obdef
loc3d
        4.94174512165160              0.68484635226999            116.56585693359381     -1
kind
     27     
    79200          153139     
        6.25000000000000  
 OBS            167
     293.67838897586421
     293.21848404528498
       1.00000000000000
 166 168 -1
obdef
loc3d
        4.95420735021482              0.68473663912788             15.00000000000000     -1
kind
     27     
    79200          153139     
        6.25000000000000  
 OBS            168
     293.11438877036392
     293.05191615249100
       1.00000000000000
 167 169 -1
obdef
loc3d
        4.93477042118681              0.68310638816012            118.89588928222661     -1
kind
     27     
    79200          153139     
        6.25000000000000  
 OBS            169
     292.04428461816349
     292.95033193719098
       1.00000000000000
 168 170 -1
obdef
loc3d
        4.93795631029682              0.68276407673392            144.94107055664060     -1
kind
     27     
    79200          153139     
        6.25000000000000  
 OBS            170
     293.53619983326598
     293.98888850627702
       1.00000000000000
 169 171 -1
obdef
loc3d
        4.94001671685736              0.68064929967652             43.67281723022461     -1
kind
     27     
    79200          153139     
        6.25000000000000  
 OBS            171
     293.92215734279614
     293.83953506196599
       1.00000000000000
 170 172 -1
obdef
loc3d
        4.94058460161740              0.67807181314514             70.17810058593750     -1
kind
     27     
    79200          153139     
        6.25000000000000  
 OBS            172
     293.61969985651081
     293.86103359100599
       1.00000000000000
 171 173 -1
obdef
loc3d
        4.95423295419494              0.68033176843505              3.71636104583740     -1
kind
     27     
    79200          153139     
        6.25000000000000  
 OBS            173
     294.63911909697464
     294.78326566491199
       1.00000000000000
 172 174 -1
obdef
loc3d
        4.94926894458696              0.66642585587446             10.91526031494141     -1
kind
     27     
    79200          153139     
        6.25000000000000  
 OBS            174
     295.83643446936946
     295.92663161248100
       1.00000000000000
 173 175 -1
obdef
loc3d
        4.96223480186848              0.66700036066835              5.00000000000000     -1
kind
     27     
    79200          153139     
        6.25000000000000  
 OBS            175
     292.44445147620013
     294.53970897947602
       1.00000000000000
 174 176 -1
obdef
loc3d
        4.95546148971009              0.67729393735082              6.17724800109863     -1
kind
     27     
    79200          153139     
        6.25000000000000  
 OBS            176
     288.53351643084653
     290.06765654707903
       1.00000000000000
 175 177 -1
obdef
loc3d
        4.92652723985629              0.69051382381431            146.04148864746091     -1
kind
     27     
    79200          153139     
        6.25000000000000  
 OBS            177
     295.36623883423209
     295.26645421956300
       1.00000000000000
 176 178 -1
obdef
loc3d
        4.96366005344362              0.66920346185787              6.00000000000000     -1
kind
     27     
    79200          153139     
        6.25000000000000  
 OBS            178
     294.85625765606079
     295.62410218059898
       1.00000000000000
 177 179 -1
obdef
loc3d
        4.97052949833720              0.66907739847133              8.84140872955322     -1
kind
     27     
    79200          153139     
        6.25000000000000  
 OBS            179
     290.33977267913036
     291.59844408145602
       1.00000000000000
 178 180 -1
obdef
loc3d
        4.93727739535368              0.69277976810143            187.24655151367190     -1
kind
     27     
    79200          153139     
        6.25000000000000  
 OBS            180
     294.32295755851356
     293.85576842111902
       1.00000000000000
 179 181 -1
obdef
loc3d
        4.94575592838423              0.68143846111579             35.01654815673828     -1
kind
     27     
    79200          153139     
        6.25000000000000  
 OBS            181
     290.09164787670397
     291.38600577063602
       1.00000000000000
 180 182 -1
obdef
loc3d
        4.93184075890513              0.68784163962489             92.58054351806641     -1
kind
     27     
    79200          153139     
        6.25000000000000  
 OBS            182
     291.84021436332864
     291.92844886446699
       1.00000000000000
 181 183 -1
obdef
loc3d
        4.94081711590956              0.68854862967758            162.55853271484381     -1
kind
     27     
    79200          153139     
        6.25000000000000  
 OBS            183
     295.36757644000681
     294.95739704430201
       1.00000000000000
 182 184 -1
obdef
loc3d
        4.94249854456299              0.67650785339572             60.39866638183594     -1
kind
     27     
    79200          153139     
        6.25000000000000  
 OBS            184
     291.57709362930746
     291.76234290831599
       1.00000000000000
 183 185 -1
obdef
loc3d
        4.93162931041089              0.68282844530430             93.04485321044922     -1
kind
     27     
    79200          153139     
        6.25000000000000  
 OBS            185
     291.17284469818873
     292.25617690008198
       1.00000000000000
 184 186 -1
obdef
loc3d
        4.93293180012842              0.69147876068069            106.50605773925780     -1
kind
     27     
    79200          153139     
        6.25000000000000  
 OBS            186
     293.67277075659172
     294.01877197268402
       1.00000000000000
 185 187 -1
obdef
loc3d
        4.94231542915734              0.67925336633936             45.80761718750000     -1
kind
     27     
    79200          153139     
        6.25000000000000  
 OBS            187
     293.99887083801428
     294.92204497874002
       1.00000000000000
 186 188 -1
obdef
loc3d
        4.94267046375275              0.67009027494016             28.73577499389648     -1
kind
     27     
    79200          153139     
        6.25000000000000  
 OBS            188
     294.11527885249012
     292.43734895972898
       1.00000000000000
 187 189 -1
obdef
loc3d
        4.95301390972552              0.69283749825579             93.74549102783203     -1
kind
     27     
    79200          153139     
        6.25000000000000  
 OBS            189
     295.82557356569652
     294.88270132833497
       1.00000000000000
 188 190 -1
obdef
loc3d
        4.93993476658470              0.67588412939320             29.35707092285156     -1
kind
     27     
    79200          153139     
        6.25000000000000  
 OBS            190
     294.13041862425837
     295.06106557039402
       1.00000000000000
 189 191 -1
obdef
loc3d
        4.93755681423869              0.67212761520231             23.80049896240234     -1
kind
     27     
    79200          153139     
        6.25000000000000  
 OBS            191
     293.06248432172265
     291.67753132551002
       1.00000000000000
 190 192 -1
obdef
loc3d
        4.93524778363115              0.68687961042640            201.53530883789060     -1
kind
     27     
    79200          153139     
        6.25000000000000  
 OBS            192
     292.89786038680199
     291.67652501443501
       1.00000000000000
 191 193 -1
obdef
loc3d
        4.94487715611266              0.69284945127485            184.54177856445310     -1
kind
     27     
    79200          153139     
        6.25000000000000  
 OBS            193
     293.56720966698703
     293.45359384736298
       1.00000000000000
 192 194 -1
obdef
loc3d
        4.93574679201688              0.68074234291388             92.12267303466797     -1
kind
     27     
    79200          153139     
        6.25000000000000  
 OBS            194
     291.47675307801472
     291.74315105652101
       1.00000000000000
 193 195 -1
obdef
loc3d
        4.93948311897746              0.68677523412020            143.54531860351560     -1
kind
     27     
    79200          153139     
        6.25000000000000  
 OBS            195
     291.80421243139159
     291.30218430274198
       1.00000000000000
 194 196 -1
obdef
loc3d
        4.93535147134114              0.68874818734546            154.91955566406250     -1
kind
     27     
    79200          153139     
        6.25000000000000  
 OBS            196
     295.08343657377850
     295.32889449551300
       1.00000000000000
 195 197 -1
obdef
loc3d
        4.93998720508067              0.67099618858999             15.00000000000000     -1
kind
     27     
    79200          153139     
        6.25000000000000  
 OBS            197
     293.67295647506336
     293.45612850357600
       1.00000000000000
 196 198 -1
obdef
loc3d
        4.95377154670010              0.68841616298427              1.00000000000000     -1
kind
     27     
    79200          153139     
        6.25000000000000  
 OBS            198
     293.00911554318469
     294.55796002546703
       1.00000000000000
 197 199 -1
obdef
loc3d
        4.94369600674710              0.67424831199146             56.55799865722656     -1
kind
     27     
    79200          153139     
        6.25000000000000  
 OBS            199
     295.34269777289154
     294.69063703940901
       1.00000000000000
 198 200 -1
obdef
loc3d
        4.94554915949750              0.67592825057405             27.37830162048340     -1
kind
     27     
    79200          153139     
        6.25000000000000  
 OBS            200
     290.84607384609569
     290.86247504506503
       1.00000000000000
 199 201 -1
obdef
loc3d
        4.93817225910204              0.68863985936718            220.11502075195310     -1
kind
     27     
    79200          153139     
        6.25000000000000  
 OBS            201
     294.68784210447086
     294.76360914127201
       1.00000000000000
 200 202 -1
obdef
loc3d
        4.94679227765370              0.67424304503817             25.38815879821777     -1
kind
     27     
    79200          153139     
        6.25000000000000  
 OBS            202
     295.42899051003479
     295.14380740588501
       1.00000000000000
 201 203 -1
obdef
loc3d
        4.93825175772606              0.67415674930066             45.00000000000000     -1
kind
     27     
    79200          153139     
        6.25000000000000  
 OBS            203
     291.19729577991694
     291.74666949413700
       1.00000000000000
 202 204 -1
obdef
loc3d
        4.94311892630401              0.68721450203000            155.69055175781250     -1
kind
     27     
    79200          153139     
        6.25000000000000  
 OBS            204
     293.29373820981186
     294.16568464188498
       1.00000000000000
 203 205 -1
obdef
loc3d
        4.94449382724881              0.67792071808206             14.15527343750000     -1
kind
     27     
    79200          153139     
        6.25000000000000  
 OBS            205
     295.81253334429107
     294.66609117426998
       1.00000000000000
 204 206 -1
obdef
loc3d
        4.94565692959859              0.66987151098961             30.00000000000000     -1
kind
     27     
    79200          153139     
        6.25000000000000  
 OBS            206
     292.36231009823399
     292.35019997418601
       1.00000000000000
 205 207 -1
obdef
loc3d
        4.93623940611723              0.68485115788194            160.48159790039060     -1
kind
     27     
    79200          153139     
        6.25000000000000  
 OBS            207
     289.87609402569160
     291.43259227983702
       1.00000000000000
 206 208 -1
obdef
loc3d
        4.93207688179052              0.69191340558627            266.88421630859381     -1
kind
     27     
    79200          153139     
        6.25000000000000  
 OBS            208
     292.70844448200910
     291.58905931918400
       1.00000000000000
 207 209 -1
obdef
loc3d
        4.94337184525690              0.69048472086632            168.92642211914060     -1
kind
     27     
    79200          153139     
        6.25000000000000  
 OBS            209
     287.53484239940445
     288.45561344628197
       1.00000000000000
 208 210 -1
obdef
loc3d
        4.93083275656657              0.69156409584246            530.37139892578125     -1
kind
     27     
    79200          153139     
        6.25000000000000  
 OBS            210
     296.37445869235927
     295.38166922610202
       1.00000000000000
 209 211 -1
obdef
loc3d
        4.93576715774405              0.67026358084744             15.00000000000000     -1
kind
     27     
    79200          153139     
        6.25000000000000  
 OBS            211
     291.83248566645017
     292.12221047203298
       1.00000000000000
 210 212 -1
obdef
loc3d
        4.94676264345478              0.69035499858378            170.37097167968750     -1
kind
     27     
    79200          153139     
        6.25000000000000  
 OBS            212
     291.51806383848162
     291.16304580530101
       1.00000000000000
 211 213 -1
obdef
loc3d
        4.94046883892718              0.69230960363225            232.29916381835940     -1
kind
     27     
    79200          153139     
        6.25000000000000  
 OBS            213
     294.05207634613726
     294.43256608551400
       1.00000000000000
 212 214 -1
obdef
loc3d
        4.94668005348904              0.66792517272334             30.00000000000000     -1
kind
     27     
    79200          153139     
        6.25000000000000  
 OBS            214
     290.61227166689645
     289.83342279166300
       1.00000000000000
 213 215 -1
obdef
loc3d
        4.93142664351951              0.69067116425814            352.18109130859381     -1
kind
     27     
    79200          153139     
        6.25000000000000  
 OBS            215
     291.42948419898755
     291.99461585519703
       1.00000000000000
 214 216 -1
obdef
loc3d
        4.93315860158957              0.69236546390432            148.09797668457031     -1
kind
     27     
    79200          153139     
        6.25000000000000  
 OBS            216
     295.72436011405983
     294.55485099373698
       1.00000000000000
 215 217 -1
obdef
loc3d
        4.94330474517536              0.68101851702487             28.94674682617188     -1
kind
     27     
    79200          153139     
        6.25000000000000  
 OBS            217
     291.73028552876184
     292.45729516856801
       1.00000000000000
 216 218 -1
obdef
loc3d
        4.93900329796962              0.68465687192145            135.10733032226560     -1
kind
     27     
    79200          153139     
        6.25000000000000  
 OBS            218
     294.00326015646112
     293.13857482516198
       1.00000000000000
 217 219 -1
obdef
loc3d
        4.94044166392076              0.68262352587105            131.77731323242190     -1
kind
     27     
    79200          153139     
        6.25000000000000  
 OBS            219
     291.26582288751575
     291.29892283786597
       1.00000000000000
 218 220 -1
obdef
loc3d
        4.92619210793233              0.68978851614430            140.91706848144531     -1
kind
     27     
    79200          153139     
        6.25000000000000  
 OBS            220
     295.70263488795433
     294.75647296491098
       1.00000000000000
 219 221 -1
obdef
loc3d
        4.94963312081941              0.66996996266355             29.99300956726074     -1
kind
     27     
    79200          153139     
        6.25000000000000  
 OBS            221
     291.75338164076300
     290.92381900827201
       1.00000000000000
 220 222 -1
obdef
loc3d
        4.92700392971737              0.68887132383449            128.38885498046881     -1
kind
     27     
    79200          153139     
        6.25000000000000  
 OBS            222
     296.46988058945385
     295.70247677949197
       1.00000000000000
 221 223 -1
obdef
loc3d
        4.94246333188258              0.67229541033138             45.31371688842773     -1
kind
     27     
    79200          153139     
        6.25000000000000  
 OBS            223
     294.22587689467264
     294.01576697296400
       1.00000000000000
 222 224 -1
obdef
loc3d
        4.94297820410103              0.68302629331082             53.72113800048828     -1
kind
     27     
    79200          153139     
        6.25000000000000  
 OBS            224
     294.76757269439975
     294.35117274620001
       1.00000000000000
 223 225 -1
obdef
loc3d
        4.94625467437127              0.67931016686449             42.11843872070312     -1
kind
     27     
    79200          153139     
        6.25000000000000  
 OBS            225
     291.54046526085864
     292.19647258504898
       1.00000000000000
 224 -1 -1
obdef
loc3d
        4.93718236751881              0.69150375136553            153.15858459472659     -1
kind
     27     
    79200          153139     
        6.25000000000000  
