 obs_sequence
obs_kind_definitions
       3
    25          LAND_SFC_U_WIND_COMPONENT   
    26          LAND_SFC_V_WIND_COMPONENT   
    27          LAND_SFC_TEMPERATURE   
  num_copies:            2  num_qc:            1
 num_obs:       225  max_num_obs:       225
observations
truth
QC radar
  first:            1  last:       225
 OBS            1
      10.69999623680638
       9.39782812187189
       1.00000000000000
 -1 2 -1
obdef
loc3d
        4.90540352515539              0.69194112440599            606.33142089843750     -1
kind
     25     
    54900          153139     
       12.25000000000000  
 OBS            2
      -4.49824300648534
      -0.92182707291026
       1.00000000000000
 1 3 -1
obdef
loc3d
        4.94546412681761              0.68348353984884             17.75631332397461     -1
kind
     25     
    54900          153139     
       12.25000000000000  
 OBS            3
      -0.28709131832163
       0.67644306837682
       1.00000000000000
 2 4 -1
obdef
loc3d
        4.94660974174000              0.67744857875853             29.35406684875488     -1
kind
     25     
    54900          153139     
       12.25000000000000  
 OBS            4
       1.11107337955800
      -2.74649526562087
       1.00000000000000
 3 5 -1
obdef
loc3d
        4.94648126630843              0.68652865419204             54.82812500000000     -1
kind
     25     
    54900          153139     
       12.25000000000000  
 OBS            5
      -0.53648707933654
      -0.65296574134005
       1.00000000000000
 4 6 -1
obdef
loc3d
        4.94445426011379              0.68507566758975             62.61011505126953     -1
kind
     25     
    54900          153139     
       12.25000000000000  
 OBS            6
       4.19769221741261
      -1.92307056966854
       1.00000000000000
 5 7 -1
obdef
loc3d
        4.94602055174578              0.68752162087271            134.15721130371091     -1
kind
     25     
    54900          153139     
       12.25000000000000  
 OBS            7
      -3.34389187551742
       0.11885937358845
       1.00000000000000
 6 8 -1
obdef
loc3d
        4.94603912728501              0.67254511985829             35.00297546386719     -1
kind
     25     
    54900          153139     
       12.25000000000000  
 OBS            8
       8.12403637294618
       0.71479626376147
       1.00000000000000
 7 9 -1
obdef
loc3d
        4.95877904994953              0.67986585977255             17.04111671447754     -1
kind
     25     
    54900          153139     
       12.25000000000000  
 OBS            9
      -0.20834215555950
      -3.03969471265558
       1.00000000000000
 8 10 -1
obdef
loc3d
        4.93958042817759              0.69095160998657            226.13127136230469     -1
kind
     25     
    54900          153139     
       12.25000000000000  
 OBS            10
      -2.65697166973487
      -1.15559651870915
       1.00000000000000
 9 11 -1
obdef
loc3d
        4.95756313665553              0.69181797222864             89.84997558593750     -1
kind
     25     
    54900          153139     
       12.25000000000000  
 OBS            11
       6.45930216483327
      -0.05025278765599
       1.00000000000000
 10 12 -1
obdef
loc3d
        4.94078657111844              0.67409210989409             60.81152343750000     -1
kind
     25     
    54900          153139     
       12.25000000000000  
 OBS            12
      -2.07908405540112
      -0.21359916617449
       1.00000000000000
 11 13 -1
obdef
loc3d
        4.95557846691255              0.67267262139613              1.00000000000000     -1
kind
     25     
    54900          153139     
       12.25000000000000  
 OBS            13
      -2.11007729496722
       0.39748241983286
       1.00000000000000
 12 14 -1
obdef
loc3d
        4.93193348448080              0.68856418981073            106.00000000000000     -1
kind
     25     
    54900          153139     
       12.25000000000000  
 OBS            14
      14.09588584119282
      10.87822007475020
       1.00000000000000
 13 15 -1
obdef
loc3d
        4.89970838141578              0.68765245249877            785.09423828125000     -1
kind
     25     
    54900          153139     
       12.25000000000000  
 OBS            15
      -2.90368735335347
      -1.27305767787157
       1.00000000000000
 14 16 -1
obdef
loc3d
        4.95026814558372              0.68993059237416             93.11567687988281     -1
kind
     25     
    54900          153139     
       12.25000000000000  
 OBS            16
      -0.34008714388822
      -2.07593746230237
       1.00000000000000
 15 17 -1
obdef
loc3d
        4.94174512165160              0.68484635226999            116.56585693359381     -1
kind
     25     
    54900          153139     
       12.25000000000000  
 OBS            17
      -0.26705284333002
      -1.60092851806589
       1.00000000000000
 16 18 -1
obdef
loc3d
        4.95420735021482              0.68473663912788             15.00000000000000     -1
kind
     25     
    54900          153139     
       12.25000000000000  
 OBS            18
       1.05003395230723
      -0.29978754714639
       1.00000000000000
 17 19 -1
obdef
loc3d
        4.93477042118681              0.68310638816012            118.89588928222661     -1
kind
     25     
    54900          153139     
       12.25000000000000  
 OBS            19
      -1.51188045168070
      -1.66019952392973
       1.00000000000000
 18 20 -1
obdef
loc3d
        4.93795631029682              0.68276407673392            144.94107055664060     -1
kind
     25     
    54900          153139     
       12.25000000000000  
 OBS            20
       2.39339878991993
      -0.76946410937112
       1.00000000000000
 19 21 -1
obdef
loc3d
        4.94001671685736              0.68064929967652             43.67281723022461     -1
kind
     25     
    54900          153139     
       12.25000000000000  
 OBS            21
       0.17212286951127
      -0.88664681695827
       1.00000000000000
 20 22 -1
obdef
loc3d
        4.94058460161740              0.67807181314514             70.17810058593750     -1
kind
     25     
    54900          153139     
       12.25000000000000  
 OBS            22
      -3.51383718163388
      -0.42516056574330
       1.00000000000000
 21 23 -1
obdef
loc3d
        4.95423295419494              0.68033176843505              3.71636104583740     -1
kind
     25     
    54900          153139     
       12.25000000000000  
 OBS            23
      -1.23431913739110
       0.33977163747874
       1.00000000000000
 22 24 -1
obdef
loc3d
        4.94926894458696              0.66642585587446             10.91526031494141     -1
kind
     25     
    54900          153139     
       12.25000000000000  
 OBS            24
      -1.03033481765102
      -0.44749571386098
       1.00000000000000
 23 25 -1
obdef
loc3d
        4.96223480186848              0.66700036066835              5.00000000000000     -1
kind
     25     
    54900          153139     
       12.25000000000000  
 OBS            25
      -0.08957381554650
       0.88292502038676
       1.00000000000000
 24 26 -1
obdef
loc3d
        4.95546148971009              0.67729393735082              6.17724800109863     -1
kind
     25     
    54900          153139     
       12.25000000000000  
 OBS            26
       5.09419157556333
       1.90969273805022
       1.00000000000000
 25 27 -1
obdef
loc3d
        4.92652723985629              0.69051382381431            146.04148864746091     -1
kind
     25     
    54900          153139     
       12.25000000000000  
 OBS            27
      -1.95413671582761
      -0.00436549179781
       1.00000000000000
 26 28 -1
obdef
loc3d
        4.96366005344362              0.66920346185787              6.00000000000000     -1
kind
     25     
    54900          153139     
       12.25000000000000  
 OBS            28
      -3.13270443987246
      -0.21381569646588
       1.00000000000000
 27 29 -1
obdef
loc3d
        4.97052949833720              0.66907739847133              8.84140872955322     -1
kind
     25     
    54900          153139     
       12.25000000000000  
 OBS            29
       3.19911387978400
      -2.15714461925993
       1.00000000000000
 28 30 -1
obdef
loc3d
        4.93505853489354              0.69035668900909            163.38452148437500     -1
kind
     25     
    54900          153139     
       12.25000000000000  
 OBS            30
      -1.88162243677017
       0.55189480191375
       1.00000000000000
 29 31 -1
obdef
loc3d
        4.93979773523841              0.67259214116167             45.00000000000000     -1
kind
     25     
    54900          153139     
       12.25000000000000  
 OBS            31
      -0.36662509932692
      -1.10604220952084
       1.00000000000000
 30 32 -1
obdef
loc3d
        4.92901815402419              0.68818595396932            126.56063842773440     -1
kind
     25     
    54900          153139     
       12.25000000000000  
 OBS            32
      -0.77498882440641
      -1.47361383853773
       1.00000000000000
 31 33 -1
obdef
loc3d
        4.92864050752959              0.68988490592333            360.09008789062500     -1
kind
     25     
    54900          153139     
       12.25000000000000  
 OBS            33
       2.40238203635445
      -1.38476247566165
       1.00000000000000
 32 34 -1
obdef
loc3d
        4.94071794293451              0.68880476183725            173.77728271484381     -1
kind
     25     
    54900          153139     
       12.25000000000000  
 OBS            34
      -3.58579320034092
       0.16436507438357
       1.00000000000000
 33 35 -1
obdef
loc3d
        4.94475069255349              0.67936922784321             17.10044860839844     -1
kind
     25     
    54900          153139     
       12.25000000000000  
 OBS            35
       4.63960484613410
       0.06445073198856
       1.00000000000000
 34 36 -1
obdef
loc3d
        4.93040524362615              0.68956958577383            472.38653564453119     -1
kind
     25     
    54900          153139     
       12.25000000000000  
 OBS            36
      -3.48496163120867
      -1.47042388517821
       1.00000000000000
 35 37 -1
obdef
loc3d
        4.93438788521233              0.68743777381223            157.39462280273440     -1
kind
     25     
    54900          153139     
       12.25000000000000  
 OBS            37
       3.16540833262493
       0.76430276312563
       1.00000000000000
 36 38 -1
obdef
loc3d
        4.93003537520636              0.69083454089469            382.75677490234381     -1
kind
     25     
    54900          153139     
       12.25000000000000  
 OBS            38
      -1.34506574510523
      -1.84662639617758
       1.00000000000000
 37 39 -1
obdef
loc3d
        4.94262489165251              0.68702513034102            130.29710388183591     -1
kind
     25     
    54900          153139     
       12.25000000000000  
 OBS            39
       0.41020846148580
       0.91121995585390
       1.00000000000000
 38 40 -1
obdef
loc3d
        4.93100113789334              0.68653549583784             94.66114807128906     -1
kind
     25     
    54900          153139     
       12.25000000000000  
 OBS            40
       2.71053316705707
       0.65963343587383
       1.00000000000000
 39 41 -1
obdef
loc3d
        4.94000002935902              0.67612888350011             59.69976806640625     -1
kind
     25     
    54900          153139     
       12.25000000000000  
 OBS            41
      -2.50426516079760
      -2.70394104197858
       1.00000000000000
 40 42 -1
obdef
loc3d
        4.94231604692662              0.69077376274482            190.83442687988281     -1
kind
     25     
    54900          153139     
       12.25000000000000  
 OBS            42
      -1.03772076095227
      -1.26420673900800
       1.00000000000000
 41 43 -1
obdef
loc3d
        4.93554247635603              0.69268257167582            131.09960937500000     -1
kind
     25     
    54900          153139     
       12.25000000000000  
 OBS            43
      -4.48197257931393
      -1.14550633711939
       1.00000000000000
 42 44 -1
obdef
loc3d
        4.94069913477896              0.68279864123905            131.77731323242190     -1
kind
     25     
    54900          153139     
       12.25000000000000  
 OBS            44
       5.93798384359364
       1.06892466048719
       1.00000000000000
 43 45 -1
obdef
loc3d
        4.94367854378329              0.67420565331297             56.55799865722656     -1
kind
     25     
    54900          153139     
       12.25000000000000  
 OBS            45
       3.82383139991752
       3.27182974604890
       1.00000000000000
 44 46 -1
obdef
loc3d
        4.93814984943932              0.67457436016830             39.55386734008789     -1
kind
     25     
    54900          153139     
       12.25000000000000  
 OBS            46
       0.47106026869003
      -1.31572841114696
       1.00000000000000
 45 47 -1
obdef
loc3d
        4.94253566982520              0.68065092526894             48.56933593750000     -1
kind
     25     
    54900          153139     
       12.25000000000000  
 OBS            47
      -3.09399263338525
      -1.01539329899741
       1.00000000000000
 46 48 -1
obdef
loc3d
        4.93593154408741              0.68080949477360             85.35743713378906     -1
kind
     25     
    54900          153139     
       12.25000000000000  
 OBS            48
      -2.29914850412062
      -2.26752330255732
       1.00000000000000
 47 49 -1
obdef
loc3d
        4.94758068519446              0.69282395273635            179.51908874511719     -1
kind
     25     
    54900          153139     
       12.25000000000000  
 OBS            49
      -0.59420653113770
       1.72083473560611
       1.00000000000000
 48 50 -1
obdef
loc3d
        4.93541634697774              0.67261831698898             21.54207611083984     -1
kind
     25     
    54900          153139     
       12.25000000000000  
 OBS            50
       5.63776777505102
       1.06023177226265
       1.00000000000000
 49 51 -1
obdef
loc3d
        4.93342752395137              0.68533697059699            120.48287200927730     -1
kind
     25     
    54900          153139     
       12.25000000000000  
 OBS            51
      -3.11359364272831
       1.24322785877381
       1.00000000000000
 50 52 -1
obdef
loc3d
        4.92811551620144              0.69141391763145            189.00242614746091     -1
kind
     25     
    54900          153139     
       12.25000000000000  
 OBS            52
      -2.23361812359463
      -2.20968682547137
       1.00000000000000
 51 53 -1
obdef
loc3d
        4.94328780634786              0.67761918906629             21.61136627197266     -1
kind
     25     
    54900          153139     
       12.25000000000000  
 OBS            53
      -6.44179498436276
      -5.12941239424267
       1.00000000000000
 52 54 -1
obdef
loc3d
        4.93617130041664              0.68578341426755            199.41349792480469     -1
kind
     25     
    54900          153139     
       12.25000000000000  
 OBS            54
       0.87575137717491
      -0.24160767544185
       1.00000000000000
 53 55 -1
obdef
loc3d
        4.94488890698391              0.68151038983677             42.34177017211914     -1
kind
     25     
    54900          153139     
       12.25000000000000  
 OBS            55
       7.78048586122901
       1.50024730196083
       1.00000000000000
 54 56 -1
obdef
loc3d
        4.94610769319308              0.67540343249948             44.88281250000000     -1
kind
     25     
    54900          153139     
       12.25000000000000  
 OBS            56
      -0.57236796817062
      -0.75648933751739
       1.00000000000000
 55 57 -1
obdef
loc3d
        4.93098289428918              0.69278368564599            411.59194946289062     -1
kind
     25     
    54900          153139     
       12.25000000000000  
 OBS            57
       1.54080512710891
       1.85981283394915
       1.00000000000000
 56 58 -1
obdef
loc3d
        4.93746284305807              0.67295620864423             44.45593643188477     -1
kind
     25     
    54900          153139     
       12.25000000000000  
 OBS            58
      -8.66243815982074
      -3.25001892581150
       1.00000000000000
 57 59 -1
obdef
loc3d
        4.93742549337872              0.68866580079864            241.84100341796881     -1
kind
     25     
    54900          153139     
       12.25000000000000  
 OBS            59
       1.83867041738339
       1.57822111006752
       1.00000000000000
 58 60 -1
obdef
loc3d
        4.94310367286119              0.67063823067780             37.30942153930664     -1
kind
     25     
    54900          153139     
       12.25000000000000  
 OBS            60
       2.98031847715095
      -2.84028441457621
       1.00000000000000
 59 61 -1
obdef
loc3d
        4.94312354358950              0.69286317278749            201.84664916992190     -1
kind
     25     
    54900          153139     
       12.25000000000000  
 OBS            61
       0.76060351459581
       0.46384025860533
       1.00000000000000
 60 62 -1
obdef
loc3d
        4.93202293942753              0.69056809921756            124.38476562500000     -1
kind
     25     
    54900          153139     
       12.25000000000000  
 OBS            62
      -3.50649856419286
      -2.09238490059884
       1.00000000000000
 61 63 -1
obdef
loc3d
        4.93852899085493              0.69282303339671            210.85327148437500     -1
kind
     25     
    54900          153139     
       12.25000000000000  
 OBS            63
      -6.07756913094130
      -3.71506997981662
       1.00000000000000
 62 64 -1
obdef
loc3d
        4.93925110381924              0.68654477021234            169.40324401855469     -1
kind
     25     
    54900          153139     
       12.25000000000000  
 OBS            64
      -3.48621390999917
      -2.18126840194060
       1.00000000000000
 63 65 -1
obdef
loc3d
        4.94561300163474              0.69021407942450            101.67103576660161     -1
kind
     25     
    54900          153139     
       12.25000000000000  
 OBS            65
       0.34179185067887
       0.72740874468622
       1.00000000000000
 64 66 -1
obdef
loc3d
        4.94677761419795              0.66921213830349             30.00000000000000     -1
kind
     25     
    54900          153139     
       12.25000000000000  
 OBS            66
       0.53455454053571
       1.30976132997706
       1.00000000000000
 65 67 -1
obdef
loc3d
        4.91464000802058              0.69220313236118            256.98049926757812     -1
kind
     25     
    54900          153139     
       12.25000000000000  
 OBS            67
       2.84486712885277
       1.17210397823881
       1.00000000000000
 66 68 -1
obdef
loc3d
        4.91222840493483              0.69213090540308            311.66015625000000     -1
kind
     25     
    54900          153139     
       12.25000000000000  
 OBS            68
       9.35713244916715
      10.25571637583350
       1.00000000000000
 67 69 -1
obdef
loc3d
        4.90319820253832              0.69077085029214            558.21520996093750     -1
kind
     25     
    54900          153139     
       12.25000000000000  
 OBS            69
       3.66795651349121
       6.80574481063233
       1.00000000000000
 68 70 -1
obdef
loc3d
        4.90548367400941              0.68961427180382            340.45385742187500     -1
kind
     25     
    54900          153139     
       12.25000000000000  
 OBS            70
      11.06876156307515
      11.39238244245060
       1.00000000000000
 69 71 -1
obdef
loc3d
        4.90182808691748              0.69286665451088            711.58941650390625     -1
kind
     25     
    54900          153139     
       12.25000000000000  
 OBS            71
      -1.29556942941094
       0.07688776729106
       1.00000000000000
 70 72 -1
obdef
loc3d
        4.92199514385413              0.69211089395115            185.84292602539060     -1
kind
     25     
    54900          153139     
       12.25000000000000  
 OBS            72
      12.30578679446694
       1.98744328168232
       1.00000000000000
 71 73 -1
obdef
loc3d
        4.91709198426003              0.69266703903771            205.88345336914060     -1
kind
     25     
    54900          153139     
       12.25000000000000  
 OBS            73
       3.77839457548102
       1.42942820024201
       1.00000000000000
 72 74 -1
obdef
loc3d
        4.91305125126208              0.69031483822850            320.48217773437500     -1
kind
     25     
    54900          153139     
       12.25000000000000  
 OBS            74
      -1.61816077464632
      -0.23618649213892
       1.00000000000000
 73 75 -1
obdef
loc3d
        4.90918301095293              0.69233086407935            229.95614624023440     -1
kind
     25     
    54900          153139     
       12.25000000000000  
 OBS            75
      12.28115845885255
      10.73921368351100
       1.00000000000000
 74 76 -1
obdef
loc3d
        4.90002894620424              0.69031812013417            840.25653076171875     -1
kind
     25     
    54900          153139     
       12.25000000000000  
 OBS            76
       4.31127170794234
       6.46068673564004
       1.00000000000000
 75 77 -1
obdef
loc3d
        4.90540352515539              0.69194112440599            606.33142089843750     -1
kind
     26     
    54900          153139     
       12.25000000000000  
 OBS            77
       6.96259502549140
       9.27244129746589
       1.00000000000000
 76 78 -1
obdef
loc3d
        4.94546412681761              0.68348353984884             17.75631332397461     -1
kind
     26     
    54900          153139     
       12.25000000000000  
 OBS            78
      14.67916022847321
      12.43541292010680
       1.00000000000000
 77 79 -1
obdef
loc3d
        4.94660974174000              0.67744857875853             29.35406684875488     -1
kind
     26     
    54900          153139     
       12.25000000000000  
 OBS            79
       9.94820217642422
       9.64870794572539
       1.00000000000000
 78 80 -1
obdef
loc3d
        4.94648126630843              0.68652865419204             54.82812500000000     -1
kind
     26     
    54900          153139     
       12.25000000000000  
 OBS            80
       7.71122214934516
       8.41033330052662
       1.00000000000000
 79 81 -1
obdef
loc3d
        4.94445426011379              0.68507566758975             62.61011505126953     -1
kind
     26     
    54900          153139     
       12.25000000000000  
 OBS            81
       9.16650611345709
       8.01475876632876
       1.00000000000000
 80 82 -1
obdef
loc3d
        4.94602055174578              0.68752162087271            134.15721130371091     -1
kind
     26     
    54900          153139     
       12.25000000000000  
 OBS            82
      11.36900119561123
      14.46736718983590
       1.00000000000000
 81 83 -1
obdef
loc3d
        4.94603912728501              0.67254511985829             35.00297546386719     -1
kind
     26     
    54900          153139     
       12.25000000000000  
 OBS            83
      15.78795306651756
      16.06511084486840
       1.00000000000000
 82 84 -1
obdef
loc3d
        4.95877904994953              0.67986585977255             17.04111671447754     -1
kind
     26     
    54900          153139     
       12.25000000000000  
 OBS            84
       9.03466363214488
      11.33028003660470
       1.00000000000000
 83 85 -1
obdef
loc3d
        4.93958042817759              0.69095160998657            226.13127136230469     -1
kind
     26     
    54900          153139     
       12.25000000000000  
 OBS            85
       7.27495782918697
      12.25003658422890
       1.00000000000000
 84 86 -1
obdef
loc3d
        4.95756313665553              0.69181797222864             89.84997558593750     -1
kind
     26     
    54900          153139     
       12.25000000000000  
 OBS            86
      17.04502889643155
      13.39118689447350
       1.00000000000000
 85 87 -1
obdef
loc3d
        4.94078657111844              0.67409210989409             60.81152343750000     -1
kind
     26     
    54900          153139     
       12.25000000000000  
 OBS            87
      12.88759696490103
      14.59757423037300
       1.00000000000000
 86 88 -1
obdef
loc3d
        4.95557846691255              0.67267262139613              1.00000000000000     -1
kind
     26     
    54900          153139     
       12.25000000000000  
 OBS            88
       5.62415181480008
       8.84830168698592
       1.00000000000000
 87 89 -1
obdef
loc3d
        4.93193348448080              0.68856418981073            106.00000000000000     -1
kind
     26     
    54900          153139     
       12.25000000000000  
 OBS            89
       2.42234672718147
       4.34903087125787
       1.00000000000000
 88 90 -1
obdef
loc3d
        4.89970838141578              0.68765245249877            785.09423828125000     -1
kind
     26     
    54900          153139     
       12.25000000000000  
 OBS            90
      16.26616008555451
      13.77225532813180
       1.00000000000000
 89 91 -1
obdef
loc3d
        4.95026814558372              0.68993059237416             93.11567687988281     -1
kind
     26     
    54900          153139     
       12.25000000000000  
 OBS            91
       9.22235590131844
       9.88619479464278
       1.00000000000000
 90 92 -1
obdef
loc3d
        4.94174512165160              0.68484635226999            116.56585693359381     -1
kind
     26     
    54900          153139     
       12.25000000000000  
 OBS            92
      15.88228095608986
      14.90067789234800
       1.00000000000000
 91 93 -1
obdef
loc3d
        4.95420735021482              0.68473663912788             15.00000000000000     -1
kind
     26     
    54900          153139     
       12.25000000000000  
 OBS            93
      10.68433941664472
      11.07531509650200
       1.00000000000000
 92 94 -1
obdef
loc3d
        4.93477042118681              0.68310638816012            118.89588928222661     -1
kind
     26     
    54900          153139     
       12.25000000000000  
 OBS            94
      14.18864147836379
      12.76232586982580
       1.00000000000000
 93 95 -1
obdef
loc3d
        4.93795631029682              0.68276407673392            144.94107055664060     -1
kind
     26     
    54900          153139     
       12.25000000000000  
 OBS            95
      13.06745992539650
      10.01645622132820
       1.00000000000000
 94 96 -1
obdef
loc3d
        4.94001671685736              0.68064929967652             43.67281723022461     -1
kind
     26     
    54900          153139     
       12.25000000000000  
 OBS            96
      18.45441653060840
      15.58645137751120
       1.00000000000000
 95 97 -1
obdef
loc3d
        4.94058460161740              0.67807181314514             70.17810058593750     -1
kind
     26     
    54900          153139     
       12.25000000000000  
 OBS            97
      16.67046613076700
      15.51373183945840
       1.00000000000000
 96 98 -1
obdef
loc3d
        4.95423295419494              0.68033176843505              3.71636104583740     -1
kind
     26     
    54900          153139     
       12.25000000000000  
 OBS            98
      10.70914098490655
      10.63961009315390
       1.00000000000000
 97 99 -1
obdef
loc3d
        4.94926894458696              0.66642585587446             10.91526031494141     -1
kind
     26     
    54900          153139     
       12.25000000000000  
 OBS            99
      11.61981329652955
      11.61039631442910
       1.00000000000000
 98 100 -1
obdef
loc3d
        4.96223480186848              0.66700036066835              5.00000000000000     -1
kind
     26     
    54900          153139     
       12.25000000000000  
 OBS            100
      19.97997875281165
      14.91925090021770
       1.00000000000000
 99 101 -1
obdef
loc3d
        4.95546148971009              0.67729393735082              6.17724800109863     -1
kind
     26     
    54900          153139     
       12.25000000000000  
 OBS            101
       5.64182546390017
       7.92006544909937
       1.00000000000000
 100 102 -1
obdef
loc3d
        4.92652723985629              0.69051382381431            146.04148864746091     -1
kind
     26     
    54900          153139     
       12.25000000000000  
 OBS            102
      14.22716902621187
      15.18162838774970
       1.00000000000000
 101 103 -1
obdef
loc3d
        4.96366005344362              0.66920346185787              6.00000000000000     -1
kind
     26     
    54900          153139     
       12.25000000000000  
 OBS            103
      11.23449993570996
      13.07286077313320
       1.00000000000000
 102 104 -1
obdef
loc3d
        4.97052949833720              0.66907739847133              8.84140872955322     -1
kind
     26     
    54900          153139     
       12.25000000000000  
 OBS            104
      15.81490739441405
      13.44792488447560
       1.00000000000000
 103 105 -1
obdef
loc3d
        4.93505853489354              0.69035668900909            163.38452148437500     -1
kind
     26     
    54900          153139     
       12.25000000000000  
 OBS            105
      17.69346368769801
      13.75667963518720
       1.00000000000000
 104 106 -1
obdef
loc3d
        4.93979773523841              0.67259214116167             45.00000000000000     -1
kind
     26     
    54900          153139     
       12.25000000000000  
 OBS            106
       7.09568109627468
       9.86382186893859
       1.00000000000000
 105 107 -1
obdef
loc3d
        4.92901815402419              0.68818595396932            126.56063842773440     -1
kind
     26     
    54900          153139     
       12.25000000000000  
 OBS            107
      12.98165682921582
       8.38382212040936
       1.00000000000000
 106 108 -1
obdef
loc3d
        4.92864050752959              0.68988490592333            360.09008789062500     -1
kind
     26     
    54900          153139     
       12.25000000000000  
 OBS            108
      17.08210444536681
      10.91019359021520
       1.00000000000000
 107 109 -1
obdef
loc3d
        4.94071794293451              0.68880476183725            173.77728271484381     -1
kind
     26     
    54900          153139     
       12.25000000000000  
 OBS            109
       9.89191175022321
      11.98416266098880
       1.00000000000000
 108 110 -1
obdef
loc3d
        4.94475069255349              0.67936922784321             17.10044860839844     -1
kind
     26     
    54900          153139     
       12.25000000000000  
 OBS            110
       7.78369419135030
       8.78023799348683
       1.00000000000000
 109 111 -1
obdef
loc3d
        4.93040524362615              0.68956958577383            472.38653564453119     -1
kind
     26     
    54900          153139     
       12.25000000000000  
 OBS            111
      11.94382589061838
      10.48848505430700
       1.00000000000000
 110 112 -1
obdef
loc3d
        4.93438788521233              0.68743777381223            157.39462280273440     -1
kind
     26     
    54900          153139     
       12.25000000000000  
 OBS            112
       3.33155069689888
       9.48921339778971
       1.00000000000000
 111 113 -1
obdef
loc3d
        4.93003537520636              0.69083454089469            382.75677490234381     -1
kind
     26     
    54900          153139     
       12.25000000000000  
 OBS            113
      13.66281789127081
      11.78169952159470
       1.00000000000000
 112 114 -1
obdef
loc3d
        4.94262489165251              0.68702513034102            130.29710388183591     -1
kind
     26     
    54900          153139     
       12.25000000000000  
 OBS            114
       5.79209768995383
       9.92960651207098
       1.00000000000000
 113 115 -1
obdef
loc3d
        4.93100113789334              0.68653549583784             94.66114807128906     -1
kind
     26     
    54900          153139     
       12.25000000000000  
 OBS            115
      14.00395683838643
      14.16682454323030
       1.00000000000000
 114 116 -1
obdef
loc3d
        4.94000002935902              0.67612888350011             59.69976806640625     -1
kind
     26     
    54900          153139     
       12.25000000000000  
 OBS            116
      17.96362158518745
      11.54845991884290
       1.00000000000000
 115 117 -1
obdef
loc3d
        4.94231604692662              0.69077376274482            190.83442687988281     -1
kind
     26     
    54900          153139     
       12.25000000000000  
 OBS            117
       8.82964854272885
      12.41562508999360
       1.00000000000000
 116 118 -1
obdef
loc3d
        4.93554247635603              0.69268257167582            131.09960937500000     -1
kind
     26     
    54900          153139     
       12.25000000000000  
 OBS            118
       9.24260242415453
       9.95901841929070
       1.00000000000000
 117 119 -1
obdef
loc3d
        4.94069913477896              0.68279864123905            131.77731323242190     -1
kind
     26     
    54900          153139     
       12.25000000000000  
 OBS            119
      16.88370148211529
      12.48129812377780
       1.00000000000000
 118 120 -1
obdef
loc3d
        4.94367854378329              0.67420565331297             56.55799865722656     -1
kind
     26     
    54900          153139     
       12.25000000000000  
 OBS            120
       5.88467556265952
      10.15137678979860
       1.00000000000000
 119 121 -1
obdef
loc3d
        4.93814984943932              0.67457436016830             39.55386734008789     -1
kind
     26     
    54900          153139     
       12.25000000000000  
 OBS            121
      14.62963696357233
      13.25097890413540
       1.00000000000000
 120 122 -1
obdef
loc3d
        4.94253566982520              0.68065092526894             48.56933593750000     -1
kind
     26     
    54900          153139     
       12.25000000000000  
 OBS            122
       9.42814108603902
      12.49987571515510
       1.00000000000000
 121 123 -1
obdef
loc3d
        4.93593154408741              0.68080949477360             85.35743713378906     -1
kind
     26     
    54900          153139     
       12.25000000000000  
 OBS            123
       9.34540479899605
      13.10436041938590
       1.00000000000000
 122 124 -1
obdef
loc3d
        4.94758068519446              0.69282395273635            179.51908874511719     -1
kind
     26     
    54900          153139     
       12.25000000000000  
 OBS            124
      11.35450713067838
      10.49335878149770
       1.00000000000000
 123 125 -1
obdef
loc3d
        4.93541634697774              0.67261831698898             21.54207611083984     -1
kind
     26     
    54900          153139     
       12.25000000000000  
 OBS            125
       6.53242398561010
       6.72082948127310
       1.00000000000000
 124 126 -1
obdef
loc3d
        4.93342752395137              0.68533697059699            120.48287200927730     -1
kind
     26     
    54900          153139     
       12.25000000000000  
 OBS            126
      13.02766005331314
      11.54750711159550
       1.00000000000000
 125 127 -1
obdef
loc3d
        4.92811551620144              0.69141391763145            189.00242614746091     -1
kind
     26     
    54900          153139     
       12.25000000000000  
 OBS            127
      12.86293864312036
      12.51539440556390
       1.00000000000000
 126 128 -1
obdef
loc3d
        4.94328780634786              0.67761918906629             21.61136627197266     -1
kind
     26     
    54900          153139     
       12.25000000000000  
 OBS            128
      12.10177449415004
      11.23042622601090
       1.00000000000000
 127 129 -1
obdef
loc3d
        4.93617130041664              0.68578341426755            199.41349792480469     -1
kind
     26     
    54900          153139     
       12.25000000000000  
 OBS            129
      11.82719507252839
      12.55116913710690
       1.00000000000000
 128 130 -1
obdef
loc3d
        4.94488890698391              0.68151038983677             42.34177017211914     -1
kind
     26     
    54900          153139     
       12.25000000000000  
 OBS            130
      10.34474864439368
      12.29328827957810
       1.00000000000000
 129 131 -1
obdef
loc3d
        4.94610769319308              0.67540343249948             44.88281250000000     -1
kind
     26     
    54900          153139     
       12.25000000000000  
 OBS            131
      10.06192870895836
      11.01905183017110
       1.00000000000000
 130 132 -1
obdef
loc3d
        4.93098289428918              0.69278368564599            411.59194946289062     -1
kind
     26     
    54900          153139     
       12.25000000000000  
 OBS            132
      13.54990304584532
      10.98647110812000
       1.00000000000000
 131 133 -1
obdef
loc3d
        4.93746284305807              0.67295620864423             44.45593643188477     -1
kind
     26     
    54900          153139     
       12.25000000000000  
 OBS            133
      13.52823309095546
      12.64522989208110
       1.00000000000000
 132 134 -1
obdef
loc3d
        4.93742549337872              0.68866580079864            241.84100341796881     -1
kind
     26     
    54900          153139     
       12.25000000000000  
 OBS            134
      11.18232846289469
      13.73656248194740
       1.00000000000000
 133 135 -1
obdef
loc3d
        4.94310367286119              0.67063823067780             37.30942153930664     -1
kind
     26     
    54900          153139     
       12.25000000000000  
 OBS            135
       9.97457285595982
      10.99759872656300
       1.00000000000000
 134 136 -1
obdef
loc3d
        4.94312354358950              0.69286317278749            201.84664916992190     -1
kind
     26     
    54900          153139     
       12.25000000000000  
 OBS            136
      11.51288120994333
       8.90302820614911
       1.00000000000000
 135 137 -1
obdef
loc3d
        4.93202293942753              0.69056809921756            124.38476562500000     -1
kind
     26     
    54900          153139     
       12.25000000000000  
 OBS            137
      18.62031853325487
      12.51956870893540
       1.00000000000000
 136 138 -1
obdef
loc3d
        4.93852899085493              0.69282303339671            210.85327148437500     -1
kind
     26     
    54900          153139     
       12.25000000000000  
 OBS            138
       9.63722010513028
      11.06474417634660
       1.00000000000000
 137 139 -1
obdef
loc3d
        4.93925110381924              0.68654477021234            169.40324401855469     -1
kind
     26     
    54900          153139     
       12.25000000000000  
 OBS            139
      11.29162224760363
       9.50021573183450
       1.00000000000000
 138 140 -1
obdef
loc3d
        4.94561300163474              0.69021407942450            101.67103576660161     -1
kind
     26     
    54900          153139     
       12.25000000000000  
 OBS            140
      14.16378396026651
      13.45073814107490
       1.00000000000000
 139 141 -1
obdef
loc3d
        4.94677761419795              0.66921213830349             30.00000000000000     -1
kind
     26     
    54900          153139     
       12.25000000000000  
 OBS            141
       5.79648455306875
       4.84891722735613
       1.00000000000000
 140 142 -1
obdef
loc3d
        4.91464000802058              0.69220313236118            256.98049926757812     -1
kind
     26     
    54900          153139     
       12.25000000000000  
 OBS            142
       8.60199217489807
       5.80573293130706
       1.00000000000000
 141 143 -1
obdef
loc3d
        4.91222840493483              0.69213090540308            311.66015625000000     -1
kind
     26     
    54900          153139     
       12.25000000000000  
 OBS            143
       6.02055082143748
       3.67698555976789
       1.00000000000000
 142 144 -1
obdef
loc3d
        4.90319820253832              0.69077085029214            558.21520996093750     -1
kind
     26     
    54900          153139     
       12.25000000000000  
 OBS            144
       3.72304268937804
       4.16728519262656
       1.00000000000000
 143 145 -1
obdef
loc3d
        4.90548367400941              0.68961427180382            340.45385742187500     -1
kind
     26     
    54900          153139     
       12.25000000000000  
 OBS            145
       8.19809599908398
       6.68561776749681
       1.00000000000000
 144 146 -1
obdef
loc3d
        4.90182808691748              0.69286665451088            711.58941650390625     -1
kind
     26     
    54900          153139     
       12.25000000000000  
 OBS            146
       8.64286525910494
       5.30447119143974
       1.00000000000000
 145 147 -1
obdef
loc3d
        4.92199514385413              0.69211089395115            185.84292602539060     -1
kind
     26     
    54900          153139     
       12.25000000000000  
 OBS            147
      12.24484285451969
       5.03897787476421
       1.00000000000000
 146 148 -1
obdef
loc3d
        4.91709198426003              0.69266703903771            205.88345336914060     -1
kind
     26     
    54900          153139     
       12.25000000000000  
 OBS            148
       4.85225637974836
       3.84538555108639
       1.00000000000000
 147 149 -1
obdef
loc3d
        4.91305125126208              0.69031483822850            320.48217773437500     -1
kind
     26     
    54900          153139     
       12.25000000000000  
 OBS            149
       3.71689587392298
       2.96484953667217
       1.00000000000000
 148 150 -1
obdef
loc3d
        4.90918301095293              0.69233086407935            229.95614624023440     -1
kind
     26     
    54900          153139     
       12.25000000000000  
 OBS            150
       5.61469834666740
       4.76218151532381
       1.00000000000000
 149 151 -1
obdef
loc3d
        4.90002894620424              0.69031812013417            840.25653076171875     -1
kind
     26     
    54900          153139     
       12.25000000000000  
 OBS            151
     293.08397096529154
     293.28817562141802
       1.00000000000000
 150 152 -1
obdef
loc3d
        4.90540352515539              0.69194112440599            606.33142089843750     -1
kind
     27     
    54900          153139     
        6.25000000000000  
 OBS            152
     291.86745594391942
     291.96990306176599
       1.00000000000000
 151 153 -1
obdef
loc3d
        4.94546412681761              0.68348353984884             17.75631332397461     -1
kind
     27     
    54900          153139     
        6.25000000000000  
 OBS            153
     293.75659628668660
     293.54656779978302
       1.00000000000000
 152 154 -1
obdef
loc3d
        4.94660974174000              0.67744857875853             29.35406684875488     -1
kind
     27     
    54900          153139     
        6.25000000000000  
 OBS            154
     290.17857054273492
     290.47958604617298
       1.00000000000000
 153 155 -1
obdef
loc3d
        4.94648126630843              0.68652865419204             54.82812500000000     -1
kind
     27     
    54900          153139     
        6.25000000000000  
 OBS            155
     293.15458873193961
     291.82135496317699
       1.00000000000000
 154 156 -1
obdef
loc3d
        4.94445426011379              0.68507566758975             62.61011505126953     -1
kind
     27     
    54900          153139     
        6.25000000000000  
 OBS            156
     288.62819461433003
     290.44836484933700
       1.00000000000000
 155 157 -1
obdef
loc3d
        4.94602055174578              0.68752162087271            134.15721130371091     -1
kind
     27     
    54900          153139     
        6.25000000000000  
 OBS            157
     293.04457158270662
     293.65022669446802
       1.00000000000000
 156 158 -1
obdef
loc3d
        4.94603912728501              0.67254511985829             35.00297546386719     -1
kind
     27     
    54900          153139     
        6.25000000000000  
 OBS            158
     292.33638168307795
     291.87042711102902
       1.00000000000000
 157 159 -1
obdef
loc3d
        4.95877904994953              0.67986585977255             17.04111671447754     -1
kind
     27     
    54900          153139     
        6.25000000000000  
 OBS            159
     291.73940659708484
     291.60955800371897
       1.00000000000000
 158 160 -1
obdef
loc3d
        4.93958042817759              0.69095160998657            226.13127136230469     -1
kind
     27     
    54900          153139     
        6.25000000000000  
 OBS            160
     291.67797698014346
     291.79041481342301
       1.00000000000000
 159 161 -1
obdef
loc3d
        4.95756313665553              0.69181797222864             89.84997558593750     -1
kind
     27     
    54900          153139     
        6.25000000000000  
 OBS            161
     296.35960284872885
     294.40192501312703
       1.00000000000000
 160 162 -1
obdef
loc3d
        4.94078657111844              0.67409210989409             60.81152343750000     -1
kind
     27     
    54900          153139     
        6.25000000000000  
 OBS            162
     292.91817555941878
     293.14611329475400
       1.00000000000000
 161 163 -1
obdef
loc3d
        4.95557846691255              0.67267262139613              1.00000000000000     -1
kind
     27     
    54900          153139     
        6.25000000000000  
 OBS            163
     292.27221045736985
     292.28707734352901
       1.00000000000000
 162 164 -1
obdef
loc3d
        4.93193348448080              0.68856418981073            106.00000000000000     -1
kind
     27     
    54900          153139     
        6.25000000000000  
 OBS            164
     289.34451462047247
     291.13783916142199
       1.00000000000000
 163 165 -1
obdef
loc3d
        4.89970838141578              0.68765245249877            785.09423828125000     -1
kind
     27     
    54900          153139     
        6.25000000000000  
 OBS            165
     292.18131697541753
     290.73823407728497
       1.00000000000000
 164 166 -1
obdef
loc3d
        4.95026814558372              0.68993059237416             93.11567687988281     -1
kind
     27     
    54900          153139     
        6.25000000000000  
 OBS            166
     293.10095886188429
     291.81958471409803
       1.00000000000000
 165 167 -1
obdef
loc3d
        4.94174512165160              0.68484635226999            116.56585693359381     -1
kind
     27     
    54900          153139     
        6.25000000000000  
 OBS            167
     291.81002005214981
     291.68517165667402
       1.00000000000000
 166 168 -1
obdef
loc3d
        4.95420735021482              0.68473663912788             15.00000000000000     -1
kind
     27     
    54900          153139     
        6.25000000000000  
 OBS            168
     292.70235544573245
     292.72515152259501
       1.00000000000000
 167 169 -1
obdef
loc3d
        4.93477042118681              0.68310638816012            118.89588928222661     -1
kind
     27     
    54900          153139     
        6.25000000000000  
 OBS            169
     292.21089755185420
     292.20944032863599
       1.00000000000000
 168 170 -1
obdef
loc3d
        4.93795631029682              0.68276407673392            144.94107055664060     -1
kind
     27     
    54900          153139     
        6.25000000000000  
 OBS            170
     293.48603580583296
     292.91878984357697
       1.00000000000000
 169 171 -1
obdef
loc3d
        4.94001671685736              0.68064929967652             43.67281723022461     -1
kind
     27     
    54900          153139     
        6.25000000000000  
 OBS            171
     293.62986244926242
     293.71438168386402
       1.00000000000000
 170 172 -1
obdef
loc3d
        4.94058460161740              0.67807181314514             70.17810058593750     -1
kind
     27     
    54900          153139     
        6.25000000000000  
 OBS            172
     293.24339516464249
     292.33283514877598
       1.00000000000000
 171 173 -1
obdef
loc3d
        4.95423295419494              0.68033176843505              3.71636104583740     -1
kind
     27     
    54900          153139     
        6.25000000000000  
 OBS            173
     293.09610608379273
     294.20468999604799
       1.00000000000000
 172 174 -1
obdef
loc3d
        4.94926894458696              0.66642585587446             10.91526031494141     -1
kind
     27     
    54900          153139     
        6.25000000000000  
 OBS            174
     293.03347086625070
     292.60088839404898
       1.00000000000000
 173 175 -1
obdef
loc3d
        4.96223480186848              0.66700036066835              5.00000000000000     -1
kind
     27     
    54900          153139     
        6.25000000000000  
 OBS            175
     293.07284664680850
     292.42898246770699
       1.00000000000000
 174 176 -1
obdef
loc3d
        4.95546148971009              0.67729393735082              6.17724800109863     -1
kind
     27     
    54900          153139     
        6.25000000000000  
 OBS            176
     291.02907569794121
     292.00038998933502
       1.00000000000000
 175 177 -1
obdef
loc3d
        4.92652723985629              0.69051382381431            146.04148864746091     -1
kind
     27     
    54900          153139     
        6.25000000000000  
 OBS            177
     294.11386266462182
     292.13769064794900
       1.00000000000000
 176 178 -1
obdef
loc3d
        4.96366005344362              0.66920346185787              6.00000000000000     -1
kind
     27     
    54900          153139     
        6.25000000000000  
 OBS            178
     289.73698719548753
     290.38645811112099
       1.00000000000000
 177 179 -1
obdef
loc3d
        4.97052949833720              0.66907739847133              8.84140872955322     -1
kind
     27     
    54900          153139     
        6.25000000000000  
 OBS            179
     293.19069176242158
     292.38097090805297
       1.00000000000000
 178 180 -1
obdef
loc3d
        4.93505853489354              0.69035668900909            163.38452148437500     -1
kind
     27     
    54900          153139     
        6.25000000000000  
 OBS            180
     294.05356055708427
     294.33244129837198
       1.00000000000000
 179 181 -1
obdef
loc3d
        4.93979773523841              0.67259214116167             45.00000000000000     -1
kind
     27     
    54900          153139     
        6.25000000000000  
 OBS            181
     294.05838161655356
     291.90292223955299
       1.00000000000000
 180 182 -1
obdef
loc3d
        4.92901815402419              0.68818595396932            126.56063842773440     -1
kind
     27     
    54900          153139     
        6.25000000000000  
 OBS            182
     289.80899683461041
     290.81249127469499
       1.00000000000000
 181 183 -1
obdef
loc3d
        4.92864050752959              0.68988490592333            360.09008789062500     -1
kind
     27     
    54900          153139     
        6.25000000000000  
 OBS            183
     292.47946899577204
     291.75962750126502
       1.00000000000000
 182 184 -1
obdef
loc3d
        4.94071794293451              0.68880476183725            173.77728271484381     -1
kind
     27     
    54900          153139     
        6.25000000000000  
 OBS            184
     292.20416936798762
     293.55253462977402
       1.00000000000000
 183 185 -1
obdef
loc3d
        4.94475069255349              0.67936922784321             17.10044860839844     -1
kind
     27     
    54900          153139     
        6.25000000000000  
 OBS            185
     292.35950828447028
     290.73685099005701
       1.00000000000000
 184 186 -1
obdef
loc3d
        4.93040524362615              0.68956958577383            472.38653564453119     -1
kind
     27     
    54900          153139     
        6.25000000000000  
 OBS            186
     292.63559626117814
     292.14542865213201
       1.00000000000000
 185 187 -1
obdef
loc3d
        4.93438788521233              0.68743777381223            157.39462280273440     -1
kind
     27     
    54900          153139     
        6.25000000000000  
 OBS            187
     291.24499767348794
     290.63457276779900
       1.00000000000000
 186 188 -1
obdef
loc3d
        4.93003537520636              0.69083454089469            382.75677490234381     -1
kind
     27     
    54900          153139     
        6.25000000000000  
 OBS            188
     291.04669739326971
     291.61169239018398
       1.00000000000000
 187 189 -1
obdef
loc3d
        4.94262489165251              0.68702513034102            130.29710388183591     -1
kind
     27     
    54900          153139     
        6.25000000000000  
 OBS            189
     292.54183278940286
     292.43045740923998
       1.00000000000000
 188 190 -1
obdef
loc3d
        4.93100113789334              0.68653549583784             94.66114807128906     -1
kind
     27     
    54900          153139     
        6.25000000000000  
 OBS            190
     293.29429902139714
     293.83063223807898
       1.00000000000000
 189 191 -1
obdef
loc3d
        4.94000002935902              0.67612888350011             59.69976806640625     -1
kind
     27     
    54900          153139     
        6.25000000000000  
 OBS            191
     293.02702120280236
     291.11012705631100
       1.00000000000000
 190 192 -1
obdef
loc3d
        4.94231604692662              0.69077376274482            190.83442687988281     -1
kind
     27     
    54900          153139     
        6.25000000000000  
 OBS            192
     293.06263877072217
     292.67962289565901
       1.00000000000000
 191 193 -1
obdef
loc3d
        4.93554247635603              0.69268257167582            131.09960937500000     -1
kind
     27     
    54900          153139     
        6.25000000000000  
 OBS            193
     291.94102447010539
     292.10192951015102
       1.00000000000000
 192 194 -1
obdef
loc3d
        4.94069913477896              0.68279864123905            131.77731323242190     -1
kind
     27     
    54900          153139     
        6.25000000000000  
 OBS            194
     293.79772746222915
     293.65914554297501
       1.00000000000000
 193 195 -1
obdef
loc3d
        4.94367854378329              0.67420565331297             56.55799865722656     -1
kind
     27     
    54900          153139     
        6.25000000000000  
 OBS            195
     293.43581803903083
     293.94170917724603
       1.00000000000000
 194 196 -1
obdef
loc3d
        4.93814984943932              0.67457436016830             39.55386734008789     -1
kind
     27     
    54900          153139     
        6.25000000000000  
 OBS            196
     293.42258252357396
     293.25877423831997
       1.00000000000000
 195 197 -1
obdef
loc3d
        4.94253566982520              0.68065092526894             48.56933593750000     -1
kind
     27     
    54900          153139     
        6.25000000000000  
 OBS            197
     293.51867692593424
     293.75736384575202
       1.00000000000000
 196 198 -1
obdef
loc3d
        4.93593154408741              0.68080949477360             85.35743713378906     -1
kind
     27     
    54900          153139     
        6.25000000000000  
 OBS            198
     289.27693334764240
     290.07042605754498
       1.00000000000000
 197 199 -1
obdef
loc3d
        4.94758068519446              0.69282395273635            179.51908874511719     -1
kind
     27     
    54900          153139     
        6.25000000000000  
 OBS            199
     293.26793681971782
     294.56290020350298
       1.00000000000000
 198 200 -1
obdef
loc3d
        4.93541634697774              0.67261831698898             21.54207611083984     -1
kind
     27     
    54900          153139     
        6.25000000000000  
 OBS            200
     292.90051839310559
     292.13046641808302
       1.00000000000000
 199 201 -1
obdef
loc3d
        4.93342752395137              0.68533697059699            120.48287200927730     -1
kind
     27     
    54900          153139     
        6.25000000000000  
 OBS            201
     291.31942175889236
     292.00421925474302
       1.00000000000000
 200 202 -1
obdef
loc3d
        4.92811551620144              0.69141391763145            189.00242614746091     -1
kind
     27     
    54900          153139     
        6.25000000000000  
 OBS            202
     294.88111595005961
     294.39896416110901
       1.00000000000000
 201 203 -1
obdef
loc3d
        4.94328780634786              0.67761918906629             21.61136627197266     -1
kind
     27     
    54900          153139     
        6.25000000000000  
 OBS            203
     290.95097225930948
     291.38034493529801
       1.00000000000000
 202 204 -1
obdef
loc3d
        4.93617130041664              0.68578341426755            199.41349792480469     -1
kind
     27     
    54900          153139     
        6.25000000000000  
 OBS            204
     291.53227468639051
     293.05095539590599
       1.00000000000000
 203 205 -1
obdef
loc3d
        4.94488890698391              0.68151038983677             42.34177017211914     -1
kind
     27     
    54900          153139     
        6.25000000000000  
 OBS            205
     292.18651595651170
     293.52880713110898
       1.00000000000000
 204 206 -1
obdef
loc3d
        4.94610769319308              0.67540343249948             44.88281250000000     -1
kind
     27     
    54900          153139     
        6.25000000000000  
 OBS            206
     289.43377024285593
     290.43436478442601
       1.00000000000000
 205 207 -1
obdef
loc3d
        4.93098289428918              0.69278368564599            411.59194946289062     -1
kind
     27     
    54900          153139     
        6.25000000000000  
 OBS            207
     294.80855765373275
     294.17093141052999
       1.00000000000000
 206 208 -1
obdef
loc3d
        4.93746284305807              0.67295620864423             44.45593643188477     -1
kind
     27     
    54900          153139     
        6.25000000000000  
 OBS            208
     291.50098602885379
     291.47064199934903
       1.00000000000000
 207 209 -1
obdef
loc3d
        4.93742549337872              0.68866580079864            241.84100341796881     -1
kind
     27     
    54900          153139     
        6.25000000000000  
 OBS            209
     294.27037049525171
     293.82019268588698
       1.00000000000000
 208 210 -1
obdef
loc3d
        4.94310367286119              0.67063823067780             37.30942153930664     -1
kind
     27     
    54900          153139     
        6.25000000000000  
 OBS            210
     292.48595681436581
     290.83312782007602
       1.00000000000000
 209 211 -1
obdef
loc3d
        4.94312354358950              0.69286317278749            201.84664916992190     -1
kind
     27     
    54900          153139     
        6.25000000000000  
 OBS            211
     292.37310784705164
     291.95846210236903
       1.00000000000000
 210 212 -1
obdef
loc3d
        4.93202293942753              0.69056809921756            124.38476562500000     -1
kind
     27     
    54900          153139     
        6.25000000000000  
 OBS            212
     292.36526478787886
     291.82893505825501
       1.00000000000000
 211 213 -1
obdef
loc3d
        4.93852899085493              0.69282303339671            210.85327148437500     -1
kind
     27     
    54900          153139     
        6.25000000000000  
 OBS            213
     291.00516651091942
     291.69346384030899
       1.00000000000000
 212 214 -1
obdef
loc3d
        4.93925110381924              0.68654477021234            169.40324401855469     -1
kind
     27     
    54900          153139     
        6.25000000000000  
 OBS            214
     289.20990828303673
     291.06391835159002
       1.00000000000000
 213 215 -1
obdef
loc3d
        4.94561300163474              0.69021407942450            101.67103576660161     -1
kind
     27     
    54900          153139     
        6.25000000000000  
 OBS            215
     294.61171287348481
     293.81452665655701
       1.00000000000000
 214 216 -1
obdef
loc3d
        4.94677761419795              0.66921213830349             30.00000000000000     -1
kind
     27     
    54900          153139     
        6.25000000000000  
 OBS            216
     294.43897926921983
     294.26942159515397
       1.00000000000000
 215 217 -1
obdef
loc3d
        4.91464000802058              0.69220313236118            256.98049926757812     -1
kind
     27     
    54900          153139     
        6.25000000000000  
 OBS            217
     293.05622793842349
     295.13039198220099
       1.00000000000000
 216 218 -1
obdef
loc3d
        4.91222840493483              0.69213090540308            311.66015625000000     -1
kind
     27     
    54900          153139     
        6.25000000000000  
 OBS            218
     292.79026366095883
     291.41289334172097
       1.00000000000000
 217 219 -1
obdef
loc3d
        4.90319820253832              0.69077085029214            558.21520996093750     -1
kind
     27     
    54900          153139     
        6.25000000000000  
 OBS            219
     295.13968375636796
     294.46994307778101
       1.00000000000000
 218 220 -1
obdef
loc3d
        4.90548367400941              0.68961427180382            340.45385742187500     -1
kind
     27     
    54900          153139     
        6.25000000000000  
 OBS            220
     293.61774778448148
     292.22591348337801
       1.00000000000000
 219 221 -1
obdef
loc3d
        4.90182808691748              0.69286665451088            711.58941650390625     -1
kind
     27     
    54900          153139     
        6.25000000000000  
 OBS            221
     289.17813257047487
     291.55922445158501
       1.00000000000000
 220 222 -1
obdef
loc3d
        4.92199514385413              0.69211089395115            185.84292602539060     -1
kind
     27     
    54900          153139     
        6.25000000000000  
 OBS            222
     294.11116297648346
     293.74614585197600
       1.00000000000000
 221 223 -1
obdef
loc3d
        4.91709198426003              0.69266703903771            205.88345336914060     -1
kind
     27     
    54900          153139     
        6.25000000000000  
 OBS            223
     294.03617332671388
     293.73512150211599
       1.00000000000000
 222 224 -1
obdef
loc3d
        4.91305125126208              0.69031483822850            320.48217773437500     -1
kind
     27     
    54900          153139     
        6.25000000000000  
 OBS            224
     294.15731483063854
     294.06109073406702
       1.00000000000000
 223 225 -1
obdef
loc3d
        4.90918301095293              0.69233086407935            229.95614624023440     -1
kind
     27     
    54900          153139     
        6.25000000000000  
 OBS            225
     292.10249705230399
     290.73028336568802
       1.00000000000000
 224 -1 -1
obdef
loc3d
        4.90002894620424              0.69031812013417            840.25653076171875     -1
kind
     27     
    54900          153139     
        6.25000000000000  
