 obs_sequence
obs_kind_definitions
       3
    25          LAND_SFC_U_WIND_COMPONENT   
    26          LAND_SFC_V_WIND_COMPONENT   
    27          LAND_SFC_TEMPERATURE   
  num_copies:            2  num_qc:            1
 num_obs:       225  max_num_obs:       225
observations
truth
QC radar
  first:            1  last:       225
 OBS            1
      -2.37075241859404
       2.66155684820745
       1.00000000000000
 -1 2 -1
obdef
loc3d
        4.90540352515539              0.69194112440599            606.33142089843750     -1
kind
     25     
    50400          153139     
       12.25000000000000  
 OBS            2
       2.17803927695951
       0.26681749947585
       1.00000000000000
 1 3 -1
obdef
loc3d
        4.94546412681761              0.68348353984884             17.75631332397461     -1
kind
     25     
    50400          153139     
       12.25000000000000  
 OBS            3
       1.51736413131386
      -2.66429578437070
       1.00000000000000
 2 4 -1
obdef
loc3d
        4.94660974174000              0.67744857875853             29.35406684875488     -1
kind
     25     
    50400          153139     
       12.25000000000000  
 OBS            4
      -0.41334852220356
      -1.46932893934162
       1.00000000000000
 3 5 -1
obdef
loc3d
        4.94648126630843              0.68652865419204             54.82812500000000     -1
kind
     25     
    50400          153139     
       12.25000000000000  
 OBS            5
       1.20359576842154
       0.66778809211508
       1.00000000000000
 4 6 -1
obdef
loc3d
        4.94445426011379              0.68507566758975             62.61011505126953     -1
kind
     25     
    50400          153139     
       12.25000000000000  
 OBS            6
      -2.18635059856054
      -1.23194862345206
       1.00000000000000
 5 7 -1
obdef
loc3d
        4.94602055174578              0.68752162087271            134.15721130371091     -1
kind
     25     
    50400          153139     
       12.25000000000000  
 OBS            7
      -2.47556418388809
      -1.94946936617238
       1.00000000000000
 6 8 -1
obdef
loc3d
        4.94603912728501              0.67254511985829             35.00297546386719     -1
kind
     25     
    50400          153139     
       12.25000000000000  
 OBS            8
       0.60902014139785
       0.13502332750647
       1.00000000000000
 7 9 -1
obdef
loc3d
        4.95877904994953              0.67986585977255             17.04111671447754     -1
kind
     25     
    50400          153139     
       12.25000000000000  
 OBS            9
       6.13755342355919
      -0.75699099481061
       1.00000000000000
 8 10 -1
obdef
loc3d
        4.93958042817759              0.69095160998657            226.13127136230469     -1
kind
     25     
    50400          153139     
       12.25000000000000  
 OBS            10
       4.66233490536666
      -0.46677831777002
       1.00000000000000
 9 11 -1
obdef
loc3d
        4.95756313665553              0.69181797222864             89.84997558593750     -1
kind
     25     
    50400          153139     
       12.25000000000000  
 OBS            11
       0.07723295430399
      -1.13948211884539
       1.00000000000000
 10 12 -1
obdef
loc3d
        4.94078657111844              0.67409210989409             60.81152343750000     -1
kind
     25     
    50400          153139     
       12.25000000000000  
 OBS            12
      -1.61678918572749
      -2.48011905184599
       1.00000000000000
 11 13 -1
obdef
loc3d
        4.95557846691255              0.67267262139613              1.00000000000000     -1
kind
     25     
    50400          153139     
       12.25000000000000  
 OBS            13
      -4.18439514218337
       0.44324445353842
       1.00000000000000
 12 14 -1
obdef
loc3d
        4.93193348448080              0.68856418981073            106.00000000000000     -1
kind
     25     
    50400          153139     
       12.25000000000000  
 OBS            14
      -3.83007164636036
       4.44179698712704
       1.00000000000000
 13 15 -1
obdef
loc3d
        4.89970838141578              0.68765245249877            785.09423828125000     -1
kind
     25     
    50400          153139     
       12.25000000000000  
 OBS            15
       3.04942965486900
      -0.48466226034999
       1.00000000000000
 14 16 -1
obdef
loc3d
        4.95026814558372              0.68993059237416             93.11567687988281     -1
kind
     25     
    50400          153139     
       12.25000000000000  
 OBS            16
       0.99947490536839
       0.17388783212851
       1.00000000000000
 15 17 -1
obdef
loc3d
        4.94174512165160              0.68484635226999            116.56585693359381     -1
kind
     25     
    50400          153139     
       12.25000000000000  
 OBS            17
       0.64596345113736
      -0.58794611447589
       1.00000000000000
 16 18 -1
obdef
loc3d
        4.95420735021482              0.68473663912788             15.00000000000000     -1
kind
     25     
    50400          153139     
       12.25000000000000  
 OBS            18
       0.26830755473787
      -0.98851500370148
       1.00000000000000
 17 19 -1
obdef
loc3d
        4.93477042118681              0.68310638816012            118.89588928222661     -1
kind
     25     
    50400          153139     
       12.25000000000000  
 OBS            19
      -1.11658984445629
      -1.15019480519743
       1.00000000000000
 18 20 -1
obdef
loc3d
        4.93795631029682              0.68276407673392            144.94107055664060     -1
kind
     25     
    50400          153139     
       12.25000000000000  
 OBS            20
       3.08926959871854
      -0.08509592021026
       1.00000000000000
 19 21 -1
obdef
loc3d
        4.94001671685736              0.68064929967652             43.67281723022461     -1
kind
     25     
    50400          153139     
       12.25000000000000  
 OBS            21
      -0.05731327783233
      -0.80229419266922
       1.00000000000000
 20 22 -1
obdef
loc3d
        4.94058460161740              0.67807181314514             70.17810058593750     -1
kind
     25     
    50400          153139     
       12.25000000000000  
 OBS            22
       1.59231809585211
      -0.98086792507500
       1.00000000000000
 21 23 -1
obdef
loc3d
        4.95423295419494              0.68033176843505              3.71636104583740     -1
kind
     25     
    50400          153139     
       12.25000000000000  
 OBS            23
       0.37551408111856
       0.49159326717041
       1.00000000000000
 22 24 -1
obdef
loc3d
        4.94926894458696              0.66642585587446             10.91526031494141     -1
kind
     25     
    50400          153139     
       12.25000000000000  
 OBS            24
      -5.97249212741362
      -0.84483378842830
       1.00000000000000
 23 25 -1
obdef
loc3d
        4.96223480186848              0.66700036066835              5.00000000000000     -1
kind
     25     
    50400          153139     
       12.25000000000000  
 OBS            25
       1.33091261515370
      -0.32542952698800
       1.00000000000000
 24 26 -1
obdef
loc3d
        4.95546148971009              0.67729393735082              6.17724800109863     -1
kind
     25     
    50400          153139     
       12.25000000000000  
 OBS            26
      -0.59558785110382
      -0.49452671520092
       1.00000000000000
 25 27 -1
obdef
loc3d
        4.92652723985629              0.69051382381431            146.04148864746091     -1
kind
     25     
    50400          153139     
       12.25000000000000  
 OBS            27
       3.45491054624617
      -0.96560753565739
       1.00000000000000
 26 28 -1
obdef
loc3d
        4.96366005344362              0.66920346185787              6.00000000000000     -1
kind
     25     
    50400          153139     
       12.25000000000000  
 OBS            28
      -3.08455656248080
      -1.34489985510252
       1.00000000000000
 27 29 -1
obdef
loc3d
        4.97052949833720              0.66907739847133              8.84140872955322     -1
kind
     25     
    50400          153139     
       12.25000000000000  
 OBS            29
       5.59157879848670
      -0.05081969274580
       1.00000000000000
 28 30 -1
obdef
loc3d
        4.95245337490985              0.69269329908122            116.45774841308589     -1
kind
     25     
    50400          153139     
       12.25000000000000  
 OBS            30
       1.00397026573385
       0.17549922928330
       1.00000000000000
 29 31 -1
obdef
loc3d
        4.94885353278042              0.69277717633329            144.09075927734381     -1
kind
     25     
    50400          153139     
       12.25000000000000  
 OBS            31
       0.80066008912871
      -0.47995363959280
       1.00000000000000
 30 32 -1
obdef
loc3d
        4.94336975041274              0.69009669144632            168.92642211914060     -1
kind
     25     
    50400          153139     
       12.25000000000000  
 OBS            32
      -1.08058828036014
      -0.21127030499402
       1.00000000000000
 31 33 -1
obdef
loc3d
        4.93556788041953              0.67027828664670             15.00000000000000     -1
kind
     25     
    50400          153139     
       12.25000000000000  
 OBS            33
      -2.35980288551140
      -1.51328244362983
       1.00000000000000
 32 34 -1
obdef
loc3d
        4.94033180527593              0.67113295277478             15.00000000000000     -1
kind
     25     
    50400          153139     
       12.25000000000000  
 OBS            34
      -2.11260339015330
      -1.62023112518648
       1.00000000000000
 33 35 -1
obdef
loc3d
        4.94303858410231              0.67245219021673             45.31371688842773     -1
kind
     25     
    50400          153139     
       12.25000000000000  
 OBS            35
      -0.74405077507848
      -0.77395190378640
       1.00000000000000
 34 36 -1
obdef
loc3d
        4.94353452184302              0.67563108019985             33.40631103515625     -1
kind
     25     
    50400          153139     
       12.25000000000000  
 OBS            36
      -2.42675919675052
      -0.37314296509324
       1.00000000000000
 35 37 -1
obdef
loc3d
        4.94374389829480              0.67833415521310             29.86422538757324     -1
kind
     25     
    50400          153139     
       12.25000000000000  
 OBS            37
      -0.64830371211363
      -0.55451809639233
       1.00000000000000
 36 38 -1
obdef
loc3d
        4.94273365028682              0.68737244152012            176.80966186523440     -1
kind
     25     
    50400          153139     
       12.25000000000000  
 OBS            38
      -1.53933602366121
      -1.24288847060192
       1.00000000000000
 37 39 -1
obdef
loc3d
        4.92701506510552              0.68724654189208            235.55827331542969     -1
kind
     25     
    50400          153139     
       12.25000000000000  
 OBS            39
      -8.79186981002763
      -0.62022002894922
       1.00000000000000
 38 40 -1
obdef
loc3d
        4.93770287749180              0.68559892863867            149.84144592285159     -1
kind
     25     
    50400          153139     
       12.25000000000000  
 OBS            40
      -0.27971017172364
      -0.25104004671951
       1.00000000000000
 39 41 -1
obdef
loc3d
        4.92849072850511              0.69275166570057            196.64169311523440     -1
kind
     25     
    50400          153139     
       12.25000000000000  
 OBS            41
       3.92242520120350
      -0.47904901922832
       1.00000000000000
 40 42 -1
obdef
loc3d
        4.94704606827608              0.66890083993760             30.00000000000000     -1
kind
     25     
    50400          153139     
       12.25000000000000  
 OBS            42
      -4.30803129020627
       0.36145155767312
       1.00000000000000
 41 43 -1
obdef
loc3d
        4.93215285315783              0.69272179551745            405.54205322265619     -1
kind
     25     
    50400          153139     
       12.25000000000000  
 OBS            43
      -0.33768822576821
      -0.21120434668476
       1.00000000000000
 42 44 -1
obdef
loc3d
        4.93041137291484              0.68610286792166             95.01055908203125     -1
kind
     25     
    50400          153139     
       12.25000000000000  
 OBS            44
       1.18831412230003
      -1.90373421151353
       1.00000000000000
 43 45 -1
obdef
loc3d
        4.94340662813579              0.66912283370227             30.00000000000000     -1
kind
     25     
    50400          153139     
       12.25000000000000  
 OBS            45
       1.35993628902812
      -0.73860704922174
       1.00000000000000
 44 46 -1
obdef
loc3d
        4.94246051140049              0.69284522685509            232.15176391601560     -1
kind
     25     
    50400          153139     
       12.25000000000000  
 OBS            46
      -1.93564013158074
      -0.92442223502998
       1.00000000000000
 45 47 -1
obdef
loc3d
        4.94897278262263              0.68784055253573             58.60614395141602     -1
kind
     25     
    50400          153139     
       12.25000000000000  
 OBS            47
      -3.30251096418405
       0.00913190472211
       1.00000000000000
 46 48 -1
obdef
loc3d
        4.94541527617556              0.68071005727643             33.77826690673828     -1
kind
     25     
    50400          153139     
       12.25000000000000  
 OBS            48
       0.39973156472759
      -0.58469281686744
       1.00000000000000
 47 49 -1
obdef
loc3d
        4.93748800785195              0.67296050504062             44.45593643188477     -1
kind
     25     
    50400          153139     
       12.25000000000000  
 OBS            49
      -0.15014030749934
      -0.24269508983057
       1.00000000000000
 48 50 -1
obdef
loc3d
        4.93696530791536              0.69256666762304            156.90283203125000     -1
kind
     25     
    50400          153139     
       12.25000000000000  
 OBS            50
      -0.97530236998050
      -1.48253694280022
       1.00000000000000
 49 51 -1
obdef
loc3d
        4.92145179475246              0.69276808226809            165.77503967285159     -1
kind
     25     
    50400          153139     
       12.25000000000000  
 OBS            51
       1.16832591683457
      -0.25153174592731
       1.00000000000000
 50 52 -1
obdef
loc3d
        4.93950672299123              0.68813471885857            177.40441894531250     -1
kind
     25     
    50400          153139     
       12.25000000000000  
 OBS            52
      -1.84454098347950
      -0.67511980206506
       1.00000000000000
 51 53 -1
obdef
loc3d
        4.93611382531472              0.68823817566222            173.73840332031250     -1
kind
     25     
    50400          153139     
       12.25000000000000  
 OBS            53
       2.24309393082968
      -1.76174499297492
       1.00000000000000
 52 54 -1
obdef
loc3d
        4.94685988234341              0.69028594514941            170.37097167968750     -1
kind
     25     
    50400          153139     
       12.25000000000000  
 OBS            54
       2.07469279724346
       0.11602855846404
       1.00000000000000
 53 55 -1
obdef
loc3d
        4.93440797857224              0.69076858072881            137.08886718750000     -1
kind
     25     
    50400          153139     
       12.25000000000000  
 OBS            55
      -7.79352387466620
      -0.89333210061216
       1.00000000000000
 54 56 -1
obdef
loc3d
        4.93397023736678              0.68569719666510            120.48287200927730     -1
kind
     25     
    50400          153139     
       12.25000000000000  
 OBS            56
       2.36968698893798
      -0.36631075413386
       1.00000000000000
 55 57 -1
obdef
loc3d
        4.96098036034072              0.67790128169477             17.24609375000000     -1
kind
     25     
    50400          153139     
       12.25000000000000  
 OBS            57
      -0.37097759584383
      -0.57895079785594
       1.00000000000000
 56 58 -1
obdef
loc3d
        4.95746178551042              0.68576241061300             17.20619201660156     -1
kind
     25     
    50400          153139     
       12.25000000000000  
 OBS            58
      -5.31041817576888
      -0.98869379927538
       1.00000000000000
 57 59 -1
obdef
loc3d
        4.96821528454312              0.66626811336639              8.93466186523438     -1
kind
     25     
    50400          153139     
       12.25000000000000  
 OBS            59
      -1.49181657788651
       0.10781045959023
       1.00000000000000
 58 60 -1
obdef
loc3d
        4.95821139545160              0.68356985009176             15.00000000000000     -1
kind
     25     
    50400          153139     
       12.25000000000000  
 OBS            60
      -3.86295382411485
      -2.18773046990682
       1.00000000000000
 59 61 -1
obdef
loc3d
        4.95929084301108              0.67289450711582              9.91464328765869     -1
kind
     25     
    50400          153139     
       12.25000000000000  
 OBS            61
      -3.90705971450598
      -1.71452302986190
       1.00000000000000
 60 62 -1
obdef
loc3d
        4.95884231318174              0.67566319569297             12.79061889648438     -1
kind
     25     
    50400          153139     
       12.25000000000000  
 OBS            62
      -1.57973881606458
      -0.20830384823162
       1.00000000000000
 61 63 -1
obdef
loc3d
        4.96068172506451              0.68176493518182             14.00000000000000     -1
kind
     25     
    50400          153139     
       12.25000000000000  
 OBS            63
       1.88063161900179
      -0.61400761320641
       1.00000000000000
 62 64 -1
obdef
loc3d
        4.96044430349621              0.68522255501691             15.00000000000000     -1
kind
     25     
    50400          153139     
       12.25000000000000  
 OBS            64
      -6.39069076129848
      -0.23862453525787
       1.00000000000000
 63 65 -1
obdef
loc3d
        4.95653505007277              0.68174821287482             15.07347202301025     -1
kind
     25     
    50400          153139     
       12.25000000000000  
 OBS            65
      -3.26786016231079
      -0.57879250318095
       1.00000000000000
 64 66 -1
obdef
loc3d
        4.96521948188739              0.66389255790081              6.10258388519287     -1
kind
     25     
    50400          153139     
       12.25000000000000  
 OBS            66
       5.82082904401117
       0.52475107861130
       1.00000000000000
 65 67 -1
obdef
loc3d
        4.96720461139216              0.67033432936439             12.91210937500000     -1
kind
     25     
    50400          153139     
       12.25000000000000  
 OBS            67
       2.60069201682871
      -1.15534100758856
       1.00000000000000
 66 68 -1
obdef
loc3d
        4.96018888249816              0.68814255256013             15.00000000000000     -1
kind
     25     
    50400          153139     
       12.25000000000000  
 OBS            68
       1.89493616478911
       0.19253733727399
       1.00000000000000
 67 69 -1
obdef
loc3d
        4.95410557213704              0.69029785801799             54.42578125000000     -1
kind
     25     
    50400          153139     
       12.25000000000000  
 OBS            69
       1.86829824277491
      -0.54359968955692
       1.00000000000000
 68 70 -1
obdef
loc3d
        4.95508230192316              0.68705689194968              9.08530712127686     -1
kind
     25     
    50400          153139     
       12.25000000000000  
 OBS            70
      10.32107988421660
       4.88680911285897
       1.00000000000000
 69 71 -1
obdef
loc3d
        4.89659470219302              0.68517541625982            824.84875488281250     -1
kind
     25     
    50400          153139     
       12.25000000000000  
 OBS            71
       3.77584744159497
       6.76170174884342
       1.00000000000000
 70 72 -1
obdef
loc3d
        4.89719607397323              0.69286120068011            493.76440429687500     -1
kind
     25     
    50400          153139     
       12.25000000000000  
 OBS            72
       3.39955812139585
       0.33040187168505
       1.00000000000000
 71 73 -1
obdef
loc3d
        4.91562721585699              0.69268557315466            290.85858154296881     -1
kind
     25     
    50400          153139     
       12.25000000000000  
 OBS            73
       2.91787162087482
       4.22095783213123
       1.00000000000000
 72 74 -1
obdef
loc3d
        4.89650463462054              0.68965598658767            806.96582031250000     -1
kind
     25     
    50400          153139     
       12.25000000000000  
 OBS            74
       5.41187749612375
       2.80804977815484
       1.00000000000000
 73 75 -1
obdef
loc3d
        4.90117724149658              0.69117926561099            769.23168945312500     -1
kind
     25     
    50400          153139     
       12.25000000000000  
 OBS            75
      -1.56920620296672
       0.47971222548457
       1.00000000000000
 74 76 -1
obdef
loc3d
        4.91058697772938              0.69047364022544            228.45222473144531     -1
kind
     25     
    50400          153139     
       12.25000000000000  
 OBS            76
       4.83160342247645
       5.94060626596372
       1.00000000000000
 75 77 -1
obdef
loc3d
        4.90540352515539              0.69194112440599            606.33142089843750     -1
kind
     26     
    50400          153139     
       12.25000000000000  
 OBS            77
       9.87693702031469
      10.89454917860950
       1.00000000000000
 76 78 -1
obdef
loc3d
        4.94546412681761              0.68348353984884             17.75631332397461     -1
kind
     26     
    50400          153139     
       12.25000000000000  
 OBS            78
       5.64949711407395
       7.35722499907145
       1.00000000000000
 77 79 -1
obdef
loc3d
        4.94660974174000              0.67744857875853             29.35406684875488     -1
kind
     26     
    50400          153139     
       12.25000000000000  
 OBS            79
      10.10380700185985
       7.74335509914031
       1.00000000000000
 78 80 -1
obdef
loc3d
        4.94648126630843              0.68652865419204             54.82812500000000     -1
kind
     26     
    50400          153139     
       12.25000000000000  
 OBS            80
       2.33719082281081
       8.77283899581396
       1.00000000000000
 79 81 -1
obdef
loc3d
        4.94445426011379              0.68507566758975             62.61011505126953     -1
kind
     26     
    50400          153139     
       12.25000000000000  
 OBS            81
      10.61056899244081
       8.19165335056485
       1.00000000000000
 80 82 -1
obdef
loc3d
        4.94602055174578              0.68752162087271            134.15721130371091     -1
kind
     26     
    50400          153139     
       12.25000000000000  
 OBS            82
      12.10247646572682
      12.34109844627610
       1.00000000000000
 81 83 -1
obdef
loc3d
        4.94603912728501              0.67254511985829             35.00297546386719     -1
kind
     26     
    50400          153139     
       12.25000000000000  
 OBS            83
      12.38865142330458
      13.80587472222930
       1.00000000000000
 82 84 -1
obdef
loc3d
        4.95877904994953              0.67986585977255             17.04111671447754     -1
kind
     26     
    50400          153139     
       12.25000000000000  
 OBS            84
       9.22287096945443
       9.96122569482674
       1.00000000000000
 83 85 -1
obdef
loc3d
        4.93958042817759              0.69095160998657            226.13127136230469     -1
kind
     26     
    50400          153139     
       12.25000000000000  
 OBS            85
      14.45038686541826
      11.26738514184050
       1.00000000000000
 84 86 -1
obdef
loc3d
        4.95756313665553              0.69181797222864             89.84997558593750     -1
kind
     26     
    50400          153139     
       12.25000000000000  
 OBS            86
      21.18817378063328
      10.39475787445110
       1.00000000000000
 85 87 -1
obdef
loc3d
        4.94078657111844              0.67409210989409             60.81152343750000     -1
kind
     26     
    50400          153139     
       12.25000000000000  
 OBS            87
      15.65441399670555
      14.09052158933730
       1.00000000000000
 86 88 -1
obdef
loc3d
        4.95557846691255              0.67267262139613              1.00000000000000     -1
kind
     26     
    50400          153139     
       12.25000000000000  
 OBS            88
      11.57707853941412
       8.91299231644230
       1.00000000000000
 87 89 -1
obdef
loc3d
        4.93193348448080              0.68856418981073            106.00000000000000     -1
kind
     26     
    50400          153139     
       12.25000000000000  
 OBS            89
       4.83600749899615
       7.04092256582913
       1.00000000000000
 88 90 -1
obdef
loc3d
        4.89970838141578              0.68765245249877            785.09423828125000     -1
kind
     26     
    50400          153139     
       12.25000000000000  
 OBS            90
      12.74521161811970
      12.12187649744000
       1.00000000000000
 89 91 -1
obdef
loc3d
        4.95026814558372              0.68993059237416             93.11567687988281     -1
kind
     26     
    50400          153139     
       12.25000000000000  
 OBS            91
       5.23896927361295
      10.21829946678450
       1.00000000000000
 90 92 -1
obdef
loc3d
        4.94174512165160              0.68484635226999            116.56585693359381     -1
kind
     26     
    50400          153139     
       12.25000000000000  
 OBS            92
      16.45298112822375
      14.07944448643650
       1.00000000000000
 91 93 -1
obdef
loc3d
        4.95420735021482              0.68473663912788             15.00000000000000     -1
kind
     26     
    50400          153139     
       12.25000000000000  
 OBS            93
       6.70022977350154
       9.05359603415143
       1.00000000000000
 92 94 -1
obdef
loc3d
        4.93477042118681              0.68310638816012            118.89588928222661     -1
kind
     26     
    50400          153139     
       12.25000000000000  
 OBS            94
       7.50738973608343
       9.67765200430653
       1.00000000000000
 93 95 -1
obdef
loc3d
        4.93795631029682              0.68276407673392            144.94107055664060     -1
kind
     26     
    50400          153139     
       12.25000000000000  
 OBS            95
      15.47179686079108
       9.03132468475199
       1.00000000000000
 94 96 -1
obdef
loc3d
        4.94001671685736              0.68064929967652             43.67281723022461     -1
kind
     26     
    50400          153139     
       12.25000000000000  
 OBS            96
       7.41176336641681
      11.27714811180490
       1.00000000000000
 95 97 -1
obdef
loc3d
        4.94058460161740              0.67807181314514             70.17810058593750     -1
kind
     26     
    50400          153139     
       12.25000000000000  
 OBS            97
      17.21670815635248
      13.95020703370230
       1.00000000000000
 96 98 -1
obdef
loc3d
        4.95423295419494              0.68033176843505              3.71636104583740     -1
kind
     26     
    50400          153139     
       12.25000000000000  
 OBS            98
      13.34334738673687
      11.32892988339720
       1.00000000000000
 97 99 -1
obdef
loc3d
        4.94926894458696              0.66642585587446             10.91526031494141     -1
kind
     26     
    50400          153139     
       12.25000000000000  
 OBS            99
      16.42777029527637
      12.32204468871780
       1.00000000000000
 98 100 -1
obdef
loc3d
        4.96223480186848              0.66700036066835              5.00000000000000     -1
kind
     26     
    50400          153139     
       12.25000000000000  
 OBS            100
      17.43889772217180
      13.91776379105950
       1.00000000000000
 99 101 -1
obdef
loc3d
        4.95546148971009              0.67729393735082              6.17724800109863     -1
kind
     26     
    50400          153139     
       12.25000000000000  
 OBS            101
      13.76436175873311
      10.08400796057070
       1.00000000000000
 100 102 -1
obdef
loc3d
        4.92652723985629              0.69051382381431            146.04148864746091     -1
kind
     26     
    50400          153139     
       12.25000000000000  
 OBS            102
      10.48625453413282
      10.70464815673110
       1.00000000000000
 101 103 -1
obdef
loc3d
        4.96366005344362              0.66920346185787              6.00000000000000     -1
kind
     26     
    50400          153139     
       12.25000000000000  
 OBS            103
       8.40138879074955
      12.20930109569810
       1.00000000000000
 102 104 -1
obdef
loc3d
        4.97052949833720              0.66907739847133              8.84140872955322     -1
kind
     26     
    50400          153139     
       12.25000000000000  
 OBS            104
      11.97780903432242
      11.22810655872760
       1.00000000000000
 103 105 -1
obdef
loc3d
        4.95245337490985              0.69269329908122            116.45774841308589     -1
kind
     26     
    50400          153139     
       12.25000000000000  
 OBS            105
      11.87501481516732
      11.72746234624390
       1.00000000000000
 104 106 -1
obdef
loc3d
        4.94885353278042              0.69277717633329            144.09075927734381     -1
kind
     26     
    50400          153139     
       12.25000000000000  
 OBS            106
       7.45314584803809
       9.74088548289218
       1.00000000000000
 105 107 -1
obdef
loc3d
        4.94336975041274              0.69009669144632            168.92642211914060     -1
kind
     26     
    50400          153139     
       12.25000000000000  
 OBS            107
      10.41956380091896
       9.63358288657026
       1.00000000000000
 106 108 -1
obdef
loc3d
        4.93556788041953              0.67027828664670             15.00000000000000     -1
kind
     26     
    50400          153139     
       12.25000000000000  
 OBS            108
       8.86608505320033
       9.19362233077614
       1.00000000000000
 107 109 -1
obdef
loc3d
        4.94033180527593              0.67113295277478             15.00000000000000     -1
kind
     26     
    50400          153139     
       12.25000000000000  
 OBS            109
      11.14625947810558
      12.45725716602660
       1.00000000000000
 108 110 -1
obdef
loc3d
        4.94303858410231              0.67245219021673             45.31371688842773     -1
kind
     26     
    50400          153139     
       12.25000000000000  
 OBS            110
      10.13827088298200
      10.74526909437670
       1.00000000000000
 109 111 -1
obdef
loc3d
        4.94353452184302              0.67563108019985             33.40631103515625     -1
kind
     26     
    50400          153139     
       12.25000000000000  
 OBS            111
       7.52815140038853
       9.72653994468940
       1.00000000000000
 110 112 -1
obdef
loc3d
        4.94374389829480              0.67833415521310             29.86422538757324     -1
kind
     26     
    50400          153139     
       12.25000000000000  
 OBS            112
      13.86219824496698
      10.19399378643580
       1.00000000000000
 111 113 -1
obdef
loc3d
        4.94273365028682              0.68737244152012            176.80966186523440     -1
kind
     26     
    50400          153139     
       12.25000000000000  
 OBS            113
      11.77381249206897
       7.73215554301243
       1.00000000000000
 112 114 -1
obdef
loc3d
        4.92701506510552              0.68724654189208            235.55827331542969     -1
kind
     26     
    50400          153139     
       12.25000000000000  
 OBS            114
       6.57453368902239
      10.16513981756060
       1.00000000000000
 113 115 -1
obdef
loc3d
        4.93770287749180              0.68559892863867            149.84144592285159     -1
kind
     26     
    50400          153139     
       12.25000000000000  
 OBS            115
       9.73044349626920
      11.01073931581730
       1.00000000000000
 114 116 -1
obdef
loc3d
        4.92849072850511              0.69275166570057            196.64169311523440     -1
kind
     26     
    50400          153139     
       12.25000000000000  
 OBS            116
       4.15490645276961
      10.07481494422240
       1.00000000000000
 115 117 -1
obdef
loc3d
        4.94704606827608              0.66890083993760             30.00000000000000     -1
kind
     26     
    50400          153139     
       12.25000000000000  
 OBS            117
      10.20390715109045
       9.59325469245070
       1.00000000000000
 116 118 -1
obdef
loc3d
        4.93215285315783              0.69272179551745            405.54205322265619     -1
kind
     26     
    50400          153139     
       12.25000000000000  
 OBS            118
      10.26169282658318
       8.51062934556394
       1.00000000000000
 117 119 -1
obdef
loc3d
        4.93041137291484              0.68610286792166             95.01055908203125     -1
kind
     26     
    50400          153139     
       12.25000000000000  
 OBS            119
       6.78163501521849
      10.53924285936550
       1.00000000000000
 118 120 -1
obdef
loc3d
        4.94340662813579              0.66912283370227             30.00000000000000     -1
kind
     26     
    50400          153139     
       12.25000000000000  
 OBS            120
       9.13897685897819
      11.41165656424820
       1.00000000000000
 119 121 -1
obdef
loc3d
        4.94246051140049              0.69284522685509            232.15176391601560     -1
kind
     26     
    50400          153139     
       12.25000000000000  
 OBS            121
       5.97811831723154
      11.45830827090940
       1.00000000000000
 120 122 -1
obdef
loc3d
        4.94897278262263              0.68784055253573             58.60614395141602     -1
kind
     26     
    50400          153139     
       12.25000000000000  
 OBS            122
      10.95518544707125
       8.70211629633411
       1.00000000000000
 121 123 -1
obdef
loc3d
        4.94541527617556              0.68071005727643             33.77826690673828     -1
kind
     26     
    50400          153139     
       12.25000000000000  
 OBS            123
       6.10085422329921
       8.62762104468718
       1.00000000000000
 122 124 -1
obdef
loc3d
        4.93748800785195              0.67296050504062             44.45593643188477     -1
kind
     26     
    50400          153139     
       12.25000000000000  
 OBS            124
      15.07892748343814
      12.55582933436030
       1.00000000000000
 123 125 -1
obdef
loc3d
        4.93696530791536              0.69256666762304            156.90283203125000     -1
kind
     26     
    50400          153139     
       12.25000000000000  
 OBS            125
       5.59626895487395
       7.25686193953984
       1.00000000000000
 124 126 -1
obdef
loc3d
        4.92145179475246              0.69276808226809            165.77503967285159     -1
kind
     26     
    50400          153139     
       12.25000000000000  
 OBS            126
       9.66717253107877
       9.98005342453223
       1.00000000000000
 125 127 -1
obdef
loc3d
        4.93950672299123              0.68813471885857            177.40441894531250     -1
kind
     26     
    50400          153139     
       12.25000000000000  
 OBS            127
       8.55612154578657
      11.70515203614870
       1.00000000000000
 126 128 -1
obdef
loc3d
        4.93611382531472              0.68823817566222            173.73840332031250     -1
kind
     26     
    50400          153139     
       12.25000000000000  
 OBS            128
      11.78233791747938
       9.74336333889893
       1.00000000000000
 127 129 -1
obdef
loc3d
        4.94685988234341              0.69028594514941            170.37097167968750     -1
kind
     26     
    50400          153139     
       12.25000000000000  
 OBS            129
      11.79248793868149
      11.49534039144230
       1.00000000000000
 128 130 -1
obdef
loc3d
        4.93440797857224              0.69076858072881            137.08886718750000     -1
kind
     26     
    50400          153139     
       12.25000000000000  
 OBS            130
      10.25432398974838
      10.19462428184320
       1.00000000000000
 129 131 -1
obdef
loc3d
        4.93397023736678              0.68569719666510            120.48287200927730     -1
kind
     26     
    50400          153139     
       12.25000000000000  
 OBS            131
      13.16455851271773
      13.36904548808200
       1.00000000000000
 130 132 -1
obdef
loc3d
        4.96098036034072              0.67790128169477             17.24609375000000     -1
kind
     26     
    50400          153139     
       12.25000000000000  
 OBS            132
      17.24088315017990
      14.50322781323300
       1.00000000000000
 131 133 -1
obdef
loc3d
        4.95746178551042              0.68576241061300             17.20619201660156     -1
kind
     26     
    50400          153139     
       12.25000000000000  
 OBS            133
      12.28535871385921
      11.69127245602730
       1.00000000000000
 132 134 -1
obdef
loc3d
        4.96821528454312              0.66626811336639              8.93466186523438     -1
kind
     26     
    50400          153139     
       12.25000000000000  
 OBS            134
       9.52430452008516
      12.77030258092570
       1.00000000000000
 133 135 -1
obdef
loc3d
        4.95821139545160              0.68356985009176             15.00000000000000     -1
kind
     26     
    50400          153139     
       12.25000000000000  
 OBS            135
       8.95923828104904
      12.15642685359960
       1.00000000000000
 134 136 -1
obdef
loc3d
        4.95929084301108              0.67289450711582              9.91464328765869     -1
kind
     26     
    50400          153139     
       12.25000000000000  
 OBS            136
      15.98322447130348
      16.12306785219870
       1.00000000000000
 135 137 -1
obdef
loc3d
        4.95884231318174              0.67566319569297             12.79061889648438     -1
kind
     26     
    50400          153139     
       12.25000000000000  
 OBS            137
      19.27728622909312
      12.63930120466120
       1.00000000000000
 136 138 -1
obdef
loc3d
        4.96068172506451              0.68176493518182             14.00000000000000     -1
kind
     26     
    50400          153139     
       12.25000000000000  
 OBS            138
      10.45751193030604
      12.24538061884940
       1.00000000000000
 137 139 -1
obdef
loc3d
        4.96044430349621              0.68522255501691             15.00000000000000     -1
kind
     26     
    50400          153139     
       12.25000000000000  
 OBS            139
       9.81480356554751
      11.35683177308130
       1.00000000000000
 138 140 -1
obdef
loc3d
        4.95653505007277              0.68174821287482             15.07347202301025     -1
kind
     26     
    50400          153139     
       12.25000000000000  
 OBS            140
      13.81531684082064
      16.08931499320080
       1.00000000000000
 139 141 -1
obdef
loc3d
        4.96521948188739              0.66389255790081              6.10258388519287     -1
kind
     26     
    50400          153139     
       12.25000000000000  
 OBS            141
      12.62011473807490
      12.90747800101920
       1.00000000000000
 140 142 -1
obdef
loc3d
        4.96720461139216              0.67033432936439             12.91210937500000     -1
kind
     26     
    50400          153139     
       12.25000000000000  
 OBS            142
      15.61025012982879
      12.38723501236040
       1.00000000000000
 141 143 -1
obdef
loc3d
        4.96018888249816              0.68814255256013             15.00000000000000     -1
kind
     26     
    50400          153139     
       12.25000000000000  
 OBS            143
      10.12519106633558
      11.92727779196460
       1.00000000000000
 142 144 -1
obdef
loc3d
        4.95410557213704              0.69029785801799             54.42578125000000     -1
kind
     26     
    50400          153139     
       12.25000000000000  
 OBS            144
       5.30503498642513
       8.97557025438261
       1.00000000000000
 143 145 -1
obdef
loc3d
        4.95508230192316              0.68705689194968              9.08530712127686     -1
kind
     26     
    50400          153139     
       12.25000000000000  
 OBS            145
       8.83192825486920
       6.76392025743718
       1.00000000000000
 144 146 -1
obdef
loc3d
        4.89659470219302              0.68517541625982            824.84875488281250     -1
kind
     26     
    50400          153139     
       12.25000000000000  
 OBS            146
       9.20506661304357
       6.14360349034370
       1.00000000000000
 145 147 -1
obdef
loc3d
        4.89719607397323              0.69286120068011            493.76440429687500     -1
kind
     26     
    50400          153139     
       12.25000000000000  
 OBS            147
       5.08246382129597
       4.91019321445242
       1.00000000000000
 146 148 -1
obdef
loc3d
        4.91562721585699              0.69268557315466            290.85858154296881     -1
kind
     26     
    50400          153139     
       12.25000000000000  
 OBS            148
       6.86695512455433
       7.73163304158508
       1.00000000000000
 147 149 -1
obdef
loc3d
        4.89650463462054              0.68965598658767            806.96582031250000     -1
kind
     26     
    50400          153139     
       12.25000000000000  
 OBS            149
       5.03465982960285
       3.85908063710539
       1.00000000000000
 148 150 -1
obdef
loc3d
        4.90117724149658              0.69117926561099            769.23168945312500     -1
kind
     26     
    50400          153139     
       12.25000000000000  
 OBS            150
       8.13689994791288
       3.20384817938987
       1.00000000000000
 149 151 -1
obdef
loc3d
        4.91058697772938              0.69047364022544            228.45222473144531     -1
kind
     26     
    50400          153139     
       12.25000000000000  
 OBS            151
     288.92211356636631
     291.87854776140500
       1.00000000000000
 150 152 -1
obdef
loc3d
        4.90540352515539              0.69194112440599            606.33142089843750     -1
kind
     27     
    50400          153139     
        6.25000000000000  
 OBS            152
     291.26306980862637
     293.21607227708398
       1.00000000000000
 151 153 -1
obdef
loc3d
        4.94546412681761              0.68348353984884             17.75631332397461     -1
kind
     27     
    50400          153139     
        6.25000000000000  
 OBS            153
     293.51681926774887
     291.83018441432500
       1.00000000000000
 152 154 -1
obdef
loc3d
        4.94660974174000              0.67744857875853             29.35406684875488     -1
kind
     27     
    50400          153139     
        6.25000000000000  
 OBS            154
     289.19819581981943
     291.20393595479300
       1.00000000000000
 153 155 -1
obdef
loc3d
        4.94648126630843              0.68652865419204             54.82812500000000     -1
kind
     27     
    50400          153139     
        6.25000000000000  
 OBS            155
     291.45217442569930
     292.60763205311002
       1.00000000000000
 154 156 -1
obdef
loc3d
        4.94445426011379              0.68507566758975             62.61011505126953     -1
kind
     27     
    50400          153139     
        6.25000000000000  
 OBS            156
     290.92112875162570
     290.80676877054401
       1.00000000000000
 155 157 -1
obdef
loc3d
        4.94602055174578              0.68752162087271            134.15721130371091     -1
kind
     27     
    50400          153139     
        6.25000000000000  
 OBS            157
     291.31164655506251
     292.36694333350601
       1.00000000000000
 156 158 -1
obdef
loc3d
        4.94603912728501              0.67254511985829             35.00297546386719     -1
kind
     27     
    50400          153139     
        6.25000000000000  
 OBS            158
     292.98032917471505
     292.15994260412799
       1.00000000000000
 157 159 -1
obdef
loc3d
        4.95877904994953              0.67986585977255             17.04111671447754     -1
kind
     27     
    50400          153139     
        6.25000000000000  
 OBS            159
     291.19939332602434
     290.93612584446902
       1.00000000000000
 158 160 -1
obdef
loc3d
        4.93958042817759              0.69095160998657            226.13127136230469     -1
kind
     27     
    50400          153139     
        6.25000000000000  
 OBS            160
     289.90982292701591
     291.15152507082502
       1.00000000000000
 159 161 -1
obdef
loc3d
        4.95756313665553              0.69181797222864             89.84997558593750     -1
kind
     27     
    50400          153139     
        6.25000000000000  
 OBS            161
     293.61662200179853
     292.88246688969002
       1.00000000000000
 160 162 -1
obdef
loc3d
        4.94078657111844              0.67409210989409             60.81152343750000     -1
kind
     27     
    50400          153139     
        6.25000000000000  
 OBS            162
     290.04256082821087
     291.43403106989302
       1.00000000000000
 161 163 -1
obdef
loc3d
        4.95557846691255              0.67267262139613              1.00000000000000     -1
kind
     27     
    50400          153139     
        6.25000000000000  
 OBS            163
     292.29577764486595
     292.21615749444902
       1.00000000000000
 162 164 -1
obdef
loc3d
        4.93193348448080              0.68856418981073            106.00000000000000     -1
kind
     27     
    50400          153139     
        6.25000000000000  
 OBS            164
     291.48511956273063
     291.90096087063603
       1.00000000000000
 163 165 -1
obdef
loc3d
        4.89970838141578              0.68765245249877            785.09423828125000     -1
kind
     27     
    50400          153139     
        6.25000000000000  
 OBS            165
     288.85945583272070
     290.38106005460997
       1.00000000000000
 164 166 -1
obdef
loc3d
        4.95026814558372              0.68993059237416             93.11567687988281     -1
kind
     27     
    50400          153139     
        6.25000000000000  
 OBS            166
     291.84038813801652
     291.95397405830101
       1.00000000000000
 165 167 -1
obdef
loc3d
        4.94174512165160              0.68484635226999            116.56585693359381     -1
kind
     27     
    50400          153139     
        6.25000000000000  
 OBS            167
     292.54695438829089
     293.08462810082898
       1.00000000000000
 166 168 -1
obdef
loc3d
        4.95420735021482              0.68473663912788             15.00000000000000     -1
kind
     27     
    50400          153139     
        6.25000000000000  
 OBS            168
     291.45799047799187
     292.76967725974100
       1.00000000000000
 167 169 -1
obdef
loc3d
        4.93477042118681              0.68310638816012            118.89588928222661     -1
kind
     27     
    50400          153139     
        6.25000000000000  
 OBS            169
     293.09901002047974
     292.00619168278502
       1.00000000000000
 168 170 -1
obdef
loc3d
        4.93795631029682              0.68276407673392            144.94107055664060     -1
kind
     27     
    50400          153139     
        6.25000000000000  
 OBS            170
     293.47886953788554
     292.80834165738298
       1.00000000000000
 169 171 -1
obdef
loc3d
        4.94001671685736              0.68064929967652             43.67281723022461     -1
kind
     27     
    50400          153139     
        6.25000000000000  
 OBS            171
     292.05107455658498
     293.43180348533298
       1.00000000000000
 170 172 -1
obdef
loc3d
        4.94058460161740              0.67807181314514             70.17810058593750     -1
kind
     27     
    50400          153139     
        6.25000000000000  
 OBS            172
     293.95711363717476
     292.76147003775702
       1.00000000000000
 171 173 -1
obdef
loc3d
        4.95423295419494              0.68033176843505              3.71636104583740     -1
kind
     27     
    50400          153139     
        6.25000000000000  
 OBS            173
     290.71294534514885
     291.95712001816798
       1.00000000000000
 172 174 -1
obdef
loc3d
        4.94926894458696              0.66642585587446             10.91526031494141     -1
kind
     27     
    50400          153139     
        6.25000000000000  
 OBS            174
     290.38843726222439
     291.87762925545900
       1.00000000000000
 173 175 -1
obdef
loc3d
        4.96223480186848              0.66700036066835              5.00000000000000     -1
kind
     27     
    50400          153139     
        6.25000000000000  
 OBS            175
     290.64364247985463
     291.91352686306402
       1.00000000000000
 174 176 -1
obdef
loc3d
        4.95546148971009              0.67729393735082              6.17724800109863     -1
kind
     27     
    50400          153139     
        6.25000000000000  
 OBS            176
     291.73786723654030
     292.32953175143098
       1.00000000000000
 175 177 -1
obdef
loc3d
        4.92652723985629              0.69051382381431            146.04148864746091     -1
kind
     27     
    50400          153139     
        6.25000000000000  
 OBS            177
     293.79078164505148
     291.64939570823401
       1.00000000000000
 176 178 -1
obdef
loc3d
        4.96366005344362              0.66920346185787              6.00000000000000     -1
kind
     27     
    50400          153139     
        6.25000000000000  
 OBS            178
     290.71892921063591
     290.19485524278900
       1.00000000000000
 177 179 -1
obdef
loc3d
        4.97052949833720              0.66907739847133              8.84140872955322     -1
kind
     27     
    50400          153139     
        6.25000000000000  
 OBS            179
     290.24832186058211
     291.21219991170699
       1.00000000000000
 178 180 -1
obdef
loc3d
        4.95245337490985              0.69269329908122            116.45774841308589     -1
kind
     27     
    50400          153139     
        6.25000000000000  
 OBS            180
     291.34712953085068
     289.91413498894002
       1.00000000000000
 179 181 -1
obdef
loc3d
        4.94885353278042              0.69277717633329            144.09075927734381     -1
kind
     27     
    50400          153139     
        6.25000000000000  
 OBS            181
     292.06932982419181
     290.86912690594301
       1.00000000000000
 180 182 -1
obdef
loc3d
        4.94336975041274              0.69009669144632            168.92642211914060     -1
kind
     27     
    50400          153139     
        6.25000000000000  
 OBS            182
     293.96786885142274
     293.96107938473102
       1.00000000000000
 181 183 -1
obdef
loc3d
        4.93556788041953              0.67027828664670             15.00000000000000     -1
kind
     27     
    50400          153139     
        6.25000000000000  
 OBS            183
     291.99942089468112
     293.08842130221302
       1.00000000000000
 182 184 -1
obdef
loc3d
        4.94033180527593              0.67113295277478             15.00000000000000     -1
kind
     27     
    50400          153139     
        6.25000000000000  
 OBS            184
     293.48708013892269
     292.79846174463199
       1.00000000000000
 183 185 -1
obdef
loc3d
        4.94303858410231              0.67245219021673             45.31371688842773     -1
kind
     27     
    50400          153139     
        6.25000000000000  
 OBS            185
     292.04692607797864
     292.81502278684502
       1.00000000000000
 184 186 -1
obdef
loc3d
        4.94353452184302              0.67563108019985             33.40631103515625     -1
kind
     27     
    50400          153139     
        6.25000000000000  
 OBS            186
     293.26628362021791
     292.99864473961401
       1.00000000000000
 185 187 -1
obdef
loc3d
        4.94374389829480              0.67833415521310             29.86422538757324     -1
kind
     27     
    50400          153139     
        6.25000000000000  
 OBS            187
     291.57113351800126
     291.12323406158600
       1.00000000000000
 186 188 -1
obdef
loc3d
        4.94273365028682              0.68737244152012            176.80966186523440     -1
kind
     27     
    50400          153139     
        6.25000000000000  
 OBS            188
     292.51583561181224
     291.27803924968498
       1.00000000000000
 187 189 -1
obdef
loc3d
        4.92701506510552              0.68724654189208            235.55827331542969     -1
kind
     27     
    50400          153139     
        6.25000000000000  
 OBS            189
     291.85581144534137
     291.88159391559799
       1.00000000000000
 188 190 -1
obdef
loc3d
        4.93770287749180              0.68559892863867            149.84144592285159     -1
kind
     27     
    50400          153139     
        6.25000000000000  
 OBS            190
     292.28963635131100
     292.19744969780402
       1.00000000000000
 189 191 -1
obdef
loc3d
        4.92849072850511              0.69275166570057            196.64169311523440     -1
kind
     27     
    50400          153139     
        6.25000000000000  
 OBS            191
     292.09953229851862
     292.03919263566098
       1.00000000000000
 190 192 -1
obdef
loc3d
        4.94704606827608              0.66890083993760             30.00000000000000     -1
kind
     27     
    50400          153139     
        6.25000000000000  
 OBS            192
     291.56177022645022
     289.56149179811803
       1.00000000000000
 191 193 -1
obdef
loc3d
        4.93215285315783              0.69272179551745            405.54205322265619     -1
kind
     27     
    50400          153139     
        6.25000000000000  
 OBS            193
     294.91406175725461
     292.39447278060999
       1.00000000000000
 192 194 -1
obdef
loc3d
        4.93041137291484              0.68610286792166             95.01055908203125     -1
kind
     27     
    50400          153139     
        6.25000000000000  
 OBS            194
     292.64660825931537
     292.26901318467100
       1.00000000000000
 193 195 -1
obdef
loc3d
        4.94340662813579              0.66912283370227             30.00000000000000     -1
kind
     27     
    50400          153139     
        6.25000000000000  
 OBS            195
     291.40780749202764
     290.55880021617702
       1.00000000000000
 194 196 -1
obdef
loc3d
        4.94246051140049              0.69284522685509            232.15176391601560     -1
kind
     27     
    50400          153139     
        6.25000000000000  
 OBS            196
     291.14242822178471
     291.10089629365700
       1.00000000000000
 195 197 -1
obdef
loc3d
        4.94897278262263              0.68784055253573             58.60614395141602     -1
kind
     27     
    50400          153139     
        6.25000000000000  
 OBS            197
     292.58872806640136
     292.62949092135699
       1.00000000000000
 196 198 -1
obdef
loc3d
        4.94541527617556              0.68071005727643             33.77826690673828     -1
kind
     27     
    50400          153139     
        6.25000000000000  
 OBS            198
     292.95561078615947
     293.27399758881302
       1.00000000000000
 197 199 -1
obdef
loc3d
        4.93748800785195              0.67296050504062             44.45593643188477     -1
kind
     27     
    50400          153139     
        6.25000000000000  
 OBS            199
     290.78472975387939
     292.11898330273198
       1.00000000000000
 198 200 -1
obdef
loc3d
        4.93696530791536              0.69256666762304            156.90283203125000     -1
kind
     27     
    50400          153139     
        6.25000000000000  
 OBS            200
     290.61812844043328
     291.42420383195599
       1.00000000000000
 199 201 -1
obdef
loc3d
        4.92145179475246              0.69276808226809            165.77503967285159     -1
kind
     27     
    50400          153139     
        6.25000000000000  
 OBS            201
     290.76749248181096
     291.24447991436500
       1.00000000000000
 200 202 -1
obdef
loc3d
        4.93950672299123              0.68813471885857            177.40441894531250     -1
kind
     27     
    50400          153139     
        6.25000000000000  
 OBS            202
     292.92734476451551
     292.31217115286398
       1.00000000000000
 201 203 -1
obdef
loc3d
        4.93611382531472              0.68823817566222            173.73840332031250     -1
kind
     27     
    50400          153139     
        6.25000000000000  
 OBS            203
     290.06372881900995
     290.01472564174799
       1.00000000000000
 202 204 -1
obdef
loc3d
        4.94685988234341              0.69028594514941            170.37097167968750     -1
kind
     27     
    50400          153139     
        6.25000000000000  
 OBS            204
     290.77228506172082
     292.53050303409702
       1.00000000000000
 203 205 -1
obdef
loc3d
        4.93440797857224              0.69076858072881            137.08886718750000     -1
kind
     27     
    50400          153139     
        6.25000000000000  
 OBS            205
     293.08465751924393
     292.55961079911799
       1.00000000000000
 204 206 -1
obdef
loc3d
        4.93397023736678              0.68569719666510            120.48287200927730     -1
kind
     27     
    50400          153139     
        6.25000000000000  
 OBS            206
     292.36867937722315
     292.05263194184698
       1.00000000000000
 205 207 -1
obdef
loc3d
        4.96098036034072              0.67790128169477             17.24609375000000     -1
kind
     27     
    50400          153139     
        6.25000000000000  
 OBS            207
     294.71641276260283
     292.62711580489599
       1.00000000000000
 206 208 -1
obdef
loc3d
        4.95746178551042              0.68576241061300             17.20619201660156     -1
kind
     27     
    50400          153139     
        6.25000000000000  
 OBS            208
     288.54232183460488
     290.34755078485603
       1.00000000000000
 207 209 -1
obdef
loc3d
        4.96821528454312              0.66626811336639              8.93466186523438     -1
kind
     27     
    50400          153139     
        6.25000000000000  
 OBS            209
     292.77247504465009
     292.97532760411002
       1.00000000000000
 208 210 -1
obdef
loc3d
        4.95821139545160              0.68356985009176             15.00000000000000     -1
kind
     27     
    50400          153139     
        6.25000000000000  
 OBS            210
     290.12405428465974
     291.80301978361598
       1.00000000000000
 209 211 -1
obdef
loc3d
        4.95929084301108              0.67289450711582              9.91464328765869     -1
kind
     27     
    50400          153139     
        6.25000000000000  
 OBS            211
     292.25079948774413
     291.91684472684199
       1.00000000000000
 210 212 -1
obdef
loc3d
        4.95884231318174              0.67566319569297             12.79061889648438     -1
kind
     27     
    50400          153139     
        6.25000000000000  
 OBS            212
     291.72917348469292
     292.39576807091902
       1.00000000000000
 211 213 -1
obdef
loc3d
        4.96068172506451              0.68176493518182             14.00000000000000     -1
kind
     27     
    50400          153139     
        6.25000000000000  
 OBS            213
     289.18647628037803
     291.99982690127598
       1.00000000000000
 212 214 -1
obdef
loc3d
        4.96044430349621              0.68522255501691             15.00000000000000     -1
kind
     27     
    50400          153139     
        6.25000000000000  
 OBS            214
     292.55375467841463
     293.04712468511798
       1.00000000000000
 213 215 -1
obdef
loc3d
        4.95653505007277              0.68174821287482             15.07347202301025     -1
kind
     27     
    50400          153139     
        6.25000000000000  
 OBS            215
     290.94756106134298
     291.04207124157801
       1.00000000000000
 214 216 -1
obdef
loc3d
        4.96521948188739              0.66389255790081              6.10258388519287     -1
kind
     27     
    50400          153139     
        6.25000000000000  
 OBS            216
     291.61826487948440
     291.13159154084502
       1.00000000000000
 215 217 -1
obdef
loc3d
        4.96720461139216              0.67033432936439             12.91210937500000     -1
kind
     27     
    50400          153139     
        6.25000000000000  
 OBS            217
     290.70037728250139
     291.66253242849098
       1.00000000000000
 216 218 -1
obdef
loc3d
        4.96018888249816              0.68814255256013             15.00000000000000     -1
kind
     27     
    50400          153139     
        6.25000000000000  
 OBS            218
     292.09303590445893
     291.62021199469598
       1.00000000000000
 217 219 -1
obdef
loc3d
        4.95410557213704              0.69029785801799             54.42578125000000     -1
kind
     27     
    50400          153139     
        6.25000000000000  
 OBS            219
     291.78649017617482
     293.04614751881502
       1.00000000000000
 218 220 -1
obdef
loc3d
        4.95508230192316              0.68705689194968              9.08530712127686     -1
kind
     27     
    50400          153139     
        6.25000000000000  
 OBS            220
     289.68448873791539
     291.53235882791199
       1.00000000000000
 219 221 -1
obdef
loc3d
        4.89659470219302              0.68517541625982            824.84875488281250     -1
kind
     27     
    50400          153139     
        6.25000000000000  
 OBS            221
     290.21745874389615
     290.97644828713698
       1.00000000000000
 220 222 -1
obdef
loc3d
        4.89719607397323              0.69286120068011            493.76440429687500     -1
kind
     27     
    50400          153139     
        6.25000000000000  
 OBS            222
     293.25274371964287
     291.57507223956497
       1.00000000000000
 221 223 -1
obdef
loc3d
        4.91562721585699              0.69268557315466            290.85858154296881     -1
kind
     27     
    50400          153139     
        6.25000000000000  
 OBS            223
     289.64295561515434
     290.41763812947300
       1.00000000000000
 222 224 -1
obdef
loc3d
        4.89650463462054              0.68965598658767            806.96582031250000     -1
kind
     27     
    50400          153139     
        6.25000000000000  
 OBS            224
     292.05276169655042
     290.63505972411502
       1.00000000000000
 223 225 -1
obdef
loc3d
        4.90117724149658              0.69117926561099            769.23168945312500     -1
kind
     27     
    50400          153139     
        6.25000000000000  
 OBS            225
     296.03877976018669
     294.35758270221402
       1.00000000000000
 224 -1 -1
obdef
loc3d
        4.91058697772938              0.69047364022544            228.45222473144531     -1
kind
     27     
    50400          153139     
        6.25000000000000  
