 obs_sequence
obs_kind_definitions
       3
    25          LAND_SFC_U_WIND_COMPONENT   
    26          LAND_SFC_V_WIND_COMPONENT   
    27          LAND_SFC_TEMPERATURE   
  num_copies:            2  num_qc:            1
 num_obs:       225  max_num_obs:       225
observations
truth
QC radar
  first:            1  last:       225
 OBS            1
       8.38612961424381
       9.52040019385716
       1.00000000000000
 -1 2 -1
obdef
loc3d
        4.90540352515539              0.69194112440599            606.33142089843750     -1
kind
     25     
    81000          153139     
       12.25000000000000  
 OBS            2
       2.57832752263286
       4.75260642548874
       1.00000000000000
 1 3 -1
obdef
loc3d
        4.94546412681761              0.68348353984884             17.75631332397461     -1
kind
     25     
    81000          153139     
       12.25000000000000  
 OBS            3
       7.29021661182209
       7.49774335405843
       1.00000000000000
 2 4 -1
obdef
loc3d
        4.94660974174000              0.67744857875853             29.35406684875488     -1
kind
     25     
    81000          153139     
       12.25000000000000  
 OBS            4
       9.62706972494462
       6.86743490861210
       1.00000000000000
 3 5 -1
obdef
loc3d
        4.94648126630843              0.68652865419204             54.82812500000000     -1
kind
     25     
    81000          153139     
       12.25000000000000  
 OBS            5
       7.17436321438571
       6.99764697101886
       1.00000000000000
 4 6 -1
obdef
loc3d
        4.94445426011379              0.68507566758975             62.61011505126953     -1
kind
     25     
    81000          153139     
       12.25000000000000  
 OBS            6
       9.21164094749536
       7.69026489824535
       1.00000000000000
 5 7 -1
obdef
loc3d
        4.94602055174578              0.68752162087271            134.15721130371091     -1
kind
     25     
    81000          153139     
       12.25000000000000  
 OBS            7
       3.90366330914278
       6.42665165039475
       1.00000000000000
 6 8 -1
obdef
loc3d
        4.94603912728501              0.67254511985829             35.00297546386719     -1
kind
     25     
    81000          153139     
       12.25000000000000  
 OBS            8
      13.26737891217994
       7.46505385549260
       1.00000000000000
 7 9 -1
obdef
loc3d
        4.95877904994953              0.67986585977255             17.04111671447754     -1
kind
     25     
    81000          153139     
       12.25000000000000  
 OBS            9
       9.38286545694501
      10.85048269296380
       1.00000000000000
 8 10 -1
obdef
loc3d
        4.93958042817759              0.69095160998657            226.13127136230469     -1
kind
     25     
    81000          153139     
       12.25000000000000  
 OBS            10
       0.97276705675441
       6.75821271723000
       1.00000000000000
 9 11 -1
obdef
loc3d
        4.95756313665553              0.69181797222864             89.84997558593750     -1
kind
     25     
    81000          153139     
       12.25000000000000  
 OBS            11
       6.26763556593272
       5.41282141082331
       1.00000000000000
 10 12 -1
obdef
loc3d
        4.94078657111844              0.67409210989409             60.81152343750000     -1
kind
     25     
    81000          153139     
       12.25000000000000  
 OBS            12
       2.63982610951779
       5.45947242823369
       1.00000000000000
 11 13 -1
obdef
loc3d
        4.95557846691255              0.67267262139613              1.00000000000000     -1
kind
     25     
    81000          153139     
       12.25000000000000  
 OBS            13
      17.51312219321252
      11.15147991132970
       1.00000000000000
 12 14 -1
obdef
loc3d
        4.93193348448080              0.68856418981073            106.00000000000000     -1
kind
     25     
    81000          153139     
       12.25000000000000  
 OBS            14
      10.41369607748184
      12.55533257125410
       1.00000000000000
 13 15 -1
obdef
loc3d
        4.89970838141578              0.68765245249877            785.09423828125000     -1
kind
     25     
    81000          153139     
       12.25000000000000  
 OBS            15
       4.90462170231400
       5.29394678854605
       1.00000000000000
 14 16 -1
obdef
loc3d
        4.95026814558372              0.68993059237416             93.11567687988281     -1
kind
     25     
    81000          153139     
       12.25000000000000  
 OBS            16
      12.12617827970365
       7.50982036583745
       1.00000000000000
 15 17 -1
obdef
loc3d
        4.94174512165160              0.68484635226999            116.56585693359381     -1
kind
     25     
    81000          153139     
       12.25000000000000  
 OBS            17
       7.72734437012947
       8.19427624751175
       1.00000000000000
 16 18 -1
obdef
loc3d
        4.95420735021482              0.68473663912788             15.00000000000000     -1
kind
     25     
    81000          153139     
       12.25000000000000  
 OBS            18
       7.97017356983711
       7.90881514955389
       1.00000000000000
 17 19 -1
obdef
loc3d
        4.93477042118681              0.68310638816012            118.89588928222661     -1
kind
     25     
    81000          153139     
       12.25000000000000  
 OBS            19
       9.64103041270348
       8.02633502693397
       1.00000000000000
 18 20 -1
obdef
loc3d
        4.93795631029682              0.68276407673392            144.94107055664060     -1
kind
     25     
    81000          153139     
       12.25000000000000  
 OBS            20
       6.62997617442917
       4.33673590750825
       1.00000000000000
 19 21 -1
obdef
loc3d
        4.94001671685736              0.68064929967652             43.67281723022461     -1
kind
     25     
    81000          153139     
       12.25000000000000  
 OBS            21
       5.40729335274063
       6.13179151413027
       1.00000000000000
 20 22 -1
obdef
loc3d
        4.94058460161740              0.67807181314514             70.17810058593750     -1
kind
     25     
    81000          153139     
       12.25000000000000  
 OBS            22
       6.69750963374961
       7.81826220662265
       1.00000000000000
 21 23 -1
obdef
loc3d
        4.95423295419494              0.68033176843505              3.71636104583740     -1
kind
     25     
    81000          153139     
       12.25000000000000  
 OBS            23
       7.12204970644441
       6.94535474478640
       1.00000000000000
 22 24 -1
obdef
loc3d
        4.94926894458696              0.66642585587446             10.91526031494141     -1
kind
     25     
    81000          153139     
       12.25000000000000  
 OBS            24
       3.48945094963768
       6.71730096113164
       1.00000000000000
 23 25 -1
obdef
loc3d
        4.96223480186848              0.66700036066835              5.00000000000000     -1
kind
     25     
    81000          153139     
       12.25000000000000  
 OBS            25
       7.48686263926153
       6.91239616576156
       1.00000000000000
 24 26 -1
obdef
loc3d
        4.95546148971009              0.67729393735082              6.17724800109863     -1
kind
     25     
    81000          153139     
       12.25000000000000  
 OBS            26
      12.76123082412849
       9.23803132219242
       1.00000000000000
 25 27 -1
obdef
loc3d
        4.92652723985629              0.69051382381431            146.04148864746091     -1
kind
     25     
    81000          153139     
       12.25000000000000  
 OBS            27
       6.99511152085788
       6.76762951781435
       1.00000000000000
 26 28 -1
obdef
loc3d
        4.96366005344362              0.66920346185787              6.00000000000000     -1
kind
     25     
    81000          153139     
       12.25000000000000  
 OBS            28
       2.20259880784604
       6.41537434286573
       1.00000000000000
 27 29 -1
obdef
loc3d
        4.97052949833720              0.66907739847133              8.84140872955322     -1
kind
     25     
    81000          153139     
       12.25000000000000  
 OBS            29
       6.23153138908609
       6.37831258813263
       1.00000000000000
 28 30 -1
obdef
loc3d
        4.95245337490985              0.69269329908122            116.45774841308589     -1
kind
     25     
    81000          153139     
       12.25000000000000  
 OBS            30
       5.32618017303365
       6.80308819903820
       1.00000000000000
 29 31 -1
obdef
loc3d
        4.94885353278042              0.69277717633329            144.09075927734381     -1
kind
     25     
    81000          153139     
       12.25000000000000  
 OBS            31
       8.66184343852804
       8.90084844454763
       1.00000000000000
 30 32 -1
obdef
loc3d
        4.94336975041274              0.69009669144632            168.92642211914060     -1
kind
     25     
    81000          153139     
       12.25000000000000  
 OBS            32
       5.44189642967644
       3.04686882655347
       1.00000000000000
 31 33 -1
obdef
loc3d
        4.93556788041953              0.67027828664670             15.00000000000000     -1
kind
     25     
    81000          153139     
       12.25000000000000  
 OBS            33
       7.65893931638249
       6.83923902131159
       1.00000000000000
 32 34 -1
obdef
loc3d
        4.94033180527593              0.67113295277478             15.00000000000000     -1
kind
     25     
    81000          153139     
       12.25000000000000  
 OBS            34
       8.81898218310963
       6.67709208616647
       1.00000000000000
 33 35 -1
obdef
loc3d
        4.94303858410231              0.67245219021673             45.31371688842773     -1
kind
     25     
    81000          153139     
       12.25000000000000  
 OBS            35
       3.48410824660755
       5.28860701804887
       1.00000000000000
 34 36 -1
obdef
loc3d
        4.94353452184302              0.67563108019985             33.40631103515625     -1
kind
     25     
    81000          153139     
       12.25000000000000  
 OBS            36
       7.72999683674938
       5.28933121240395
       1.00000000000000
 35 37 -1
obdef
loc3d
        4.94374389829480              0.67833415521310             29.86422538757324     -1
kind
     25     
    81000          153139     
       12.25000000000000  
 OBS            37
      12.91048662138908
      10.08217717778640
       1.00000000000000
 36 38 -1
obdef
loc3d
        4.94273365028682              0.68737244152012            176.80966186523440     -1
kind
     25     
    81000          153139     
       12.25000000000000  
 OBS            38
      14.39012236146761
      11.09869825391740
       1.00000000000000
 37 39 -1
obdef
loc3d
        4.92701506510552              0.68724654189208            235.55827331542969     -1
kind
     25     
    81000          153139     
       12.25000000000000  
 OBS            39
       6.74652632842827
       9.10720970633601
       1.00000000000000
 38 40 -1
obdef
loc3d
        4.93770287749180              0.68559892863867            149.84144592285159     -1
kind
     25     
    81000          153139     
       12.25000000000000  
 OBS            40
       7.54157529147399
       9.05484065216020
       1.00000000000000
 39 41 -1
obdef
loc3d
        4.92849072850511              0.69275166570057            196.64169311523440     -1
kind
     25     
    81000          153139     
       12.25000000000000  
 OBS            41
       5.81708773962394
       8.20646108430787
       1.00000000000000
 40 42 -1
obdef
loc3d
        4.94704606827608              0.66890083993760             30.00000000000000     -1
kind
     25     
    81000          153139     
       12.25000000000000  
 OBS            42
       3.75338236663098
       8.71398000055349
       1.00000000000000
 41 43 -1
obdef
loc3d
        4.93215285315783              0.69272179551745            405.54205322265619     -1
kind
     25     
    81000          153139     
       12.25000000000000  
 OBS            43
       7.39895528803771
      10.19701839212120
       1.00000000000000
 42 44 -1
obdef
loc3d
        4.93041137291484              0.68610286792166             95.01055908203125     -1
kind
     25     
    81000          153139     
       12.25000000000000  
 OBS            44
       6.31273345603862
       8.80542425233991
       1.00000000000000
 43 45 -1
obdef
loc3d
        4.94340662813579              0.66912283370227             30.00000000000000     -1
kind
     25     
    81000          153139     
       12.25000000000000  
 OBS            45
       8.20820240465171
       9.75631382576468
       1.00000000000000
 44 46 -1
obdef
loc3d
        4.94246051140049              0.69284522685509            232.15176391601560     -1
kind
     25     
    81000          153139     
       12.25000000000000  
 OBS            46
       4.97472089314687
       9.09761555187878
       1.00000000000000
 45 47 -1
obdef
loc3d
        4.94897278262263              0.68784055253573             58.60614395141602     -1
kind
     25     
    81000          153139     
       12.25000000000000  
 OBS            47
       5.22676162691642
       4.66495207937869
       1.00000000000000
 46 48 -1
obdef
loc3d
        4.94541527617556              0.68071005727643             33.77826690673828     -1
kind
     25     
    81000          153139     
       12.25000000000000  
 OBS            48
       8.25699274238195
       5.03811208406648
       1.00000000000000
 47 49 -1
obdef
loc3d
        4.93748800785195              0.67296050504062             44.45593643188477     -1
kind
     25     
    81000          153139     
       12.25000000000000  
 OBS            49
       8.67578443432901
      10.69323064328410
       1.00000000000000
 48 50 -1
obdef
loc3d
        4.93696530791536              0.69256666762304            156.90283203125000     -1
kind
     25     
    81000          153139     
       12.25000000000000  
 OBS            50
       3.15587441035041
       5.10164446819351
       1.00000000000000
 49 51 -1
obdef
loc3d
        4.92145179475246              0.69276808226809            165.77503967285159     -1
kind
     25     
    81000          153139     
       12.25000000000000  
 OBS            51
       6.25494666289906
       8.46197095152674
       1.00000000000000
 50 52 -1
obdef
loc3d
        4.93950672299123              0.68813471885857            177.40441894531250     -1
kind
     25     
    81000          153139     
       12.25000000000000  
 OBS            52
       9.65966605614054
      11.61137119350630
       1.00000000000000
 51 53 -1
obdef
loc3d
        4.93611382531472              0.68823817566222            173.73840332031250     -1
kind
     25     
    81000          153139     
       12.25000000000000  
 OBS            53
      10.89907920745109
       7.68319657103489
       1.00000000000000
 52 54 -1
obdef
loc3d
        4.94685988234341              0.69028594514941            170.37097167968750     -1
kind
     25     
    81000          153139     
       12.25000000000000  
 OBS            54
       8.72368007076819
       9.60727505321535
       1.00000000000000
 53 55 -1
obdef
loc3d
        4.93440797857224              0.69076858072881            137.08886718750000     -1
kind
     25     
    81000          153139     
       12.25000000000000  
 OBS            55
       6.87808424502410
       9.54438198137718
       1.00000000000000
 54 56 -1
obdef
loc3d
        4.93397023736678              0.68569719666510            120.48287200927730     -1
kind
     25     
    81000          153139     
       12.25000000000000  
 OBS            56
       9.79241817660111
       7.31652779122818
       1.00000000000000
 55 57 -1
obdef
loc3d
        4.96098036034072              0.67790128169477             17.24609375000000     -1
kind
     25     
    81000          153139     
       12.25000000000000  
 OBS            57
       7.35114827763269
       9.36065562859835
       1.00000000000000
 56 58 -1
obdef
loc3d
        4.95746178551042              0.68576241061300             17.20619201660156     -1
kind
     25     
    81000          153139     
       12.25000000000000  
 OBS            58
       5.73416118283887
       5.67588992541178
       1.00000000000000
 57 59 -1
obdef
loc3d
        4.96821528454312              0.66626811336639              8.93466186523438     -1
kind
     25     
    81000          153139     
       12.25000000000000  
 OBS            59
       2.53093831586747
       6.97898911999186
       1.00000000000000
 58 60 -1
obdef
loc3d
        4.95821139545160              0.68356985009176             15.00000000000000     -1
kind
     25     
    81000          153139     
       12.25000000000000  
 OBS            60
      10.26881992115734
       6.02247471034540
       1.00000000000000
 59 61 -1
obdef
loc3d
        4.95929084301108              0.67289450711582              9.91464328765869     -1
kind
     25     
    81000          153139     
       12.25000000000000  
 OBS            61
       3.90958626952325
       5.09438728469381
       1.00000000000000
 60 62 -1
obdef
loc3d
        4.95884231318174              0.67566319569297             12.79061889648438     -1
kind
     25     
    81000          153139     
       12.25000000000000  
 OBS            62
       2.86519840914282
       6.56902507822044
       1.00000000000000
 61 63 -1
obdef
loc3d
        4.96068172506451              0.68176493518182             14.00000000000000     -1
kind
     25     
    81000          153139     
       12.25000000000000  
 OBS            63
      14.17434001022458
       9.18205690589087
       1.00000000000000
 62 64 -1
obdef
loc3d
        4.96044430349621              0.68522255501691             15.00000000000000     -1
kind
     25     
    81000          153139     
       12.25000000000000  
 OBS            64
       5.88854811981061
       6.12626004638316
       1.00000000000000
 63 65 -1
obdef
loc3d
        4.95653505007277              0.68174821287482             15.07347202301025     -1
kind
     25     
    81000          153139     
       12.25000000000000  
 OBS            65
      12.95466780576239
       7.09819592712494
       1.00000000000000
 64 66 -1
obdef
loc3d
        4.96521948188739              0.66389255790081              6.10258388519287     -1
kind
     25     
    81000          153139     
       12.25000000000000  
 OBS            66
       5.82756796003968
       6.80854157674887
       1.00000000000000
 65 67 -1
obdef
loc3d
        4.96720461139216              0.67033432936439             12.91210937500000     -1
kind
     25     
    81000          153139     
       12.25000000000000  
 OBS            67
       7.90371081106671
       7.52461869896618
       1.00000000000000
 66 68 -1
obdef
loc3d
        4.96018888249816              0.68814255256013             15.00000000000000     -1
kind
     25     
    81000          153139     
       12.25000000000000  
 OBS            68
       9.44736517408781
       7.67081744834850
       1.00000000000000
 67 69 -1
obdef
loc3d
        4.95410557213704              0.69029785801799             54.42578125000000     -1
kind
     25     
    81000          153139     
       12.25000000000000  
 OBS            69
       6.66612529740634
       8.19196566545784
       1.00000000000000
 68 70 -1
obdef
loc3d
        4.95508230192316              0.68705689194968              9.08530712127686     -1
kind
     25     
    81000          153139     
       12.25000000000000  
 OBS            70
      13.29964180798063
      10.41076320367790
       1.00000000000000
 69 71 -1
obdef
loc3d
        4.89659470219302              0.68517541625982            824.84875488281250     -1
kind
     25     
    81000          153139     
       12.25000000000000  
 OBS            71
       9.58715307447147
       8.54169581230011
       1.00000000000000
 70 72 -1
obdef
loc3d
        4.89719607397323              0.69286120068011            493.76440429687500     -1
kind
     25     
    81000          153139     
       12.25000000000000  
 OBS            72
       9.26414116111500
       6.36164129281511
       1.00000000000000
 71 73 -1
obdef
loc3d
        4.91562721585699              0.69268557315466            290.85858154296881     -1
kind
     25     
    81000          153139     
       12.25000000000000  
 OBS            73
      15.00417859817545
      10.32706975448280
       1.00000000000000
 72 74 -1
obdef
loc3d
        4.89650463462054              0.68965598658767            806.96582031250000     -1
kind
     25     
    81000          153139     
       12.25000000000000  
 OBS            74
      13.47180504873162
      12.77755132608800
       1.00000000000000
 73 75 -1
obdef
loc3d
        4.90117724149658              0.69117926561099            769.23168945312500     -1
kind
     25     
    81000          153139     
       12.25000000000000  
 OBS            75
       0.89690839711936
       5.29445275747685
       1.00000000000000
 74 76 -1
obdef
loc3d
        4.91058697772938              0.69047364022544            228.45222473144531     -1
kind
     25     
    81000          153139     
       12.25000000000000  
 OBS            76
       1.56779356937939
      -0.56591392013307
       1.00000000000000
 75 77 -1
obdef
loc3d
        4.90540352515539              0.69194112440599            606.33142089843750     -1
kind
     26     
    81000          153139     
       12.25000000000000  
 OBS            77
      -4.36863507730011
      -0.67487620106992
       1.00000000000000
 76 78 -1
obdef
loc3d
        4.94546412681761              0.68348353984884             17.75631332397461     -1
kind
     26     
    81000          153139     
       12.25000000000000  
 OBS            78
      -2.99780318740364
      -0.01350943405759
       1.00000000000000
 77 79 -1
obdef
loc3d
        4.94660974174000              0.67744857875853             29.35406684875488     -1
kind
     26     
    81000          153139     
       12.25000000000000  
 OBS            79
      -3.44138477975607
      -0.97543226812184
       1.00000000000000
 78 80 -1
obdef
loc3d
        4.94648126630843              0.68652865419204             54.82812500000000     -1
kind
     26     
    81000          153139     
       12.25000000000000  
 OBS            80
       1.56580569068513
      -1.18425518426597
       1.00000000000000
 79 81 -1
obdef
loc3d
        4.94445426011379              0.68507566758975             62.61011505126953     -1
kind
     26     
    81000          153139     
       12.25000000000000  
 OBS            81
       4.11986205541889
      -1.15145501796448
       1.00000000000000
 80 82 -1
obdef
loc3d
        4.94602055174578              0.68752162087271            134.15721130371091     -1
kind
     26     
    81000          153139     
       12.25000000000000  
 OBS            82
       4.93566512278915
       1.48100743250328
       1.00000000000000
 81 83 -1
obdef
loc3d
        4.94603912728501              0.67254511985829             35.00297546386719     -1
kind
     26     
    81000          153139     
       12.25000000000000  
 OBS            83
      -0.16278336074902
      -0.90908146499573
       1.00000000000000
 82 84 -1
obdef
loc3d
        4.95877904994953              0.67986585977255             17.04111671447754     -1
kind
     26     
    81000          153139     
       12.25000000000000  
 OBS            84
      -0.89897105816189
       0.75844706351629
       1.00000000000000
 83 85 -1
obdef
loc3d
        4.93958042817759              0.69095160998657            226.13127136230469     -1
kind
     26     
    81000          153139     
       12.25000000000000  
 OBS            85
       2.00104730215405
       2.20362221138860
       1.00000000000000
 84 86 -1
obdef
loc3d
        4.95756313665553              0.69181797222864             89.84997558593750     -1
kind
     26     
    81000          153139     
       12.25000000000000  
 OBS            86
      -2.09375439586687
       0.08788962564082
       1.00000000000000
 85 87 -1
obdef
loc3d
        4.94078657111844              0.67409210989409             60.81152343750000     -1
kind
     26     
    81000          153139     
       12.25000000000000  
 OBS            87
       3.85719373418503
      -0.59510304470690
       1.00000000000000
 86 88 -1
obdef
loc3d
        4.95557846691255              0.67267262139613              1.00000000000000     -1
kind
     26     
    81000          153139     
       12.25000000000000  
 OBS            88
      -1.12046251774224
       0.03111775601743
       1.00000000000000
 87 89 -1
obdef
loc3d
        4.93193348448080              0.68856418981073            106.00000000000000     -1
kind
     26     
    81000          153139     
       12.25000000000000  
 OBS            89
      -1.76729783124623
      -1.84795787121085
       1.00000000000000
 88 90 -1
obdef
loc3d
        4.89970838141578              0.68765245249877            785.09423828125000     -1
kind
     26     
    81000          153139     
       12.25000000000000  
 OBS            90
       2.55220425617451
       1.35711333850667
       1.00000000000000
 89 91 -1
obdef
loc3d
        4.95026814558372              0.68993059237416             93.11567687988281     -1
kind
     26     
    81000          153139     
       12.25000000000000  
 OBS            91
       1.82311148435357
      -1.69705968550504
       1.00000000000000
 90 92 -1
obdef
loc3d
        4.94174512165160              0.68484635226999            116.56585693359381     -1
kind
     26     
    81000          153139     
       12.25000000000000  
 OBS            92
      -3.11108485842844
      -1.33155757427084
       1.00000000000000
 91 93 -1
obdef
loc3d
        4.95420735021482              0.68473663912788             15.00000000000000     -1
kind
     26     
    81000          153139     
       12.25000000000000  
 OBS            93
      -0.68250997409374
      -1.37875211137685
       1.00000000000000
 92 94 -1
obdef
loc3d
        4.93477042118681              0.68310638816012            118.89588928222661     -1
kind
     26     
    81000          153139     
       12.25000000000000  
 OBS            94
      -0.74488044329646
      -0.14998127436522
       1.00000000000000
 93 95 -1
obdef
loc3d
        4.93795631029682              0.68276407673392            144.94107055664060     -1
kind
     26     
    81000          153139     
       12.25000000000000  
 OBS            95
       3.10261371793244
       0.34963674626366
       1.00000000000000
 94 96 -1
obdef
loc3d
        4.94001671685736              0.68064929967652             43.67281723022461     -1
kind
     26     
    81000          153139     
       12.25000000000000  
 OBS            96
      -1.40528117178570
      -0.69166229418776
       1.00000000000000
 95 97 -1
obdef
loc3d
        4.94058460161740              0.67807181314514             70.17810058593750     -1
kind
     26     
    81000          153139     
       12.25000000000000  
 OBS            97
      -3.65964523811950
       0.34947613435870
       1.00000000000000
 96 98 -1
obdef
loc3d
        4.95423295419494              0.68033176843505              3.71636104583740     -1
kind
     26     
    81000          153139     
       12.25000000000000  
 OBS            98
      -0.33823741774865
       0.15586813894739
       1.00000000000000
 97 99 -1
obdef
loc3d
        4.94926894458696              0.66642585587446             10.91526031494141     -1
kind
     26     
    81000          153139     
       12.25000000000000  
 OBS            99
       2.81074776370019
      -0.29309840841497
       1.00000000000000
 98 100 -1
obdef
loc3d
        4.96223480186848              0.66700036066835              5.00000000000000     -1
kind
     26     
    81000          153139     
       12.25000000000000  
 OBS            100
       1.44668462875300
      -1.07791999395263
       1.00000000000000
 99 101 -1
obdef
loc3d
        4.95546148971009              0.67729393735082              6.17724800109863     -1
kind
     26     
    81000          153139     
       12.25000000000000  
 OBS            101
       1.44496953134741
      -0.51723345313184
       1.00000000000000
 100 102 -1
obdef
loc3d
        4.92652723985629              0.69051382381431            146.04148864746091     -1
kind
     26     
    81000          153139     
       12.25000000000000  
 OBS            102
       0.86087000254684
       0.51568223289821
       1.00000000000000
 101 103 -1
obdef
loc3d
        4.96366005344362              0.66920346185787              6.00000000000000     -1
kind
     26     
    81000          153139     
       12.25000000000000  
 OBS            103
       0.60214398589723
       2.11603808025853
       1.00000000000000
 102 104 -1
obdef
loc3d
        4.97052949833720              0.66907739847133              8.84140872955322     -1
kind
     26     
    81000          153139     
       12.25000000000000  
 OBS            104
       0.82957527696508
       1.55278535769898
       1.00000000000000
 103 105 -1
obdef
loc3d
        4.95245337490985              0.69269329908122            116.45774841308589     -1
kind
     26     
    81000          153139     
       12.25000000000000  
 OBS            105
       0.63345266635788
       1.28047226984651
       1.00000000000000
 104 106 -1
obdef
loc3d
        4.94885353278042              0.69277717633329            144.09075927734381     -1
kind
     26     
    81000          153139     
       12.25000000000000  
 OBS            106
       0.66796555385709
       0.43195053393105
       1.00000000000000
 105 107 -1
obdef
loc3d
        4.94336975041274              0.69009669144632            168.92642211914060     -1
kind
     26     
    81000          153139     
       12.25000000000000  
 OBS            107
       2.14156941735500
       0.80884317125328
       1.00000000000000
 106 108 -1
obdef
loc3d
        4.93556788041953              0.67027828664670             15.00000000000000     -1
kind
     26     
    81000          153139     
       12.25000000000000  
 OBS            108
       1.63752778216715
       1.90933264173560
       1.00000000000000
 107 109 -1
obdef
loc3d
        4.94033180527593              0.67113295277478             15.00000000000000     -1
kind
     26     
    81000          153139     
       12.25000000000000  
 OBS            109
       1.95776113695073
       1.55288283169675
       1.00000000000000
 108 110 -1
obdef
loc3d
        4.94303858410231              0.67245219021673             45.31371688842773     -1
kind
     26     
    81000          153139     
       12.25000000000000  
 OBS            110
      -4.78057251971475
      -1.18703167094230
       1.00000000000000
 109 111 -1
obdef
loc3d
        4.94353452184302              0.67563108019985             33.40631103515625     -1
kind
     26     
    81000          153139     
       12.25000000000000  
 OBS            111
       0.27692764404847
      -0.12309036400355
       1.00000000000000
 110 112 -1
obdef
loc3d
        4.94374389829480              0.67833415521310             29.86422538757324     -1
kind
     26     
    81000          153139     
       12.25000000000000  
 OBS            112
      -6.91803423045578
      -1.18118417714307
       1.00000000000000
 111 113 -1
obdef
loc3d
        4.94273365028682              0.68737244152012            176.80966186523440     -1
kind
     26     
    81000          153139     
       12.25000000000000  
 OBS            113
      -3.30381274295187
      -1.90490219740325
       1.00000000000000
 112 114 -1
obdef
loc3d
        4.92701506510552              0.68724654189208            235.55827331542969     -1
kind
     26     
    81000          153139     
       12.25000000000000  
 OBS            114
       2.72213197644289
      -2.16489678932638
       1.00000000000000
 113 115 -1
obdef
loc3d
        4.93770287749180              0.68559892863867            149.84144592285159     -1
kind
     26     
    81000          153139     
       12.25000000000000  
 OBS            115
      -2.97228923059500
      -2.43775541880697
       1.00000000000000
 114 116 -1
obdef
loc3d
        4.92849072850511              0.69275166570057            196.64169311523440     -1
kind
     26     
    81000          153139     
       12.25000000000000  
 OBS            116
      -3.53287364087130
       0.50534008060259
       1.00000000000000
 115 117 -1
obdef
loc3d
        4.94704606827608              0.66890083993760             30.00000000000000     -1
kind
     26     
    81000          153139     
       12.25000000000000  
 OBS            117
      -0.99718462120555
      -1.74991233959398
       1.00000000000000
 116 118 -1
obdef
loc3d
        4.93215285315783              0.69272179551745            405.54205322265619     -1
kind
     26     
    81000          153139     
       12.25000000000000  
 OBS            118
      -5.88456615214868
      -1.65689043193736
       1.00000000000000
 117 119 -1
obdef
loc3d
        4.93041137291484              0.68610286792166             95.01055908203125     -1
kind
     26     
    81000          153139     
       12.25000000000000  
 OBS            119
       4.69968105670865
       1.14450726487931
       1.00000000000000
 118 120 -1
obdef
loc3d
        4.94340662813579              0.66912283370227             30.00000000000000     -1
kind
     26     
    81000          153139     
       12.25000000000000  
 OBS            120
       0.63345811911599
       0.32353220135270
       1.00000000000000
 119 121 -1
obdef
loc3d
        4.94246051140049              0.69284522685509            232.15176391601560     -1
kind
     26     
    81000          153139     
       12.25000000000000  
 OBS            121
       2.00788221039656
       0.56228991963092
       1.00000000000000
 120 122 -1
obdef
loc3d
        4.94897278262263              0.68784055253573             58.60614395141602     -1
kind
     26     
    81000          153139     
       12.25000000000000  
 OBS            122
       0.04864004167575
       1.07503030721381
       1.00000000000000
 121 123 -1
obdef
loc3d
        4.94541527617556              0.68071005727643             33.77826690673828     -1
kind
     26     
    81000          153139     
       12.25000000000000  
 OBS            123
      -5.86449041420684
       0.49188125721706
       1.00000000000000
 122 124 -1
obdef
loc3d
        4.93748800785195              0.67296050504062             44.45593643188477     -1
kind
     26     
    81000          153139     
       12.25000000000000  
 OBS            124
       3.40038983261928
       0.04190287531934
       1.00000000000000
 123 125 -1
obdef
loc3d
        4.93696530791536              0.69256666762304            156.90283203125000     -1
kind
     26     
    81000          153139     
       12.25000000000000  
 OBS            125
      -3.59712122458562
      -0.41065389162783
       1.00000000000000
 124 126 -1
obdef
loc3d
        4.92145179475246              0.69276808226809            165.77503967285159     -1
kind
     26     
    81000          153139     
       12.25000000000000  
 OBS            126
       0.08526695781075
      -0.11525440889870
       1.00000000000000
 125 127 -1
obdef
loc3d
        4.93950672299123              0.68813471885857            177.40441894531250     -1
kind
     26     
    81000          153139     
       12.25000000000000  
 OBS            127
       0.35032980154708
       0.18185690441473
       1.00000000000000
 126 128 -1
obdef
loc3d
        4.93611382531472              0.68823817566222            173.73840332031250     -1
kind
     26     
    81000          153139     
       12.25000000000000  
 OBS            128
       1.67605786602460
       0.99892732555362
       1.00000000000000
 127 129 -1
obdef
loc3d
        4.94685988234341              0.69028594514941            170.37097167968750     -1
kind
     26     
    81000          153139     
       12.25000000000000  
 OBS            129
       6.57669134952188
       0.43023243943356
       1.00000000000000
 128 130 -1
obdef
loc3d
        4.93440797857224              0.69076858072881            137.08886718750000     -1
kind
     26     
    81000          153139     
       12.25000000000000  
 OBS            130
      -5.93695638815194
      -1.95304440025887
       1.00000000000000
 129 131 -1
obdef
loc3d
        4.93397023736678              0.68569719666510            120.48287200927730     -1
kind
     26     
    81000          153139     
       12.25000000000000  
 OBS            131
      -4.46959353509828
      -1.32234099264447
       1.00000000000000
 130 132 -1
obdef
loc3d
        4.96098036034072              0.67790128169477             17.24609375000000     -1
kind
     26     
    81000          153139     
       12.25000000000000  
 OBS            132
      -2.21925549811735
      -0.61822856300856
       1.00000000000000
 131 133 -1
obdef
loc3d
        4.95746178551042              0.68576241061300             17.20619201660156     -1
kind
     26     
    81000          153139     
       12.25000000000000  
 OBS            133
       4.66097061426009
       1.47906145473722
       1.00000000000000
 132 134 -1
obdef
loc3d
        4.96821528454312              0.66626811336639              8.93466186523438     -1
kind
     26     
    81000          153139     
       12.25000000000000  
 OBS            134
       3.99073916766920
      -1.14274028177485
       1.00000000000000
 133 135 -1
obdef
loc3d
        4.95821139545160              0.68356985009176             15.00000000000000     -1
kind
     26     
    81000          153139     
       12.25000000000000  
 OBS            135
       2.15366401206687
       0.18804631129107
       1.00000000000000
 134 136 -1
obdef
loc3d
        4.95929084301108              0.67289450711582              9.91464328765869     -1
kind
     26     
    81000          153139     
       12.25000000000000  
 OBS            136
       2.49870455300715
      -0.88718307184166
       1.00000000000000
 135 137 -1
obdef
loc3d
        4.95884231318174              0.67566319569297             12.79061889648438     -1
kind
     26     
    81000          153139     
       12.25000000000000  
 OBS            137
       2.27596701210461
      -1.38521709915488
       1.00000000000000
 136 138 -1
obdef
loc3d
        4.96068172506451              0.68176493518182             14.00000000000000     -1
kind
     26     
    81000          153139     
       12.25000000000000  
 OBS            138
      -5.95213435571062
      -0.94161930140310
       1.00000000000000
 137 139 -1
obdef
loc3d
        4.96044430349621              0.68522255501691             15.00000000000000     -1
kind
     26     
    81000          153139     
       12.25000000000000  
 OBS            139
      -3.31873282225007
      -1.21048356020756
       1.00000000000000
 138 140 -1
obdef
loc3d
        4.95653505007277              0.68174821287482             15.07347202301025     -1
kind
     26     
    81000          153139     
       12.25000000000000  
 OBS            140
      -1.78128314005075
       2.06573610261851
       1.00000000000000
 139 141 -1
obdef
loc3d
        4.96521948188739              0.66389255790081              6.10258388519287     -1
kind
     26     
    81000          153139     
       12.25000000000000  
 OBS            141
       4.47571837057998
       1.32569615294579
       1.00000000000000
 140 142 -1
obdef
loc3d
        4.96720461139216              0.67033432936439             12.91210937500000     -1
kind
     26     
    81000          153139     
       12.25000000000000  
 OBS            142
       4.49539414053813
       1.87247172479783
       1.00000000000000
 141 143 -1
obdef
loc3d
        4.96018888249816              0.68814255256013             15.00000000000000     -1
kind
     26     
    81000          153139     
       12.25000000000000  
 OBS            143
       6.31844576641208
       0.90059987752832
       1.00000000000000
 142 144 -1
obdef
loc3d
        4.95410557213704              0.69029785801799             54.42578125000000     -1
kind
     26     
    81000          153139     
       12.25000000000000  
 OBS            144
       3.02720869143802
       0.65946557113207
       1.00000000000000
 143 145 -1
obdef
loc3d
        4.95508230192316              0.68705689194968              9.08530712127686     -1
kind
     26     
    81000          153139     
       12.25000000000000  
 OBS            145
       2.61434197898980
       0.29638169142403
       1.00000000000000
 144 146 -1
obdef
loc3d
        4.89659470219302              0.68517541625982            824.84875488281250     -1
kind
     26     
    81000          153139     
       12.25000000000000  
 OBS            146
      -2.87268329402415
      -0.51599592304929
       1.00000000000000
 145 147 -1
obdef
loc3d
        4.89719607397323              0.69286120068011            493.76440429687500     -1
kind
     26     
    81000          153139     
       12.25000000000000  
 OBS            147
      -2.54828895357672
       0.08762646447440
       1.00000000000000
 146 148 -1
obdef
loc3d
        4.91562721585699              0.69268557315466            290.85858154296881     -1
kind
     26     
    81000          153139     
       12.25000000000000  
 OBS            148
       0.67805813737475
      -0.64773086715543
       1.00000000000000
 147 149 -1
obdef
loc3d
        4.89650463462054              0.68965598658767            806.96582031250000     -1
kind
     26     
    81000          153139     
       12.25000000000000  
 OBS            149
      -6.03498400935076
      -3.09875888505746
       1.00000000000000
 148 150 -1
obdef
loc3d
        4.90117724149658              0.69117926561099            769.23168945312500     -1
kind
     26     
    81000          153139     
       12.25000000000000  
 OBS            150
       2.98902239367550
       0.98502967859882
       1.00000000000000
 149 151 -1
obdef
loc3d
        4.91058697772938              0.69047364022544            228.45222473144531     -1
kind
     26     
    81000          153139     
       12.25000000000000  
 OBS            151
     283.76861203318799
     282.82640167354998
       1.00000000000000
 150 152 -1
obdef
loc3d
        4.90540352515539              0.69194112440599            606.33142089843750     -1
kind
     27     
    81000          153139     
        6.25000000000000  
 OBS            152
     292.53368482327477
     293.10413013797802
       1.00000000000000
 151 153 -1
obdef
loc3d
        4.94546412681761              0.68348353984884             17.75631332397461     -1
kind
     27     
    81000          153139     
        6.25000000000000  
 OBS            153
     291.95798972242648
     292.72719450261201
       1.00000000000000
 152 154 -1
obdef
loc3d
        4.94660974174000              0.67744857875853             29.35406684875488     -1
kind
     27     
    81000          153139     
        6.25000000000000  
 OBS            154
     292.60477966164996
     292.00251896451999
       1.00000000000000
 153 155 -1
obdef
loc3d
        4.94648126630843              0.68652865419204             54.82812500000000     -1
kind
     27     
    81000          153139     
        6.25000000000000  
 OBS            155
     290.77495354333536
     292.39367642199102
       1.00000000000000
 154 156 -1
obdef
loc3d
        4.94445426011379              0.68507566758975             62.61011505126953     -1
kind
     27     
    81000          153139     
        6.25000000000000  
 OBS            156
     290.94167976541382
     291.44579397105701
       1.00000000000000
 155 157 -1
obdef
loc3d
        4.94602055174578              0.68752162087271            134.15721130371091     -1
kind
     27     
    81000          153139     
        6.25000000000000  
 OBS            157
     293.34551019037582
     294.09160592742001
       1.00000000000000
 156 158 -1
obdef
loc3d
        4.94603912728501              0.67254511985829             35.00297546386719     -1
kind
     27     
    81000          153139     
        6.25000000000000  
 OBS            158
     294.50036542830725
     293.01263334977398
       1.00000000000000
 157 159 -1
obdef
loc3d
        4.95877904994953              0.67986585977255             17.04111671447754     -1
kind
     27     
    81000          153139     
        6.25000000000000  
 OBS            159
     290.55598442250823
     290.16808926800599
       1.00000000000000
 158 160 -1
obdef
loc3d
        4.93958042817759              0.69095160998657            226.13127136230469     -1
kind
     27     
    81000          153139     
        6.25000000000000  
 OBS            160
     292.45516935606332
     292.26927670253502
       1.00000000000000
 159 161 -1
obdef
loc3d
        4.95756313665553              0.69181797222864             89.84997558593750     -1
kind
     27     
    81000          153139     
        6.25000000000000  
 OBS            161
     295.46279140175432
     294.23297325860199
       1.00000000000000
 160 162 -1
obdef
loc3d
        4.94078657111844              0.67409210989409             60.81152343750000     -1
kind
     27     
    81000          153139     
        6.25000000000000  
 OBS            162
     294.06393561190845
     294.10753451622799
       1.00000000000000
 161 163 -1
obdef
loc3d
        4.95557846691255              0.67267262139613              1.00000000000000     -1
kind
     27     
    81000          153139     
        6.25000000000000  
 OBS            163
     292.28704950153752
     290.12619278159701
       1.00000000000000
 162 164 -1
obdef
loc3d
        4.93193348448080              0.68856418981073            106.00000000000000     -1
kind
     27     
    81000          153139     
        6.25000000000000  
 OBS            164
     282.36881878985321
     280.56416459829302
       1.00000000000000
 163 165 -1
obdef
loc3d
        4.89970838141578              0.68765245249877            785.09423828125000     -1
kind
     27     
    81000          153139     
        6.25000000000000  
 OBS            165
     293.51274952807290
     292.17775818249999
       1.00000000000000
 164 166 -1
obdef
loc3d
        4.95026814558372              0.68993059237416             93.11567687988281     -1
kind
     27     
    81000          153139     
        6.25000000000000  
 OBS            166
     292.30648356444397
     291.70463207003201
       1.00000000000000
 165 167 -1
obdef
loc3d
        4.94174512165160              0.68484635226999            116.56585693359381     -1
kind
     27     
    81000          153139     
        6.25000000000000  
 OBS            167
     292.39929931699953
     292.45712812343402
       1.00000000000000
 166 168 -1
obdef
loc3d
        4.95420735021482              0.68473663912788             15.00000000000000     -1
kind
     27     
    81000          153139     
        6.25000000000000  
 OBS            168
     292.47747381506929
     290.77639731515802
       1.00000000000000
 167 169 -1
obdef
loc3d
        4.93477042118681              0.68310638816012            118.89588928222661     -1
kind
     27     
    81000          153139     
        6.25000000000000  
 OBS            169
     291.84532623612307
     291.42862457790397
       1.00000000000000
 168 170 -1
obdef
loc3d
        4.93795631029682              0.68276407673392            144.94107055664060     -1
kind
     27     
    81000          153139     
        6.25000000000000  
 OBS            170
     294.76563619897189
     292.84818387988997
       1.00000000000000
 169 171 -1
obdef
loc3d
        4.94001671685736              0.68064929967652             43.67281723022461     -1
kind
     27     
    81000          153139     
        6.25000000000000  
 OBS            171
     290.95111822546153
     292.78765465843497
       1.00000000000000
 170 172 -1
obdef
loc3d
        4.94058460161740              0.67807181314514             70.17810058593750     -1
kind
     27     
    81000          153139     
        6.25000000000000  
 OBS            172
     292.06111170598012
     293.16393955608402
       1.00000000000000
 171 173 -1
obdef
loc3d
        4.95423295419494              0.68033176843505              3.71636104583740     -1
kind
     27     
    81000          153139     
        6.25000000000000  
 OBS            173
     294.70913965483641
     293.85442425967301
       1.00000000000000
 172 174 -1
obdef
loc3d
        4.94926894458696              0.66642585587446             10.91526031494141     -1
kind
     27     
    81000          153139     
        6.25000000000000  
 OBS            174
     293.02127346562673
     294.82748249069800
       1.00000000000000
 173 175 -1
obdef
loc3d
        4.96223480186848              0.66700036066835              5.00000000000000     -1
kind
     27     
    81000          153139     
        6.25000000000000  
 OBS            175
     293.43973852979963
     293.44199271519898
       1.00000000000000
 174 176 -1
obdef
loc3d
        4.95546148971009              0.67729393735082              6.17724800109863     -1
kind
     27     
    81000          153139     
        6.25000000000000  
 OBS            176
     287.90129559133317
     289.20050915944103
       1.00000000000000
 175 177 -1
obdef
loc3d
        4.92652723985629              0.69051382381431            146.04148864746091     -1
kind
     27     
    81000          153139     
        6.25000000000000  
 OBS            177
     292.56474586505499
     294.27614400740998
       1.00000000000000
 176 178 -1
obdef
loc3d
        4.96366005344362              0.66920346185787              6.00000000000000     -1
kind
     27     
    81000          153139     
        6.25000000000000  
 OBS            178
     294.36559820535729
     294.41816365833000
       1.00000000000000
 177 179 -1
obdef
loc3d
        4.97052949833720              0.66907739847133              8.84140872955322     -1
kind
     27     
    81000          153139     
        6.25000000000000  
 OBS            179
     293.71428663589825
     291.91658611519898
       1.00000000000000
 178 180 -1
obdef
loc3d
        4.95245337490985              0.69269329908122            116.45774841308589     -1
kind
     27     
    81000          153139     
        6.25000000000000  
 OBS            180
     292.56862409883382
     291.16996871983901
       1.00000000000000
 179 181 -1
obdef
loc3d
        4.94885353278042              0.69277717633329            144.09075927734381     -1
kind
     27     
    81000          153139     
        6.25000000000000  
 OBS            181
     288.68916539283788
     290.61595860725498
       1.00000000000000
 180 182 -1
obdef
loc3d
        4.94336975041274              0.69009669144632            168.92642211914060     -1
kind
     27     
    81000          153139     
        6.25000000000000  
 OBS            182
     293.57851342094347
     294.31271019824601
       1.00000000000000
 181 183 -1
obdef
loc3d
        4.93556788041953              0.67027828664670             15.00000000000000     -1
kind
     27     
    81000          153139     
        6.25000000000000  
 OBS            183
     294.89225866185751
     294.37360972432799
       1.00000000000000
 182 184 -1
obdef
loc3d
        4.94033180527593              0.67113295277478             15.00000000000000     -1
kind
     27     
    81000          153139     
        6.25000000000000  
 OBS            184
     294.60341230029911
     294.72434126874703
       1.00000000000000
 183 185 -1
obdef
loc3d
        4.94303858410231              0.67245219021673             45.31371688842773     -1
kind
     27     
    81000          153139     
        6.25000000000000  
 OBS            185
     293.79945048083511
     293.51343272888897
       1.00000000000000
 184 186 -1
obdef
loc3d
        4.94353452184302              0.67563108019985             33.40631103515625     -1
kind
     27     
    81000          153139     
        6.25000000000000  
 OBS            186
     292.83014456644173
     293.14744785496498
       1.00000000000000
 185 187 -1
obdef
loc3d
        4.94374389829480              0.67833415521310             29.86422538757324     -1
kind
     27     
    81000          153139     
        6.25000000000000  
 OBS            187
     291.15585322410635
     290.42742736166201
       1.00000000000000
 186 188 -1
obdef
loc3d
        4.94273365028682              0.68737244152012            176.80966186523440     -1
kind
     27     
    81000          153139     
        6.25000000000000  
 OBS            188
     287.94602876759194
     287.66293026288201
       1.00000000000000
 187 189 -1
obdef
loc3d
        4.92701506510552              0.68724654189208            235.55827331542969     -1
kind
     27     
    81000          153139     
        6.25000000000000  
 OBS            189
     289.98035769044844
     290.73517609214400
       1.00000000000000
 188 190 -1
obdef
loc3d
        4.93770287749180              0.68559892863867            149.84144592285159     -1
kind
     27     
    81000          153139     
        6.25000000000000  
 OBS            190
     288.22402867767897
     288.98045837687903
       1.00000000000000
 189 191 -1
obdef
loc3d
        4.92849072850511              0.69275166570057            196.64169311523440     -1
kind
     27     
    81000          153139     
        6.25000000000000  
 OBS            191
     293.18888031350656
     293.54961765529600
       1.00000000000000
 190 192 -1
obdef
loc3d
        4.94704606827608              0.66890083993760             30.00000000000000     -1
kind
     27     
    81000          153139     
        6.25000000000000  
 OBS            192
     286.92066740324248
     287.66659469319302
       1.00000000000000
 191 193 -1
obdef
loc3d
        4.93215285315783              0.69272179551745            405.54205322265619     -1
kind
     27     
    81000          153139     
        6.25000000000000  
 OBS            193
     286.93575310672662
     289.88448303173402
       1.00000000000000
 192 194 -1
obdef
loc3d
        4.93041137291484              0.68610286792166             95.01055908203125     -1
kind
     27     
    81000          153139     
        6.25000000000000  
 OBS            194
     293.99846362284143
     293.13381120338897
       1.00000000000000
 193 195 -1
obdef
loc3d
        4.94340662813579              0.66912283370227             30.00000000000000     -1
kind
     27     
    81000          153139     
        6.25000000000000  
 OBS            195
     290.75969568497828
     290.31946637686900
       1.00000000000000
 194 196 -1
obdef
loc3d
        4.94246051140049              0.69284522685509            232.15176391601560     -1
kind
     27     
    81000          153139     
        6.25000000000000  
 OBS            196
     293.49276756898598
     291.88362354415000
       1.00000000000000
 195 197 -1
obdef
loc3d
        4.94897278262263              0.68784055253573             58.60614395141602     -1
kind
     27     
    81000          153139     
        6.25000000000000  
 OBS            197
     291.96008297851222
     293.34097766430000
       1.00000000000000
 196 198 -1
obdef
loc3d
        4.94541527617556              0.68071005727643             33.77826690673828     -1
kind
     27     
    81000          153139     
        6.25000000000000  
 OBS            198
     294.03470826590274
     294.32285137107300
       1.00000000000000
 197 199 -1
obdef
loc3d
        4.93748800785195              0.67296050504062             44.45593643188477     -1
kind
     27     
    81000          153139     
        6.25000000000000  
 OBS            199
     288.69086221082273
     290.31420026815101
       1.00000000000000
 198 200 -1
obdef
loc3d
        4.93696530791536              0.69256666762304            156.90283203125000     -1
kind
     27     
    81000          153139     
        6.25000000000000  
 OBS            200
     290.36642210389294
     288.38710991979599
       1.00000000000000
 199 201 -1
obdef
loc3d
        4.92145179475246              0.69276808226809            165.77503967285159     -1
kind
     27     
    81000          153139     
        6.25000000000000  
 OBS            201
     290.31680182076730
     289.99752442824200
       1.00000000000000
 200 202 -1
obdef
loc3d
        4.93950672299123              0.68813471885857            177.40441894531250     -1
kind
     27     
    81000          153139     
        6.25000000000000  
 OBS            202
     288.18711803405444
     289.84269173409803
       1.00000000000000
 201 203 -1
obdef
loc3d
        4.93611382531472              0.68823817566222            173.73840332031250     -1
kind
     27     
    81000          153139     
        6.25000000000000  
 OBS            203
     290.96555304803638
     291.38121901492502
       1.00000000000000
 202 204 -1
obdef
loc3d
        4.94685988234341              0.69028594514941            170.37097167968750     -1
kind
     27     
    81000          153139     
        6.25000000000000  
 OBS            204
     290.59471545312243
     290.19692410156500
       1.00000000000000
 203 205 -1
obdef
loc3d
        4.93440797857224              0.69076858072881            137.08886718750000     -1
kind
     27     
    81000          153139     
        6.25000000000000  
 OBS            205
     289.36147898182759
     290.14091248736599
       1.00000000000000
 204 206 -1
obdef
loc3d
        4.93397023736678              0.68569719666510            120.48287200927730     -1
kind
     27     
    81000          153139     
        6.25000000000000  
 OBS            206
     293.04420317871643
     292.97441491003599
       1.00000000000000
 205 207 -1
obdef
loc3d
        4.96098036034072              0.67790128169477             17.24609375000000     -1
kind
     27     
    81000          153139     
        6.25000000000000  
 OBS            207
     292.22650482072794
     292.47780101479202
       1.00000000000000
 206 208 -1
obdef
loc3d
        4.95746178551042              0.68576241061300             17.20619201660156     -1
kind
     27     
    81000          153139     
        6.25000000000000  
 OBS            208
     294.99969703914024
     294.87874340977999
       1.00000000000000
 207 209 -1
obdef
loc3d
        4.96821528454312              0.66626811336639              8.93466186523438     -1
kind
     27     
    81000          153139     
        6.25000000000000  
 OBS            209
     292.82306698384406
     292.81723653933898
       1.00000000000000
 208 210 -1
obdef
loc3d
        4.95821139545160              0.68356985009176             15.00000000000000     -1
kind
     27     
    81000          153139     
        6.25000000000000  
 OBS            210
     293.20160982702686
     293.87500037410598
       1.00000000000000
 209 211 -1
obdef
loc3d
        4.95929084301108              0.67289450711582              9.91464328765869     -1
kind
     27     
    81000          153139     
        6.25000000000000  
 OBS            211
     293.11125282498864
     293.62379915081101
       1.00000000000000
 210 212 -1
obdef
loc3d
        4.95884231318174              0.67566319569297             12.79061889648438     -1
kind
     27     
    81000          153139     
        6.25000000000000  
 OBS            212
     293.03203229041412
     292.96313993621902
       1.00000000000000
 211 213 -1
obdef
loc3d
        4.96068172506451              0.68176493518182             14.00000000000000     -1
kind
     27     
    81000          153139     
        6.25000000000000  
 OBS            213
     291.41330798673505
     292.29814800675598
       1.00000000000000
 212 214 -1
obdef
loc3d
        4.96044430349621              0.68522255501691             15.00000000000000     -1
kind
     27     
    81000          153139     
        6.25000000000000  
 OBS            214
     294.60053788116375
     293.16703964024100
       1.00000000000000
 213 215 -1
obdef
loc3d
        4.95653505007277              0.68174821287482             15.07347202301025     -1
kind
     27     
    81000          153139     
        6.25000000000000  
 OBS            215
     294.83616214913013
     294.62232102458398
       1.00000000000000
 214 216 -1
obdef
loc3d
        4.96521948188739              0.66389255790081              6.10258388519287     -1
kind
     27     
    81000          153139     
        6.25000000000000  
 OBS            216
     295.27259639074350
     294.82084937982899
       1.00000000000000
 215 217 -1
obdef
loc3d
        4.96720461139216              0.67033432936439             12.91210937500000     -1
kind
     27     
    81000          153139     
        6.25000000000000  
 OBS            217
     294.20729607680960
     292.73374957268902
       1.00000000000000
 216 218 -1
obdef
loc3d
        4.96018888249816              0.68814255256013             15.00000000000000     -1
kind
     27     
    81000          153139     
        6.25000000000000  
 OBS            218
     291.34579877562595
     292.13286145841602
       1.00000000000000
 217 219 -1
obdef
loc3d
        4.95410557213704              0.69029785801799             54.42578125000000     -1
kind
     27     
    81000          153139     
        6.25000000000000  
 OBS            219
     290.83539820621900
     292.00743672033798
       1.00000000000000
 218 220 -1
obdef
loc3d
        4.95508230192316              0.68705689194968              9.08530712127686     -1
kind
     27     
    81000          153139     
        6.25000000000000  
 OBS            220
     281.14026628124719
     280.35581433130199
       1.00000000000000
 219 221 -1
obdef
loc3d
        4.89659470219302              0.68517541625982            824.84875488281250     -1
kind
     27     
    81000          153139     
        6.25000000000000  
 OBS            221
     282.70787788885497
     282.79470255030600
       1.00000000000000
 220 222 -1
obdef
loc3d
        4.89719607397323              0.69286120068011            493.76440429687500     -1
kind
     27     
    81000          153139     
        6.25000000000000  
 OBS            222
     287.55455908086128
     286.89724670743499
       1.00000000000000
 221 223 -1
obdef
loc3d
        4.91562721585699              0.69268557315466            290.85858154296881     -1
kind
     27     
    81000          153139     
        6.25000000000000  
 OBS            223
     279.17969863241871
     280.55396243227898
       1.00000000000000
 222 224 -1
obdef
loc3d
        4.89650463462054              0.68965598658767            806.96582031250000     -1
kind
     27     
    81000          153139     
        6.25000000000000  
 OBS            224
     280.70653631560742
     280.62729072092299
       1.00000000000000
 223 225 -1
obdef
loc3d
        4.90117724149658              0.69117926561099            769.23168945312500     -1
kind
     27     
    81000          153139     
        6.25000000000000  
 OBS            225
     285.08681966310610
     287.45752894220101
       1.00000000000000
 224 -1 -1
obdef
loc3d
        4.91058697772938              0.69047364022544            228.45222473144531     -1
kind
     27     
    81000          153139     
        6.25000000000000  
