 obs_sequence
obs_kind_definitions
       3
    25          LAND_SFC_U_WIND_COMPONENT   
    26          LAND_SFC_V_WIND_COMPONENT   
    27          LAND_SFC_TEMPERATURE   
  num_copies:            2  num_qc:            1
 num_obs:       225  max_num_obs:       225
observations
truth
QC radar
  first:            1  last:       225
 OBS            1
      13.04209011378455
      11.59460335528460
       1.00000000000000
 -1 2 -1
obdef
loc3d
        4.90540352515539              0.69194112440599            606.33142089843750     -1
kind
     25     
    55800          153139     
       12.25000000000000  
 OBS            2
      -0.92908802660052
      -0.65592995700226
       1.00000000000000
 1 3 -1
obdef
loc3d
        4.94546412681761              0.68348353984884             17.75631332397461     -1
kind
     25     
    55800          153139     
       12.25000000000000  
 OBS            3
      -0.69231848632189
      -0.13209018173667
       1.00000000000000
 2 4 -1
obdef
loc3d
        4.94660974174000              0.67744857875853             29.35406684875488     -1
kind
     25     
    55800          153139     
       12.25000000000000  
 OBS            4
       0.42023528789341
      -0.87885800505739
       1.00000000000000
 3 5 -1
obdef
loc3d
        4.94648126630843              0.68652865419204             54.82812500000000     -1
kind
     25     
    55800          153139     
       12.25000000000000  
 OBS            5
      -1.21004841804428
      -1.03335760393489
       1.00000000000000
 4 6 -1
obdef
loc3d
        4.94445426011379              0.68507566758975             62.61011505126953     -1
kind
     25     
    55800          153139     
       12.25000000000000  
 OBS            6
       3.69445310283079
      -1.91180470032658
       1.00000000000000
 5 7 -1
obdef
loc3d
        4.94602055174578              0.68752162087271            134.15721130371091     -1
kind
     25     
    55800          153139     
       12.25000000000000  
 OBS            7
       0.55024575243417
       1.44920896454461
       1.00000000000000
 6 8 -1
obdef
loc3d
        4.94603912728501              0.67254511985829             35.00297546386719     -1
kind
     25     
    55800          153139     
       12.25000000000000  
 OBS            8
      -1.29967353927267
       0.98743275510027
       1.00000000000000
 7 9 -1
obdef
loc3d
        4.95877904994953              0.67986585977255             17.04111671447754     -1
kind
     25     
    55800          153139     
       12.25000000000000  
 OBS            9
      -0.89699854028792
      -3.74108119210839
       1.00000000000000
 8 10 -1
obdef
loc3d
        4.93958042817759              0.69095160998657            226.13127136230469     -1
kind
     25     
    55800          153139     
       12.25000000000000  
 OBS            10
       4.47389195209883
      -0.81981928299126
       1.00000000000000
 9 11 -1
obdef
loc3d
        4.95756313665553              0.69181797222864             89.84997558593750     -1
kind
     25     
    55800          153139     
       12.25000000000000  
 OBS            11
       0.30778513609083
       1.36968500859414
       1.00000000000000
 10 12 -1
obdef
loc3d
        4.94078657111844              0.67409210989409             60.81152343750000     -1
kind
     25     
    55800          153139     
       12.25000000000000  
 OBS            12
       1.35306201077244
      -1.02040648381724
       1.00000000000000
 11 13 -1
obdef
loc3d
        4.95557846691255              0.67267262139613              1.00000000000000     -1
kind
     25     
    55800          153139     
       12.25000000000000  
 OBS            13
      -2.99148991276624
       1.25376928273005
       1.00000000000000
 12 14 -1
obdef
loc3d
        4.93193348448080              0.68856418981073            106.00000000000000     -1
kind
     25     
    55800          153139     
       12.25000000000000  
 OBS            14
      12.06362801722182
      11.07424124634730
       1.00000000000000
 13 15 -1
obdef
loc3d
        4.89970838141578              0.68765245249877            785.09423828125000     -1
kind
     25     
    55800          153139     
       12.25000000000000  
 OBS            15
      -2.01179211497579
      -1.11164494526100
       1.00000000000000
 14 16 -1
obdef
loc3d
        4.95026814558372              0.68993059237416             93.11567687988281     -1
kind
     25     
    55800          153139     
       12.25000000000000  
 OBS            16
       2.01945418860867
      -1.01240218291009
       1.00000000000000
 15 17 -1
obdef
loc3d
        4.94174512165160              0.68484635226999            116.56585693359381     -1
kind
     25     
    55800          153139     
       12.25000000000000  
 OBS            17
      -3.32909457664075
      -1.07380349973925
       1.00000000000000
 16 18 -1
obdef
loc3d
        4.95420735021482              0.68473663912788             15.00000000000000     -1
kind
     25     
    55800          153139     
       12.25000000000000  
 OBS            18
       2.16216052897432
       0.42720699900431
       1.00000000000000
 17 19 -1
obdef
loc3d
        4.93477042118681              0.68310638816012            118.89588928222661     -1
kind
     25     
    55800          153139     
       12.25000000000000  
 OBS            19
       0.01336266365709
       3.09341693568263
       1.00000000000000
 18 20 -1
obdef
loc3d
        4.93795631029682              0.68276407673392            144.94107055664060     -1
kind
     25     
    55800          153139     
       12.25000000000000  
 OBS            20
       0.23937606781854
       2.50922813591473
       1.00000000000000
 19 21 -1
obdef
loc3d
        4.94001671685736              0.68064929967652             43.67281723022461     -1
kind
     25     
    55800          153139     
       12.25000000000000  
 OBS            21
       1.15075919073979
       2.64837220123310
       1.00000000000000
 20 22 -1
obdef
loc3d
        4.94058460161740              0.67807181314514             70.17810058593750     -1
kind
     25     
    55800          153139     
       12.25000000000000  
 OBS            22
       2.69199482677093
      -0.78275915813947
       1.00000000000000
 21 23 -1
obdef
loc3d
        4.95423295419494              0.68033176843505              3.71636104583740     -1
kind
     25     
    55800          153139     
       12.25000000000000  
 OBS            23
       2.60344934242891
       0.78215555736656
       1.00000000000000
 22 24 -1
obdef
loc3d
        4.94926894458696              0.66642585587446             10.91526031494141     -1
kind
     25     
    55800          153139     
       12.25000000000000  
 OBS            24
      -0.41647753130999
      -0.08694100002059
       1.00000000000000
 23 25 -1
obdef
loc3d
        4.96223480186848              0.66700036066835              5.00000000000000     -1
kind
     25     
    55800          153139     
       12.25000000000000  
 OBS            25
       4.92913554452536
       0.27158029156368
       1.00000000000000
 24 26 -1
obdef
loc3d
        4.95546148971009              0.67729393735082              6.17724800109863     -1
kind
     25     
    55800          153139     
       12.25000000000000  
 OBS            26
       9.24107626404668
       4.98350676859306
       1.00000000000000
 25 27 -1
obdef
loc3d
        4.92652723985629              0.69051382381431            146.04148864746091     -1
kind
     25     
    55800          153139     
       12.25000000000000  
 OBS            27
       1.40533866462336
       0.50820470424687
       1.00000000000000
 26 28 -1
obdef
loc3d
        4.96366005344362              0.66920346185787              6.00000000000000     -1
kind
     25     
    55800          153139     
       12.25000000000000  
 OBS            28
       1.98175379522502
       0.36656915610057
       1.00000000000000
 27 29 -1
obdef
loc3d
        4.97052949833720              0.66907739847133              8.84140872955322     -1
kind
     25     
    55800          153139     
       12.25000000000000  
 OBS            29
      -2.80225805477178
      -2.98680967068705
       1.00000000000000
 28 30 -1
obdef
loc3d
        4.93727739535368              0.69277976810143            187.24655151367190     -1
kind
     25     
    55800          153139     
       12.25000000000000  
 OBS            30
      -1.91195350985066
      -1.48187441305916
       1.00000000000000
 29 31 -1
obdef
loc3d
        4.94575592838423              0.68143846111579             35.01654815673828     -1
kind
     25     
    55800          153139     
       12.25000000000000  
 OBS            31
      -2.03186437395836
       1.14729000374044
       1.00000000000000
 30 32 -1
obdef
loc3d
        4.93184075890513              0.68784163962489             92.58054351806641     -1
kind
     25     
    55800          153139     
       12.25000000000000  
 OBS            32
      -7.23219374508971
      -3.84974034954094
       1.00000000000000
 31 33 -1
obdef
loc3d
        4.94081711590956              0.68854862967758            162.55853271484381     -1
kind
     25     
    55800          153139     
       12.25000000000000  
 OBS            33
       8.32012064015798
       0.63050884798146
       1.00000000000000
 32 34 -1
obdef
loc3d
        4.94249854456299              0.67650785339572             60.39866638183594     -1
kind
     25     
    55800          153139     
       12.25000000000000  
 OBS            34
       7.11428250494877
       3.66610932720847
       1.00000000000000
 33 35 -1
obdef
loc3d
        4.93162931041089              0.68282844530430             93.04485321044922     -1
kind
     25     
    55800          153139     
       12.25000000000000  
 OBS            35
      -1.74009610632855
       0.41319687425142
       1.00000000000000
 34 36 -1
obdef
loc3d
        4.93293180012842              0.69147876068069            106.50605773925780     -1
kind
     25     
    55800          153139     
       12.25000000000000  
 OBS            36
      -2.93201063843393
       0.89572184471893
       1.00000000000000
 35 37 -1
obdef
loc3d
        4.94231542915734              0.67925336633936             45.80761718750000     -1
kind
     25     
    55800          153139     
       12.25000000000000  
 OBS            37
      -3.14589767424446
       1.78669019495387
       1.00000000000000
 36 38 -1
obdef
loc3d
        4.94267046375275              0.67009027494016             28.73577499389648     -1
kind
     25     
    55800          153139     
       12.25000000000000  
 OBS            38
      -4.73195186506001
      -2.46703273321501
       1.00000000000000
 37 39 -1
obdef
loc3d
        4.95301390972552              0.69283749825579             93.74549102783203     -1
kind
     25     
    55800          153139     
       12.25000000000000  
 OBS            39
       4.20536055766846
       2.30135780389664
       1.00000000000000
 38 40 -1
obdef
loc3d
        4.93993476658470              0.67588412939320             29.35707092285156     -1
kind
     25     
    55800          153139     
       12.25000000000000  
 OBS            40
       8.92938872188370
       1.94530989949616
       1.00000000000000
 39 41 -1
obdef
loc3d
        4.93755681423869              0.67212761520231             23.80049896240234     -1
kind
     25     
    55800          153139     
       12.25000000000000  
 OBS            41
       5.45292346698778
       1.74957206860410
       1.00000000000000
 40 42 -1
obdef
loc3d
        4.93524778363115              0.68687961042640            201.53530883789060     -1
kind
     25     
    55800          153139     
       12.25000000000000  
 OBS            42
      -4.96375379412618
      -1.99883835396569
       1.00000000000000
 41 43 -1
obdef
loc3d
        4.94487715611266              0.69284945127485            184.54177856445310     -1
kind
     25     
    55800          153139     
       12.25000000000000  
 OBS            43
      -2.39688934517379
       1.95435601083252
       1.00000000000000
 42 44 -1
obdef
loc3d
        4.93574679201688              0.68074234291388             92.12267303466797     -1
kind
     25     
    55800          153139     
       12.25000000000000  
 OBS            44
      -3.86123370596002
      -3.24722954325863
       1.00000000000000
 43 45 -1
obdef
loc3d
        4.93948311897746              0.68677523412020            143.54531860351560     -1
kind
     25     
    55800          153139     
       12.25000000000000  
 OBS            45
      -0.65255752504823
       0.11763930935857
       1.00000000000000
 44 46 -1
obdef
loc3d
        4.93535147134114              0.68874818734546            154.91955566406250     -1
kind
     25     
    55800          153139     
       12.25000000000000  
 OBS            46
       4.89459014619238
       2.06037727601679
       1.00000000000000
 45 47 -1
obdef
loc3d
        4.93998720508067              0.67099618858999             15.00000000000000     -1
kind
     25     
    55800          153139     
       12.25000000000000  
 OBS            47
      -4.19278414037519
      -1.73899175460593
       1.00000000000000
 46 48 -1
obdef
loc3d
        4.95377154670010              0.68841616298427              1.00000000000000     -1
kind
     25     
    55800          153139     
       12.25000000000000  
 OBS            48
      -2.97173904983875
       1.16454120508938
       1.00000000000000
 47 49 -1
obdef
loc3d
        4.94369600674710              0.67424831199146             56.55799865722656     -1
kind
     25     
    55800          153139     
       12.25000000000000  
 OBS            49
       4.23325158668993
       1.26078336414574
       1.00000000000000
 48 50 -1
obdef
loc3d
        4.94554915949750              0.67592825057405             27.37830162048340     -1
kind
     25     
    55800          153139     
       12.25000000000000  
 OBS            50
      -8.73346730308898
      -5.37515567209953
       1.00000000000000
 49 51 -1
obdef
loc3d
        4.93817225910204              0.68863985936718            220.11502075195310     -1
kind
     25     
    55800          153139     
       12.25000000000000  
 OBS            51
       0.10216006618181
       0.65371342385011
       1.00000000000000
 50 52 -1
obdef
loc3d
        4.94679227765370              0.67424304503817             25.38815879821777     -1
kind
     25     
    55800          153139     
       12.25000000000000  
 OBS            52
       2.24914078651276
       2.70292078769115
       1.00000000000000
 51 53 -1
obdef
loc3d
        4.93825175772606              0.67415674930066             45.00000000000000     -1
kind
     25     
    55800          153139     
       12.25000000000000  
 OBS            53
      -2.34974389944979
      -1.76910501209193
       1.00000000000000
 52 54 -1
obdef
loc3d
        4.94311892630401              0.68721450203000            155.69055175781250     -1
kind
     25     
    55800          153139     
       12.25000000000000  
 OBS            54
       4.77265000108807
       0.83290393217535
       1.00000000000000
 53 55 -1
obdef
loc3d
        4.94449382724881              0.67792071808206             14.15527343750000     -1
kind
     25     
    55800          153139     
       12.25000000000000  
 OBS            55
       1.72996218880364
       1.36257193060606
       1.00000000000000
 54 56 -1
obdef
loc3d
        4.94565692959859              0.66987151098961             30.00000000000000     -1
kind
     25     
    55800          153139     
       12.25000000000000  
 OBS            56
       0.14607679363300
      -0.11711682662845
       1.00000000000000
 55 57 -1
obdef
loc3d
        4.93623940611723              0.68485115788194            160.48159790039060     -1
kind
     25     
    55800          153139     
       12.25000000000000  
 OBS            57
       0.09587758672532
       0.03821766315558
       1.00000000000000
 56 58 -1
obdef
loc3d
        4.93207688179052              0.69191340558627            266.88421630859381     -1
kind
     25     
    55800          153139     
       12.25000000000000  
 OBS            58
      -2.30428339307459
      -3.38895531805377
       1.00000000000000
 57 59 -1
obdef
loc3d
        4.94337184525690              0.69048472086632            168.92642211914060     -1
kind
     25     
    55800          153139     
       12.25000000000000  
 OBS            59
      -3.75510403286579
      -0.50491133676730
       1.00000000000000
 58 60 -1
obdef
loc3d
        4.93083275656657              0.69156409584246            530.37139892578125     -1
kind
     25     
    55800          153139     
       12.25000000000000  
 OBS            60
       5.62899932235134
       2.56162153831028
       1.00000000000000
 59 61 -1
obdef
loc3d
        4.93576715774405              0.67026358084744             15.00000000000000     -1
kind
     25     
    55800          153139     
       12.25000000000000  
 OBS            61
      -4.58794780467390
      -2.49560835547196
       1.00000000000000
 60 62 -1
obdef
loc3d
        4.94676264345478              0.69035499858378            170.37097167968750     -1
kind
     25     
    55800          153139     
       12.25000000000000  
 OBS            62
      -3.94185803055013
      -4.03752061509331
       1.00000000000000
 61 63 -1
obdef
loc3d
        4.94046883892718              0.69230960363225            232.29916381835940     -1
kind
     25     
    55800          153139     
       12.25000000000000  
 OBS            63
       2.75328706964944
       0.25749494481715
       1.00000000000000
 62 64 -1
obdef
loc3d
        4.94668005348904              0.66792517272334             30.00000000000000     -1
kind
     25     
    55800          153139     
       12.25000000000000  
 OBS            64
      -3.05976946119265
       0.35849909441685
       1.00000000000000
 63 65 -1
obdef
loc3d
        4.93142664351951              0.69067116425814            352.18109130859381     -1
kind
     25     
    55800          153139     
       12.25000000000000  
 OBS            65
       2.59055596620334
       1.36841722874732
       1.00000000000000
 64 66 -1
obdef
loc3d
        4.93315860158957              0.69236546390432            148.09797668457031     -1
kind
     25     
    55800          153139     
       12.25000000000000  
 OBS            66
       2.48977551349663
      -0.21619580476499
       1.00000000000000
 65 67 -1
obdef
loc3d
        4.94330474517536              0.68101851702487             28.94674682617188     -1
kind
     25     
    55800          153139     
       12.25000000000000  
 OBS            67
      -1.68282891907355
      -1.34576105199965
       1.00000000000000
 66 68 -1
obdef
loc3d
        4.93900329796962              0.68465687192145            135.10733032226560     -1
kind
     25     
    55800          153139     
       12.25000000000000  
 OBS            68
       0.18103195529048
       3.80002127891420
       1.00000000000000
 67 69 -1
obdef
loc3d
        4.94044166392076              0.68262352587105            131.77731323242190     -1
kind
     25     
    55800          153139     
       12.25000000000000  
 OBS            69
       4.45461077778941
       3.97751870709705
       1.00000000000000
 68 70 -1
obdef
loc3d
        4.92619210793233              0.68978851614430            140.91706848144531     -1
kind
     25     
    55800          153139     
       12.25000000000000  
 OBS            70
       2.03172824068364
       0.21099445920289
       1.00000000000000
 69 71 -1
obdef
loc3d
        4.94963312081941              0.66996996266355             29.99300956726074     -1
kind
     25     
    55800          153139     
       12.25000000000000  
 OBS            71
       5.15014856096532
       1.69532824781449
       1.00000000000000
 70 72 -1
obdef
loc3d
        4.92700392971737              0.68887132383449            128.38885498046881     -1
kind
     25     
    55800          153139     
       12.25000000000000  
 OBS            72
       0.11761439500652
       1.97974466235106
       1.00000000000000
 71 73 -1
obdef
loc3d
        4.94246333188258              0.67229541033138             45.31371688842773     -1
kind
     25     
    55800          153139     
       12.25000000000000  
 OBS            73
      -0.94754764239096
      -1.95872711168344
       1.00000000000000
 72 74 -1
obdef
loc3d
        4.94297820410103              0.68302629331082             53.72113800048828     -1
kind
     25     
    55800          153139     
       12.25000000000000  
 OBS            74
       1.01885610949585
       2.50224102314088
       1.00000000000000
 73 75 -1
obdef
loc3d
        4.94625467437127              0.67931016686449             42.11843872070312     -1
kind
     25     
    55800          153139     
       12.25000000000000  
 OBS            75
      -8.20578095823920
      -2.74272608751752
       1.00000000000000
 74 76 -1
obdef
loc3d
        4.93718236751881              0.69150375136553            153.15858459472659     -1
kind
     25     
    55800          153139     
       12.25000000000000  
 OBS            76
       6.76428913470516
       5.60676758542752
       1.00000000000000
 75 77 -1
obdef
loc3d
        4.90540352515539              0.69194112440599            606.33142089843750     -1
kind
     26     
    55800          153139     
       12.25000000000000  
 OBS            77
      11.85729186523207
      10.57166157555310
       1.00000000000000
 76 78 -1
obdef
loc3d
        4.94546412681761              0.68348353984884             17.75631332397461     -1
kind
     26     
    55800          153139     
       12.25000000000000  
 OBS            78
      15.42181267886816
      13.31778922918310
       1.00000000000000
 77 79 -1
obdef
loc3d
        4.94660974174000              0.67744857875853             29.35406684875488     -1
kind
     26     
    55800          153139     
       12.25000000000000  
 OBS            79
       9.80611064527665
       9.59287147494309
       1.00000000000000
 78 80 -1
obdef
loc3d
        4.94648126630843              0.68652865419204             54.82812500000000     -1
kind
     26     
    55800          153139     
       12.25000000000000  
 OBS            80
      10.21104461053159
      11.01549733419820
       1.00000000000000
 79 81 -1
obdef
loc3d
        4.94445426011379              0.68507566758975             62.61011505126953     -1
kind
     26     
    55800          153139     
       12.25000000000000  
 OBS            81
      10.14480844279559
      10.25029796749330
       1.00000000000000
 80 82 -1
obdef
loc3d
        4.94602055174578              0.68752162087271            134.15721130371091     -1
kind
     26     
    55800          153139     
       12.25000000000000  
 OBS            82
      18.42454231952503
      14.20829898238270
       1.00000000000000
 81 83 -1
obdef
loc3d
        4.94603912728501              0.67254511985829             35.00297546386719     -1
kind
     26     
    55800          153139     
       12.25000000000000  
 OBS            83
      15.51683675126237
      16.64121359991610
       1.00000000000000
 82 84 -1
obdef
loc3d
        4.95877904994953              0.67986585977255             17.04111671447754     -1
kind
     26     
    55800          153139     
       12.25000000000000  
 OBS            84
       8.11169074995813
      10.48888757458680
       1.00000000000000
 83 85 -1
obdef
loc3d
        4.93958042817759              0.69095160998657            226.13127136230469     -1
kind
     26     
    55800          153139     
       12.25000000000000  
 OBS            85
      10.89253968868521
      13.69047301503100
       1.00000000000000
 84 86 -1
obdef
loc3d
        4.95756313665553              0.69181797222864             89.84997558593750     -1
kind
     26     
    55800          153139     
       12.25000000000000  
 OBS            86
      12.05529580817685
      13.72947654052050
       1.00000000000000
 85 87 -1
obdef
loc3d
        4.94078657111844              0.67409210989409             60.81152343750000     -1
kind
     26     
    55800          153139     
       12.25000000000000  
 OBS            87
       9.87361131724778
      13.07791785841740
       1.00000000000000
 86 88 -1
obdef
loc3d
        4.95557846691255              0.67267262139613              1.00000000000000     -1
kind
     26     
    55800          153139     
       12.25000000000000  
 OBS            88
      10.87123619263364
      10.31384561743360
       1.00000000000000
 87 89 -1
obdef
loc3d
        4.93193348448080              0.68856418981073            106.00000000000000     -1
kind
     26     
    55800          153139     
       12.25000000000000  
 OBS            89
       3.12397706466671
       4.60941048980400
       1.00000000000000
 88 90 -1
obdef
loc3d
        4.89970838141578              0.68765245249877            785.09423828125000     -1
kind
     26     
    55800          153139     
       12.25000000000000  
 OBS            90
      12.21504561151091
      13.49715064251430
       1.00000000000000
 89 91 -1
obdef
loc3d
        4.95026814558372              0.68993059237416             93.11567687988281     -1
kind
     26     
    55800          153139     
       12.25000000000000  
 OBS            91
      11.20063043672157
      11.56699312866040
       1.00000000000000
 90 92 -1
obdef
loc3d
        4.94174512165160              0.68484635226999            116.56585693359381     -1
kind
     26     
    55800          153139     
       12.25000000000000  
 OBS            92
      15.16935660118780
      15.34284100475020
       1.00000000000000
 91 93 -1
obdef
loc3d
        4.95420735021482              0.68473663912788             15.00000000000000     -1
kind
     26     
    55800          153139     
       12.25000000000000  
 OBS            93
      12.91510196209836
      12.05249631500000
       1.00000000000000
 92 94 -1
obdef
loc3d
        4.93477042118681              0.68310638816012            118.89588928222661     -1
kind
     26     
    55800          153139     
       12.25000000000000  
 OBS            94
      11.63642063208737
      12.06739711307780
       1.00000000000000
 93 95 -1
obdef
loc3d
        4.93795631029682              0.68276407673392            144.94107055664060     -1
kind
     26     
    55800          153139     
       12.25000000000000  
 OBS            95
      16.03685325157454
      15.13317803845370
       1.00000000000000
 94 96 -1
obdef
loc3d
        4.94001671685736              0.68064929967652             43.67281723022461     -1
kind
     26     
    55800          153139     
       12.25000000000000  
 OBS            96
      14.83503346255180
      13.29366348709680
       1.00000000000000
 95 97 -1
obdef
loc3d
        4.94058460161740              0.67807181314514             70.17810058593750     -1
kind
     26     
    55800          153139     
       12.25000000000000  
 OBS            97
      19.25102363073422
      14.61669648925650
       1.00000000000000
 96 98 -1
obdef
loc3d
        4.95423295419494              0.68033176843505              3.71636104583740     -1
kind
     26     
    55800          153139     
       12.25000000000000  
 OBS            98
      14.94058384321768
      10.72900062494790
       1.00000000000000
 97 99 -1
obdef
loc3d
        4.94926894458696              0.66642585587446             10.91526031494141     -1
kind
     26     
    55800          153139     
       12.25000000000000  
 OBS            99
      14.67094926646640
      12.96495889303360
       1.00000000000000
 98 100 -1
obdef
loc3d
        4.96223480186848              0.66700036066835              5.00000000000000     -1
kind
     26     
    55800          153139     
       12.25000000000000  
 OBS            100
      12.99136613774484
      15.88620738271830
       1.00000000000000
 99 101 -1
obdef
loc3d
        4.95546148971009              0.67729393735082              6.17724800109863     -1
kind
     26     
    55800          153139     
       12.25000000000000  
 OBS            101
       8.77277868098851
       4.35821483351307
       1.00000000000000
 100 102 -1
obdef
loc3d
        4.92652723985629              0.69051382381431            146.04148864746091     -1
kind
     26     
    55800          153139     
       12.25000000000000  
 OBS            102
      11.59957617360822
      13.92648783343450
       1.00000000000000
 101 103 -1
obdef
loc3d
        4.96366005344362              0.66920346185787              6.00000000000000     -1
kind
     26     
    55800          153139     
       12.25000000000000  
 OBS            103
      19.52502894107242
      15.11364200143000
       1.00000000000000
 102 104 -1
obdef
loc3d
        4.97052949833720              0.66907739847133              8.84140872955322     -1
kind
     26     
    55800          153139     
       12.25000000000000  
 OBS            104
      14.58740225818884
      12.93724830715330
       1.00000000000000
 103 105 -1
obdef
loc3d
        4.93727739535368              0.69277976810143            187.24655151367190     -1
kind
     26     
    55800          153139     
       12.25000000000000  
 OBS            105
       8.43261355725238
      14.04047735295640
       1.00000000000000
 104 106 -1
obdef
loc3d
        4.94575592838423              0.68143846111579             35.01654815673828     -1
kind
     26     
    55800          153139     
       12.25000000000000  
 OBS            106
      13.03572642522799
       9.40287115603805
       1.00000000000000
 105 107 -1
obdef
loc3d
        4.93184075890513              0.68784163962489             92.58054351806641     -1
kind
     26     
    55800          153139     
       12.25000000000000  
 OBS            107
      16.30332983665058
      11.96660008720700
       1.00000000000000
 106 108 -1
obdef
loc3d
        4.94081711590956              0.68854862967758            162.55853271484381     -1
kind
     26     
    55800          153139     
       12.25000000000000  
 OBS            108
      21.49152301899882
      14.54864379508760
       1.00000000000000
 107 109 -1
obdef
loc3d
        4.94249854456299              0.67650785339572             60.39866638183594     -1
kind
     26     
    55800          153139     
       12.25000000000000  
 OBS            109
       6.45637322870459
      10.29235610208810
       1.00000000000000
 108 110 -1
obdef
loc3d
        4.93162931041089              0.68282844530430             93.04485321044922     -1
kind
     26     
    55800          153139     
       12.25000000000000  
 OBS            110
      12.42521796163300
      10.81715635483230
       1.00000000000000
 109 111 -1
obdef
loc3d
        4.93293180012842              0.69147876068069            106.50605773925780     -1
kind
     26     
    55800          153139     
       12.25000000000000  
 OBS            111
      10.83394110639461
      14.16684864374930
       1.00000000000000
 110 112 -1
obdef
loc3d
        4.94231542915734              0.67925336633936             45.80761718750000     -1
kind
     26     
    55800          153139     
       12.25000000000000  
 OBS            112
      14.43477520534931
      13.29656805718710
       1.00000000000000
 111 113 -1
obdef
loc3d
        4.94267046375275              0.67009027494016             28.73577499389648     -1
kind
     26     
    55800          153139     
       12.25000000000000  
 OBS            113
       7.94127982358084
      12.30665353965190
       1.00000000000000
 112 114 -1
obdef
loc3d
        4.95301390972552              0.69283749825579             93.74549102783203     -1
kind
     26     
    55800          153139     
       12.25000000000000  
 OBS            114
      13.69787485019026
      13.04728148578680
       1.00000000000000
 113 115 -1
obdef
loc3d
        4.93993476658470              0.67588412939320             29.35707092285156     -1
kind
     26     
    55800          153139     
       12.25000000000000  
 OBS            115
      17.03929574684949
      11.57162174420300
       1.00000000000000
 114 116 -1
obdef
loc3d
        4.93755681423869              0.67212761520231             23.80049896240234     -1
kind
     26     
    55800          153139     
       12.25000000000000  
 OBS            116
      11.38417695811232
      12.17077541102670
       1.00000000000000
 115 117 -1
obdef
loc3d
        4.93524778363115              0.68687961042640            201.53530883789060     -1
kind
     26     
    55800          153139     
       12.25000000000000  
 OBS            117
      13.92624329466076
      10.63764605668820
       1.00000000000000
 116 118 -1
obdef
loc3d
        4.94487715611266              0.69284945127485            184.54177856445310     -1
kind
     26     
    55800          153139     
       12.25000000000000  
 OBS            118
      17.12486235403291
      12.88887911543540
       1.00000000000000
 117 119 -1
obdef
loc3d
        4.93574679201688              0.68074234291388             92.12267303466797     -1
kind
     26     
    55800          153139     
       12.25000000000000  
 OBS            119
      19.78779302394602
      15.46329322833350
       1.00000000000000
 118 120 -1
obdef
loc3d
        4.93948311897746              0.68677523412020            143.54531860351560     -1
kind
     26     
    55800          153139     
       12.25000000000000  
 OBS            120
       7.71311823777963
      11.52125336442930
       1.00000000000000
 119 121 -1
obdef
loc3d
        4.93535147134114              0.68874818734546            154.91955566406250     -1
kind
     26     
    55800          153139     
       12.25000000000000  
 OBS            121
      12.45472154922443
      12.84388248909640
       1.00000000000000
 120 122 -1
obdef
loc3d
        4.93998720508067              0.67099618858999             15.00000000000000     -1
kind
     26     
    55800          153139     
       12.25000000000000  
 OBS            122
       9.58965964001981
      11.92549279526870
       1.00000000000000
 121 123 -1
obdef
loc3d
        4.95377154670010              0.68841616298427              1.00000000000000     -1
kind
     26     
    55800          153139     
       12.25000000000000  
 OBS            123
      11.80913704876212
      12.81859303200250
       1.00000000000000
 122 124 -1
obdef
loc3d
        4.94369600674710              0.67424831199146             56.55799865722656     -1
kind
     26     
    55800          153139     
       12.25000000000000  
 OBS            124
      15.71166295753528
      12.88052148680220
       1.00000000000000
 123 125 -1
obdef
loc3d
        4.94554915949750              0.67592825057405             27.37830162048340     -1
kind
     26     
    55800          153139     
       12.25000000000000  
 OBS            125
      12.88451390667703
      15.58365132744930
       1.00000000000000
 124 126 -1
obdef
loc3d
        4.93817225910204              0.68863985936718            220.11502075195310     -1
kind
     26     
    55800          153139     
       12.25000000000000  
 OBS            126
      11.89809710902284
      14.04669771884990
       1.00000000000000
 125 127 -1
obdef
loc3d
        4.94679227765370              0.67424304503817             25.38815879821777     -1
kind
     26     
    55800          153139     
       12.25000000000000  
 OBS            127
      14.40300103952707
      10.17484405194020
       1.00000000000000
 126 128 -1
obdef
loc3d
        4.93825175772606              0.67415674930066             45.00000000000000     -1
kind
     26     
    55800          153139     
       12.25000000000000  
 OBS            128
      17.14265211248187
      11.29682789073000
       1.00000000000000
 127 129 -1
obdef
loc3d
        4.94311892630401              0.68721450203000            155.69055175781250     -1
kind
     26     
    55800          153139     
       12.25000000000000  
 OBS            129
      16.94019972164960
      13.64593892525370
       1.00000000000000
 128 130 -1
obdef
loc3d
        4.94449382724881              0.67792071808206             14.15527343750000     -1
kind
     26     
    55800          153139     
       12.25000000000000  
 OBS            130
      14.48762097821526
      13.18458221436350
       1.00000000000000
 129 131 -1
obdef
loc3d
        4.94565692959859              0.66987151098961             30.00000000000000     -1
kind
     26     
    55800          153139     
       12.25000000000000  
 OBS            131
      16.34313070604744
      15.31029944306880
       1.00000000000000
 130 132 -1
obdef
loc3d
        4.93623940611723              0.68485115788194            160.48159790039060     -1
kind
     26     
    55800          153139     
       12.25000000000000  
 OBS            132
       4.16705479617390
       7.93935610076358
       1.00000000000000
 131 133 -1
obdef
loc3d
        4.93207688179052              0.69191340558627            266.88421630859381     -1
kind
     26     
    55800          153139     
       12.25000000000000  
 OBS            133
      12.47553577185989
       9.65087361075970
       1.00000000000000
 132 134 -1
obdef
loc3d
        4.94337184525690              0.69048472086632            168.92642211914060     -1
kind
     26     
    55800          153139     
       12.25000000000000  
 OBS            134
      10.23235503213924
       9.90218888575095
       1.00000000000000
 133 135 -1
obdef
loc3d
        4.93083275656657              0.69156409584246            530.37139892578125     -1
kind
     26     
    55800          153139     
       12.25000000000000  
 OBS            135
      11.87758830874833
       9.33901269421223
       1.00000000000000
 134 136 -1
obdef
loc3d
        4.93576715774405              0.67026358084744             15.00000000000000     -1
kind
     26     
    55800          153139     
       12.25000000000000  
 OBS            136
      11.96655751766285
      10.31329494379480
       1.00000000000000
 135 137 -1
obdef
loc3d
        4.94676264345478              0.69035499858378            170.37097167968750     -1
kind
     26     
    55800          153139     
       12.25000000000000  
 OBS            137
      13.46160031637324
      12.12606100595620
       1.00000000000000
 136 138 -1
obdef
loc3d
        4.94046883892718              0.69230960363225            232.29916381835940     -1
kind
     26     
    55800          153139     
       12.25000000000000  
 OBS            138
      11.15943796657447
       9.94800084044602
       1.00000000000000
 137 139 -1
obdef
loc3d
        4.94668005348904              0.66792517272334             30.00000000000000     -1
kind
     26     
    55800          153139     
       12.25000000000000  
 OBS            139
      11.63097514757141
       9.13428625135735
       1.00000000000000
 138 140 -1
obdef
loc3d
        4.93142664351951              0.69067116425814            352.18109130859381     -1
kind
     26     
    55800          153139     
       12.25000000000000  
 OBS            140
       2.59256677139841
       9.46441133277608
       1.00000000000000
 139 141 -1
obdef
loc3d
        4.93315860158957              0.69236546390432            148.09797668457031     -1
kind
     26     
    55800          153139     
       12.25000000000000  
 OBS            141
      12.21632193543243
      14.75994372496810
       1.00000000000000
 140 142 -1
obdef
loc3d
        4.94330474517536              0.68101851702487             28.94674682617188     -1
kind
     26     
    55800          153139     
       12.25000000000000  
 OBS            142
      10.15810265521556
      13.21021988276390
       1.00000000000000
 141 143 -1
obdef
loc3d
        4.93900329796962              0.68465687192145            135.10733032226560     -1
kind
     26     
    55800          153139     
       12.25000000000000  
 OBS            143
      11.27541608197021
       9.64751924473687
       1.00000000000000
 142 144 -1
obdef
loc3d
        4.94044166392076              0.68262352587105            131.77731323242190     -1
kind
     26     
    55800          153139     
       12.25000000000000  
 OBS            144
       6.56224130317790
       3.87948034910168
       1.00000000000000
 143 145 -1
obdef
loc3d
        4.92619210793233              0.68978851614430            140.91706848144531     -1
kind
     26     
    55800          153139     
       12.25000000000000  
 OBS            145
       9.21043831249111
      10.26974784095600
       1.00000000000000
 144 146 -1
obdef
loc3d
        4.94963312081941              0.66996996266355             29.99300956726074     -1
kind
     26     
    55800          153139     
       12.25000000000000  
 OBS            146
      12.28268822730048
       8.88807275598372
       1.00000000000000
 145 147 -1
obdef
loc3d
        4.92700392971737              0.68887132383449            128.38885498046881     -1
kind
     26     
    55800          153139     
       12.25000000000000  
 OBS            147
      19.90953461841747
      13.97997610865200
       1.00000000000000
 146 148 -1
obdef
loc3d
        4.94246333188258              0.67229541033138             45.31371688842773     -1
kind
     26     
    55800          153139     
       12.25000000000000  
 OBS            148
      14.18503845551140
      14.62184096731570
       1.00000000000000
 147 149 -1
obdef
loc3d
        4.94297820410103              0.68302629331082             53.72113800048828     -1
kind
     26     
    55800          153139     
       12.25000000000000  
 OBS            149
      12.78195243082060
      11.35659975861220
       1.00000000000000
 148 150 -1
obdef
loc3d
        4.94625467437127              0.67931016686449             42.11843872070312     -1
kind
     26     
    55800          153139     
       12.25000000000000  
 OBS            150
      12.73706795205159
      11.40058998107030
       1.00000000000000
 149 151 -1
obdef
loc3d
        4.93718236751881              0.69150375136553            153.15858459472659     -1
kind
     26     
    55800          153139     
       12.25000000000000  
 OBS            151
     292.52885618394731
     293.14489552887500
       1.00000000000000
 150 152 -1
obdef
loc3d
        4.90540352515539              0.69194112440599            606.33142089843750     -1
kind
     27     
    55800          153139     
        6.25000000000000  
 OBS            152
     293.94302659324347
     292.91873536119800
       1.00000000000000
 151 153 -1
obdef
loc3d
        4.94546412681761              0.68348353984884             17.75631332397461     -1
kind
     27     
    55800          153139     
        6.25000000000000  
 OBS            153
     295.95519672785775
     293.79376483058201
       1.00000000000000
 152 154 -1
obdef
loc3d
        4.94660974174000              0.67744857875853             29.35406684875488     -1
kind
     27     
    55800          153139     
        6.25000000000000  
 OBS            154
     291.22682572543880
     290.86321112030299
       1.00000000000000
 153 155 -1
obdef
loc3d
        4.94648126630843              0.68652865419204             54.82812500000000     -1
kind
     27     
    55800          153139     
        6.25000000000000  
 OBS            155
     292.39238688806245
     292.74823409815502
       1.00000000000000
 154 156 -1
obdef
loc3d
        4.94445426011379              0.68507566758975             62.61011505126953     -1
kind
     27     
    55800          153139     
        6.25000000000000  
 OBS            156
     290.26491712618162
     290.42122096557398
       1.00000000000000
 155 157 -1
obdef
loc3d
        4.94602055174578              0.68752162087271            134.15721130371091     -1
kind
     27     
    55800          153139     
        6.25000000000000  
 OBS            157
     291.46540749870223
     293.75371228379800
       1.00000000000000
 156 158 -1
obdef
loc3d
        4.94603912728501              0.67254511985829             35.00297546386719     -1
kind
     27     
    55800          153139     
        6.25000000000000  
 OBS            158
     290.84718194363842
     292.67232118325302
       1.00000000000000
 157 159 -1
obdef
loc3d
        4.95877904994953              0.67986585977255             17.04111671447754     -1
kind
     27     
    55800          153139     
        6.25000000000000  
 OBS            159
     292.16038613971818
     291.42696052992301
       1.00000000000000
 158 160 -1
obdef
loc3d
        4.93958042817759              0.69095160998657            226.13127136230469     -1
kind
     27     
    55800          153139     
        6.25000000000000  
 OBS            160
     292.34410349224737
     291.28326772814700
       1.00000000000000
 159 161 -1
obdef
loc3d
        4.95756313665553              0.69181797222864             89.84997558593750     -1
kind
     27     
    55800          153139     
        6.25000000000000  
 OBS            161
     296.32662098609228
     294.47152226175098
       1.00000000000000
 160 162 -1
obdef
loc3d
        4.94078657111844              0.67409210989409             60.81152343750000     -1
kind
     27     
    55800          153139     
        6.25000000000000  
 OBS            162
     293.67515589367838
     293.54176465277197
       1.00000000000000
 161 163 -1
obdef
loc3d
        4.95557846691255              0.67267262139613              1.00000000000000     -1
kind
     27     
    55800          153139     
        6.25000000000000  
 OBS            163
     293.67955065923775
     292.58778665193603
       1.00000000000000
 162 164 -1
obdef
loc3d
        4.93193348448080              0.68856418981073            106.00000000000000     -1
kind
     27     
    55800          153139     
        6.25000000000000  
 OBS            164
     291.03298890615662
     291.02737889792502
       1.00000000000000
 163 165 -1
obdef
loc3d
        4.89970838141578              0.68765245249877            785.09423828125000     -1
kind
     27     
    55800          153139     
        6.25000000000000  
 OBS            165
     289.27183593465958
     290.81499663278998
       1.00000000000000
 164 166 -1
obdef
loc3d
        4.95026814558372              0.68993059237416             93.11567687988281     -1
kind
     27     
    55800          153139     
        6.25000000000000  
 OBS            166
     293.06365629029341
     292.20439779824500
       1.00000000000000
 165 167 -1
obdef
loc3d
        4.94174512165160              0.68484635226999            116.56585693359381     -1
kind
     27     
    55800          153139     
        6.25000000000000  
 OBS            167
     290.06557956980288
     292.26466280192102
       1.00000000000000
 166 168 -1
obdef
loc3d
        4.95420735021482              0.68473663912788             15.00000000000000     -1
kind
     27     
    55800          153139     
        6.25000000000000  
 OBS            168
     293.82634690632977
     293.21255524061303
       1.00000000000000
 167 169 -1
obdef
loc3d
        4.93477042118681              0.68310638816012            118.89588928222661     -1
kind
     27     
    55800          153139     
        6.25000000000000  
 OBS            169
     292.90986889488153
     292.43322666474700
       1.00000000000000
 168 170 -1
obdef
loc3d
        4.93795631029682              0.68276407673392            144.94107055664060     -1
kind
     27     
    55800          153139     
        6.25000000000000  
 OBS            170
     295.83797393850904
     293.72050195027902
       1.00000000000000
 169 171 -1
obdef
loc3d
        4.94001671685736              0.68064929967652             43.67281723022461     -1
kind
     27     
    55800          153139     
        6.25000000000000  
 OBS            171
     293.68460389364191
     294.08851342362800
       1.00000000000000
 170 172 -1
obdef
loc3d
        4.94058460161740              0.67807181314514             70.17810058593750     -1
kind
     27     
    55800          153139     
        6.25000000000000  
 OBS            172
     294.15889549842757
     293.36375504928799
       1.00000000000000
 171 173 -1
obdef
loc3d
        4.95423295419494              0.68033176843505              3.71636104583740     -1
kind
     27     
    55800          153139     
        6.25000000000000  
 OBS            173
     296.23839475999029
     295.07046460062901
       1.00000000000000
 172 174 -1
obdef
loc3d
        4.94926894458696              0.66642585587446             10.91526031494141     -1
kind
     27     
    55800          153139     
        6.25000000000000  
 OBS            174
     292.18959667813493
     292.15880384866898
       1.00000000000000
 173 175 -1
obdef
loc3d
        4.96223480186848              0.66700036066835              5.00000000000000     -1
kind
     27     
    55800          153139     
        6.25000000000000  
 OBS            175
     293.12276709609290
     292.85291267427800
       1.00000000000000
 174 176 -1
obdef
loc3d
        4.95546148971009              0.67729393735082              6.17724800109863     -1
kind
     27     
    55800          153139     
        6.25000000000000  
 OBS            176
     292.22909239852612
     291.79731301061503
       1.00000000000000
 175 177 -1
obdef
loc3d
        4.92652723985629              0.69051382381431            146.04148864746091     -1
kind
     27     
    55800          153139     
        6.25000000000000  
 OBS            177
     291.19215380449504
     292.07456972230500
       1.00000000000000
 176 178 -1
obdef
loc3d
        4.96366005344362              0.66920346185787              6.00000000000000     -1
kind
     27     
    55800          153139     
        6.25000000000000  
 OBS            178
     291.10622859824366
     290.48098837369400
       1.00000000000000
 177 179 -1
obdef
loc3d
        4.97052949833720              0.66907739847133              8.84140872955322     -1
kind
     27     
    55800          153139     
        6.25000000000000  
 OBS            179
     292.55684498724065
     292.19304226145499
       1.00000000000000
 178 180 -1
obdef
loc3d
        4.93727739535368              0.69277976810143            187.24655151367190     -1
kind
     27     
    55800          153139     
        6.25000000000000  
 OBS            180
     292.24285060169825
     293.66154421239003
       1.00000000000000
 179 181 -1
obdef
loc3d
        4.94575592838423              0.68143846111579             35.01654815673828     -1
kind
     27     
    55800          153139     
        6.25000000000000  
 OBS            181
     291.09367733131103
     292.62701448389203
       1.00000000000000
 180 182 -1
obdef
loc3d
        4.93184075890513              0.68784163962489             92.58054351806641     -1
kind
     27     
    55800          153139     
        6.25000000000000  
 OBS            182
     291.40068559018692
     291.81096418689702
       1.00000000000000
 181 183 -1
obdef
loc3d
        4.94081711590956              0.68854862967758            162.55853271484381     -1
kind
     27     
    55800          153139     
        6.25000000000000  
 OBS            183
     292.42450226080234
     294.18352294372801
       1.00000000000000
 182 184 -1
obdef
loc3d
        4.94249854456299              0.67650785339572             60.39866638183594     -1
kind
     27     
    55800          153139     
        6.25000000000000  
 OBS            184
     291.24849354402437
     292.81595372342701
       1.00000000000000
 183 185 -1
obdef
loc3d
        4.93162931041089              0.68282844530430             93.04485321044922     -1
kind
     27     
    55800          153139     
        6.25000000000000  
 OBS            185
     290.91855663277852
     292.00625414539599
       1.00000000000000
 184 186 -1
obdef
loc3d
        4.93293180012842              0.69147876068069            106.50605773925780     -1
kind
     27     
    55800          153139     
        6.25000000000000  
 OBS            186
     294.56683806423104
     293.86992396159502
       1.00000000000000
 185 187 -1
obdef
loc3d
        4.94231542915734              0.67925336633936             45.80761718750000     -1
kind
     27     
    55800          153139     
        6.25000000000000  
 OBS            187
     295.24064080574198
     294.17441573354398
       1.00000000000000
 186 188 -1
obdef
loc3d
        4.94267046375275              0.67009027494016             28.73577499389648     -1
kind
     27     
    55800          153139     
        6.25000000000000  
 OBS            188
     292.08024172448103
     291.79601740638299
       1.00000000000000
 187 189 -1
obdef
loc3d
        4.95301390972552              0.69283749825579             93.74549102783203     -1
kind
     27     
    55800          153139     
        6.25000000000000  
 OBS            189
     294.43376150265607
     294.06261862416301
       1.00000000000000
 188 190 -1
obdef
loc3d
        4.93993476658470              0.67588412939320             29.35707092285156     -1
kind
     27     
    55800          153139     
        6.25000000000000  
 OBS            190
     296.27156769497026
     294.67745608204001
       1.00000000000000
 189 191 -1
obdef
loc3d
        4.93755681423869              0.67212761520231             23.80049896240234     -1
kind
     27     
    55800          153139     
        6.25000000000000  
 OBS            191
     293.02440384122644
     291.93592853378999
       1.00000000000000
 190 192 -1
obdef
loc3d
        4.93524778363115              0.68687961042640            201.53530883789060     -1
kind
     27     
    55800          153139     
        6.25000000000000  
 OBS            192
     290.10150214910567
     290.53056709782197
       1.00000000000000
 191 193 -1
obdef
loc3d
        4.94487715611266              0.69284945127485            184.54177856445310     -1
kind
     27     
    55800          153139     
        6.25000000000000  
 OBS            193
     294.77330437127802
     293.52789708465599
       1.00000000000000
 192 194 -1
obdef
loc3d
        4.93574679201688              0.68074234291388             92.12267303466797     -1
kind
     27     
    55800          153139     
        6.25000000000000  
 OBS            194
     291.57798839172750
     292.22357296730200
       1.00000000000000
 193 195 -1
obdef
loc3d
        4.93948311897746              0.68677523412020            143.54531860351560     -1
kind
     27     
    55800          153139     
        6.25000000000000  
 OBS            195
     293.24125605365617
     292.17020645614298
       1.00000000000000
 194 196 -1
obdef
loc3d
        4.93535147134114              0.68874818734546            154.91955566406250     -1
kind
     27     
    55800          153139     
        6.25000000000000  
 OBS            196
     296.22228268275518
     294.72249953427200
       1.00000000000000
 195 197 -1
obdef
loc3d
        4.93998720508067              0.67099618858999             15.00000000000000     -1
kind
     27     
    55800          153139     
        6.25000000000000  
 OBS            197
     292.75402034567168
     291.76973929381501
       1.00000000000000
 196 198 -1
obdef
loc3d
        4.95377154670010              0.68841616298427              1.00000000000000     -1
kind
     27     
    55800          153139     
        6.25000000000000  
 OBS            198
     292.57797024589377
     293.83691624542502
       1.00000000000000
 197 199 -1
obdef
loc3d
        4.94369600674710              0.67424831199146             56.55799865722656     -1
kind
     27     
    55800          153139     
        6.25000000000000  
 OBS            199
     295.18228186860330
     293.54092326514399
       1.00000000000000
 198 200 -1
obdef
loc3d
        4.94554915949750              0.67592825057405             27.37830162048340     -1
kind
     27     
    55800          153139     
        6.25000000000000  
 OBS            200
     290.00188829383694
     291.28324376970602
       1.00000000000000
 199 201 -1
obdef
loc3d
        4.93817225910204              0.68863985936718            220.11502075195310     -1
kind
     27     
    55800          153139     
        6.25000000000000  
 OBS            201
     293.03904680490967
     293.85599740278298
       1.00000000000000
 200 202 -1
obdef
loc3d
        4.94679227765370              0.67424304503817             25.38815879821777     -1
kind
     27     
    55800          153139     
        6.25000000000000  
 OBS            202
     295.15468193165094
     294.28075959967299
       1.00000000000000
 201 203 -1
obdef
loc3d
        4.93825175772606              0.67415674930066             45.00000000000000     -1
kind
     27     
    55800          153139     
        6.25000000000000  
 OBS            203
     293.62017374343577
     291.56565543188202
       1.00000000000000
 202 204 -1
obdef
loc3d
        4.94311892630401              0.68721450203000            155.69055175781250     -1
kind
     27     
    55800          153139     
        6.25000000000000  
 OBS            204
     293.65107490642998
     293.84605998354800
       1.00000000000000
 203 205 -1
obdef
loc3d
        4.94449382724881              0.67792071808206             14.15527343750000     -1
kind
     27     
    55800          153139     
        6.25000000000000  
 OBS            205
     293.20753724020341
     293.99034584160398
       1.00000000000000
 204 206 -1
obdef
loc3d
        4.94565692959859              0.66987151098961             30.00000000000000     -1
kind
     27     
    55800          153139     
        6.25000000000000  
 OBS            206
     292.80972620604479
     292.64038699634199
       1.00000000000000
 205 207 -1
obdef
loc3d
        4.93623940611723              0.68485115788194            160.48159790039060     -1
kind
     27     
    55800          153139     
        6.25000000000000  
 OBS            207
     291.58858595706437
     291.28643466795597
       1.00000000000000
 206 208 -1
obdef
loc3d
        4.93207688179052              0.69191340558627            266.88421630859381     -1
kind
     27     
    55800          153139     
        6.25000000000000  
 OBS            208
     291.49609543495222
     291.13970935943598
       1.00000000000000
 207 209 -1
obdef
loc3d
        4.94337184525690              0.69048472086632            168.92642211914060     -1
kind
     27     
    55800          153139     
        6.25000000000000  
 OBS            209
     289.17080343622763
     290.18789729109801
       1.00000000000000
 208 210 -1
obdef
loc3d
        4.93083275656657              0.69156409584246            530.37139892578125     -1
kind
     27     
    55800          153139     
        6.25000000000000  
 OBS            210
     294.87144690130663
     295.17218296646598
       1.00000000000000
 209 211 -1
obdef
loc3d
        4.93576715774405              0.67026358084744             15.00000000000000     -1
kind
     27     
    55800          153139     
        6.25000000000000  
 OBS            211
     292.82058447273948
     290.58037868611899
       1.00000000000000
 210 212 -1
obdef
loc3d
        4.94676264345478              0.69035499858378            170.37097167968750     -1
kind
     27     
    55800          153139     
        6.25000000000000  
 OBS            212
     290.86157964047146
     291.44391096849898
       1.00000000000000
 211 213 -1
obdef
loc3d
        4.94046883892718              0.69230960363225            232.29916381835940     -1
kind
     27     
    55800          153139     
        6.25000000000000  
 OBS            213
     296.07901012824010
     294.99273861141398
       1.00000000000000
 212 214 -1
obdef
loc3d
        4.94668005348904              0.66792517272334             30.00000000000000     -1
kind
     27     
    55800          153139     
        6.25000000000000  
 OBS            214
     291.07658972462906
     290.67741039009798
       1.00000000000000
 213 215 -1
obdef
loc3d
        4.93142664351951              0.69067116425814            352.18109130859381     -1
kind
     27     
    55800          153139     
        6.25000000000000  
 OBS            215
     292.15324422578016
     291.63686701899201
       1.00000000000000
 214 216 -1
obdef
loc3d
        4.93315860158957              0.69236546390432            148.09797668457031     -1
kind
     27     
    55800          153139     
        6.25000000000000  
 OBS            216
     295.04814790141234
     294.31800037736798
       1.00000000000000
 215 217 -1
obdef
loc3d
        4.94330474517536              0.68101851702487             28.94674682617188     -1
kind
     27     
    55800          153139     
        6.25000000000000  
 OBS            217
     293.93782136000647
     292.73863772103402
       1.00000000000000
 216 218 -1
obdef
loc3d
        4.93900329796962              0.68465687192145            135.10733032226560     -1
kind
     27     
    55800          153139     
        6.25000000000000  
 OBS            218
     292.75988523037876
     292.21957782094398
       1.00000000000000
 217 219 -1
obdef
loc3d
        4.94044166392076              0.68262352587105            131.77731323242190     -1
kind
     27     
    55800          153139     
        6.25000000000000  
 OBS            219
     292.29107393127782
     291.87278758241098
       1.00000000000000
 218 220 -1
obdef
loc3d
        4.92619210793233              0.68978851614430            140.91706848144531     -1
kind
     27     
    55800          153139     
        6.25000000000000  
 OBS            220
     293.21432848636078
     294.28136017147602
       1.00000000000000
 219 221 -1
obdef
loc3d
        4.94963312081941              0.66996996266355             29.99300956726074     -1
kind
     27     
    55800          153139     
        6.25000000000000  
 OBS            221
     294.16542364399129
     292.58930467258398
       1.00000000000000
 220 222 -1
obdef
loc3d
        4.92700392971737              0.68887132383449            128.38885498046881     -1
kind
     27     
    55800          153139     
        6.25000000000000  
 OBS            222
     294.69976931507875
     294.21045878565201
       1.00000000000000
 221 223 -1
obdef
loc3d
        4.94246333188258              0.67229541033138             45.31371688842773     -1
kind
     27     
    55800          153139     
        6.25000000000000  
 OBS            223
     293.07518757358838
     293.71261039109498
       1.00000000000000
 222 224 -1
obdef
loc3d
        4.94297820410103              0.68302629331082             53.72113800048828     -1
kind
     27     
    55800          153139     
        6.25000000000000  
 OBS            224
     296.78625547802432
     293.56885768096799
       1.00000000000000
 223 225 -1
obdef
loc3d
        4.94625467437127              0.67931016686449             42.11843872070312     -1
kind
     27     
    55800          153139     
        6.25000000000000  
 OBS            225
     292.76097524330083
     292.27876629477203
       1.00000000000000
 224 -1 -1
obdef
loc3d
        4.93718236751881              0.69150375136553            153.15858459472659     -1
kind
     27     
    55800          153139     
        6.25000000000000  
