 obs_sequence
obs_kind_definitions
       3
    25          LAND_SFC_U_WIND_COMPONENT   
    26          LAND_SFC_V_WIND_COMPONENT   
    27          LAND_SFC_TEMPERATURE   
  num_copies:            2  num_qc:            1
 num_obs:       225  max_num_obs:       225
observations
truth
QC radar
  first:            1  last:       225
 OBS            1
      -0.92674756166159
       3.46670140911562
       1.00000000000000
 -1 2 -1
obdef
loc3d
        4.90540352515539              0.69194112440599            606.33142089843750     -1
kind
     25     
    34200          153139     
       12.25000000000000  
 OBS            2
      -5.35788657457530
      -1.74176282912744
       1.00000000000000
 1 3 -1
obdef
loc3d
        4.94546412681761              0.68348353984884             17.75631332397461     -1
kind
     25     
    34200          153139     
       12.25000000000000  
 OBS            3
      -4.43136342701755
      -1.94671584108370
       1.00000000000000
 2 4 -1
obdef
loc3d
        4.94660974174000              0.67744857875853             29.35406684875488     -1
kind
     25     
    34200          153139     
       12.25000000000000  
 OBS            4
      -6.23291557578530
      -0.80542445716468
       1.00000000000000
 3 5 -1
obdef
loc3d
        4.94648126630843              0.68652865419204             54.82812500000000     -1
kind
     25     
    34200          153139     
       12.25000000000000  
 OBS            5
      -1.02300771692699
      -0.03314711345549
       1.00000000000000
 4 6 -1
obdef
loc3d
        4.94445426011379              0.68507566758975             62.61011505126953     -1
kind
     25     
    34200          153139     
       12.25000000000000  
 OBS            6
      -4.15355468836726
      -0.83191405272122
       1.00000000000000
 5 7 -1
obdef
loc3d
        4.94602055174578              0.68752162087271            134.15721130371091     -1
kind
     25     
    34200          153139     
       12.25000000000000  
 OBS            7
      -2.17663948210641
      -1.16549588292396
       1.00000000000000
 6 8 -1
obdef
loc3d
        4.94603912728501              0.67254511985829             35.00297546386719     -1
kind
     25     
    34200          153139     
       12.25000000000000  
 OBS            8
      -4.30138259049449
      -2.17031286539315
       1.00000000000000
 7 9 -1
obdef
loc3d
        4.95877904994953              0.67986585977255             17.04111671447754     -1
kind
     25     
    34200          153139     
       12.25000000000000  
 OBS            9
      -5.71698092948830
      -2.99151631252822
       1.00000000000000
 8 10 -1
obdef
loc3d
        4.93958042817759              0.69095160998657            226.13127136230469     -1
kind
     25     
    34200          153139     
       12.25000000000000  
 OBS            10
       0.55880078233836
      -1.63193791022484
       1.00000000000000
 9 11 -1
obdef
loc3d
        4.95756313665553              0.69181797222864             89.84997558593750     -1
kind
     25     
    34200          153139     
       12.25000000000000  
 OBS            11
      -2.96340345625507
      -0.70057798922625
       1.00000000000000
 10 12 -1
obdef
loc3d
        4.94078657111844              0.67409210989409             60.81152343750000     -1
kind
     25     
    34200          153139     
       12.25000000000000  
 OBS            12
       2.50025964320672
       1.37172376206609
       1.00000000000000
 11 13 -1
obdef
loc3d
        4.95557846691255              0.67267262139613              1.00000000000000     -1
kind
     25     
    34200          153139     
       12.25000000000000  
 OBS            13
       0.31130126880811
      -0.44319022239768
       1.00000000000000
 12 14 -1
obdef
loc3d
        4.93193348448080              0.68856418981073            106.00000000000000     -1
kind
     25     
    34200          153139     
       12.25000000000000  
 OBS            14
       5.63954145699901
       4.45082181652191
       1.00000000000000
 13 15 -1
obdef
loc3d
        4.89970838141578              0.68765245249877            785.09423828125000     -1
kind
     25     
    34200          153139     
       12.25000000000000  
 OBS            15
       1.26530459142560
      -0.34534345147378
       1.00000000000000
 14 16 -1
obdef
loc3d
        4.95026814558372              0.68993059237416             93.11567687988281     -1
kind
     25     
    34200          153139     
       12.25000000000000  
 OBS            16
       2.10727867208706
      -1.14178794097460
       1.00000000000000
 15 17 -1
obdef
loc3d
        4.94174512165160              0.68484635226999            116.56585693359381     -1
kind
     25     
    34200          153139     
       12.25000000000000  
 OBS            17
       6.52534033976287
       2.62653644518630
       1.00000000000000
 16 18 -1
obdef
loc3d
        4.95420735021482              0.68473663912788             15.00000000000000     -1
kind
     25     
    34200          153139     
       12.25000000000000  
 OBS            18
      -1.93102133130503
      -1.79672921824943
       1.00000000000000
 17 19 -1
obdef
loc3d
        4.93477042118681              0.68310638816012            118.89588928222661     -1
kind
     25     
    34200          153139     
       12.25000000000000  
 OBS            19
       1.27691227718515
      -1.56171539474036
       1.00000000000000
 18 20 -1
obdef
loc3d
        4.93795631029682              0.68276407673392            144.94107055664060     -1
kind
     25     
    34200          153139     
       12.25000000000000  
 OBS            20
      -3.22210852623691
      -1.15361501030708
       1.00000000000000
 19 21 -1
obdef
loc3d
        4.94001671685736              0.68064929967652             43.67281723022461     -1
kind
     25     
    34200          153139     
       12.25000000000000  
 OBS            21
       1.18519877909430
      -1.08920456778641
       1.00000000000000
 20 22 -1
obdef
loc3d
        4.94058460161740              0.67807181314514             70.17810058593750     -1
kind
     25     
    34200          153139     
       12.25000000000000  
 OBS            22
       1.86889426008677
      -0.93050168750320
       1.00000000000000
 21 23 -1
obdef
loc3d
        4.95423295419494              0.68033176843505              3.71636104583740     -1
kind
     25     
    34200          153139     
       12.25000000000000  
 OBS            23
       0.12706511423798
      -2.35156090402650
       1.00000000000000
 22 24 -1
obdef
loc3d
        4.94926894458696              0.66642585587446             10.91526031494141     -1
kind
     25     
    34200          153139     
       12.25000000000000  
 OBS            24
      -3.71368517832308
      -1.02787906335202
       1.00000000000000
 23 25 -1
obdef
loc3d
        4.96223480186848              0.66700036066835              5.00000000000000     -1
kind
     25     
    34200          153139     
       12.25000000000000  
 OBS            25
       3.40469741443985
      -1.04549844769320
       1.00000000000000
 24 26 -1
obdef
loc3d
        4.95546148971009              0.67729393735082              6.17724800109863     -1
kind
     25     
    34200          153139     
       12.25000000000000  
 OBS            26
       1.27750758578526
      -1.33346281263883
       1.00000000000000
 25 27 -1
obdef
loc3d
        4.92652723985629              0.69051382381431            146.04148864746091     -1
kind
     25     
    34200          153139     
       12.25000000000000  
 OBS            27
      -1.44864742399086
      -1.81392108000243
       1.00000000000000
 26 28 -1
obdef
loc3d
        4.96366005344362              0.66920346185787              6.00000000000000     -1
kind
     25     
    34200          153139     
       12.25000000000000  
 OBS            28
       2.12008696851541
      -1.04290244738995
       1.00000000000000
 27 29 -1
obdef
loc3d
        4.97052949833720              0.66907739847133              8.84140872955322     -1
kind
     25     
    34200          153139     
       12.25000000000000  
 OBS            29
       0.53547284890220
      -3.00341207217503
       1.00000000000000
 28 30 -1
obdef
loc3d
        4.95245337490985              0.69269329908122            116.45774841308589     -1
kind
     25     
    34200          153139     
       12.25000000000000  
 OBS            30
      -5.34964901742002
      -1.65304824128404
       1.00000000000000
 29 31 -1
obdef
loc3d
        4.94885353278042              0.69277717633329            144.09075927734381     -1
kind
     25     
    34200          153139     
       12.25000000000000  
 OBS            31
      -0.38898675105900
      -1.23695731858310
       1.00000000000000
 30 32 -1
obdef
loc3d
        4.94336975041274              0.69009669144632            168.92642211914060     -1
kind
     25     
    34200          153139     
       12.25000000000000  
 OBS            32
      -1.65129127467703
      -0.95843779416869
       1.00000000000000
 31 33 -1
obdef
loc3d
        4.93556788041953              0.67027828664670             15.00000000000000     -1
kind
     25     
    34200          153139     
       12.25000000000000  
 OBS            33
       3.08831331792072
      -1.12576040079797
       1.00000000000000
 32 34 -1
obdef
loc3d
        4.94033180527593              0.67113295277478             15.00000000000000     -1
kind
     25     
    34200          153139     
       12.25000000000000  
 OBS            34
      -3.47068440962325
      -1.21769199463550
       1.00000000000000
 33 35 -1
obdef
loc3d
        4.94303858410231              0.67245219021673             45.31371688842773     -1
kind
     25     
    34200          153139     
       12.25000000000000  
 OBS            35
      -0.73372877421036
      -1.31250559475645
       1.00000000000000
 34 36 -1
obdef
loc3d
        4.94353452184302              0.67563108019985             33.40631103515625     -1
kind
     25     
    34200          153139     
       12.25000000000000  
 OBS            36
      -3.15989764125016
      -1.68289454973185
       1.00000000000000
 35 37 -1
obdef
loc3d
        4.94374389829480              0.67833415521310             29.86422538757324     -1
kind
     25     
    34200          153139     
       12.25000000000000  
 OBS            37
      -3.56993504937512
      -0.86202478228926
       1.00000000000000
 36 38 -1
obdef
loc3d
        4.94273365028682              0.68737244152012            176.80966186523440     -1
kind
     25     
    34200          153139     
       12.25000000000000  
 OBS            38
      -0.41887408423535
      -2.79960884747487
       1.00000000000000
 37 39 -1
obdef
loc3d
        4.92701506510552              0.68724654189208            235.55827331542969     -1
kind
     25     
    34200          153139     
       12.25000000000000  
 OBS            39
      -4.33653371999323
      -1.74220131706983
       1.00000000000000
 38 40 -1
obdef
loc3d
        4.93770287749180              0.68559892863867            149.84144592285159     -1
kind
     25     
    34200          153139     
       12.25000000000000  
 OBS            40
      10.04979643551110
       0.12806398043757
       1.00000000000000
 39 41 -1
obdef
loc3d
        4.92849072850511              0.69275166570057            196.64169311523440     -1
kind
     25     
    34200          153139     
       12.25000000000000  
 OBS            41
      -1.37121865208551
      -1.24573301944947
       1.00000000000000
 40 42 -1
obdef
loc3d
        4.94704606827608              0.66890083993760             30.00000000000000     -1
kind
     25     
    34200          153139     
       12.25000000000000  
 OBS            42
       3.38716673147780
      -0.84781595788973
       1.00000000000000
 41 43 -1
obdef
loc3d
        4.93215285315783              0.69272179551745            405.54205322265619     -1
kind
     25     
    34200          153139     
       12.25000000000000  
 OBS            43
      -4.67854644216603
      -1.40663209219692
       1.00000000000000
 42 44 -1
obdef
loc3d
        4.93041137291484              0.68610286792166             95.01055908203125     -1
kind
     25     
    34200          153139     
       12.25000000000000  
 OBS            44
      -3.25646879621952
      -2.18671706820712
       1.00000000000000
 43 45 -1
obdef
loc3d
        4.94340662813579              0.66912283370227             30.00000000000000     -1
kind
     25     
    34200          153139     
       12.25000000000000  
 OBS            45
      -2.78022768507336
      -3.81379690656754
       1.00000000000000
 44 46 -1
obdef
loc3d
        4.94246051140049              0.69284522685509            232.15176391601560     -1
kind
     25     
    34200          153139     
       12.25000000000000  
 OBS            46
       1.36938789042918
      -0.32909102164914
       1.00000000000000
 45 47 -1
obdef
loc3d
        4.94897278262263              0.68784055253573             58.60614395141602     -1
kind
     25     
    34200          153139     
       12.25000000000000  
 OBS            47
      -0.15425496620169
      -1.18046743936597
       1.00000000000000
 46 48 -1
obdef
loc3d
        4.94541527617556              0.68071005727643             33.77826690673828     -1
kind
     25     
    34200          153139     
       12.25000000000000  
 OBS            48
      -2.11128835487785
      -0.84935881853272
       1.00000000000000
 47 49 -1
obdef
loc3d
        4.93748800785195              0.67296050504062             44.45593643188477     -1
kind
     25     
    34200          153139     
       12.25000000000000  
 OBS            49
      -1.99431828054381
      -2.15907608834744
       1.00000000000000
 48 50 -1
obdef
loc3d
        4.93696530791536              0.69256666762304            156.90283203125000     -1
kind
     25     
    34200          153139     
       12.25000000000000  
 OBS            50
      -1.36635223712352
      -2.16624357579692
       1.00000000000000
 49 51 -1
obdef
loc3d
        4.92145179475246              0.69276808226809            165.77503967285159     -1
kind
     25     
    34200          153139     
       12.25000000000000  
 OBS            51
       1.49289971854853
      -0.93524637819040
       1.00000000000000
 50 52 -1
obdef
loc3d
        4.93950672299123              0.68813471885857            177.40441894531250     -1
kind
     25     
    34200          153139     
       12.25000000000000  
 OBS            52
      -5.50878679334736
      -2.96377128313435
       1.00000000000000
 51 53 -1
obdef
loc3d
        4.93611382531472              0.68823817566222            173.73840332031250     -1
kind
     25     
    34200          153139     
       12.25000000000000  
 OBS            53
       2.23869676927143
      -0.85586281405553
       1.00000000000000
 52 54 -1
obdef
loc3d
        4.94685988234341              0.69028594514941            170.37097167968750     -1
kind
     25     
    34200          153139     
       12.25000000000000  
 OBS            54
       1.75469299461105
      -1.06847515490560
       1.00000000000000
 53 55 -1
obdef
loc3d
        4.93440797857224              0.69076858072881            137.08886718750000     -1
kind
     25     
    34200          153139     
       12.25000000000000  
 OBS            55
      -4.61005605765436
      -2.17214429154557
       1.00000000000000
 54 56 -1
obdef
loc3d
        4.93397023736678              0.68569719666510            120.48287200927730     -1
kind
     25     
    34200          153139     
       12.25000000000000  
 OBS            56
      -6.31158070455244
      -2.18035417907677
       1.00000000000000
 55 57 -1
obdef
loc3d
        4.96098036034072              0.67790128169477             17.24609375000000     -1
kind
     25     
    34200          153139     
       12.25000000000000  
 OBS            57
      -3.12952943412983
      -2.80439033353359
       1.00000000000000
 56 58 -1
obdef
loc3d
        4.95746178551042              0.68576241061300             17.20619201660156     -1
kind
     25     
    34200          153139     
       12.25000000000000  
 OBS            58
      -4.96907698204495
      -0.67754993891021
       1.00000000000000
 57 59 -1
obdef
loc3d
        4.96821528454312              0.66626811336639              8.93466186523438     -1
kind
     25     
    34200          153139     
       12.25000000000000  
 OBS            59
       1.72273823771287
      -3.56699481213821
       1.00000000000000
 58 60 -1
obdef
loc3d
        4.95821139545160              0.68356985009176             15.00000000000000     -1
kind
     25     
    34200          153139     
       12.25000000000000  
 OBS            60
      -4.41884958211305
      -1.58395315471820
       1.00000000000000
 59 61 -1
obdef
loc3d
        4.95929084301108              0.67289450711582              9.91464328765869     -1
kind
     25     
    34200          153139     
       12.25000000000000  
 OBS            61
      -1.28365558026729
      -1.46682148929839
       1.00000000000000
 60 62 -1
obdef
loc3d
        4.95884231318174              0.67566319569297             12.79061889648438     -1
kind
     25     
    34200          153139     
       12.25000000000000  
 OBS            62
      -9.58008940778985
      -2.92603157039211
       1.00000000000000
 61 63 -1
obdef
loc3d
        4.96068172506451              0.68176493518182             14.00000000000000     -1
kind
     25     
    34200          153139     
       12.25000000000000  
 OBS            63
       1.46146805198433
      -0.64714417415555
       1.00000000000000
 62 64 -1
obdef
loc3d
        4.96044430349621              0.68522255501691             15.00000000000000     -1
kind
     25     
    34200          153139     
       12.25000000000000  
 OBS            64
       2.03793534999730
      -1.71517395523435
       1.00000000000000
 63 65 -1
obdef
loc3d
        4.95653505007277              0.68174821287482             15.07347202301025     -1
kind
     25     
    34200          153139     
       12.25000000000000  
 OBS            65
      -2.65861097331351
      -0.99783851597991
       1.00000000000000
 64 66 -1
obdef
loc3d
        4.96521948188739              0.66389255790081              6.10258388519287     -1
kind
     25     
    34200          153139     
       12.25000000000000  
 OBS            66
      -4.61451496588713
      -1.09444610278639
       1.00000000000000
 65 67 -1
obdef
loc3d
        4.96720461139216              0.67033432936439             12.91210937500000     -1
kind
     25     
    34200          153139     
       12.25000000000000  
 OBS            67
      -2.32239596703585
      -1.01445912686163
       1.00000000000000
 66 68 -1
obdef
loc3d
        4.96018888249816              0.68814255256013             15.00000000000000     -1
kind
     25     
    34200          153139     
       12.25000000000000  
 OBS            68
      -4.11913608449079
      -2.54439292731684
       1.00000000000000
 67 69 -1
obdef
loc3d
        4.95410557213704              0.69029785801799             54.42578125000000     -1
kind
     25     
    34200          153139     
       12.25000000000000  
 OBS            69
      -0.91861619722507
      -2.04956448168915
       1.00000000000000
 68 70 -1
obdef
loc3d
        4.95508230192316              0.68705689194968              9.08530712127686     -1
kind
     25     
    34200          153139     
       12.25000000000000  
 OBS            70
      -0.65360692167154
      -0.55554066149186
       1.00000000000000
 69 71 -1
obdef
loc3d
        4.89659470219302              0.68517541625982            824.84875488281250     -1
kind
     25     
    34200          153139     
       12.25000000000000  
 OBS            71
       6.31724045677428
       2.88354170170244
       1.00000000000000
 70 72 -1
obdef
loc3d
        4.89719607397323              0.69286120068011            493.76440429687500     -1
kind
     25     
    34200          153139     
       12.25000000000000  
 OBS            72
       3.59486846770936
       2.01546749537130
       1.00000000000000
 71 73 -1
obdef
loc3d
        4.91562721585699              0.69268557315466            290.85858154296881     -1
kind
     25     
    34200          153139     
       12.25000000000000  
 OBS            73
       5.18742910170980
       2.54231815008033
       1.00000000000000
 72 74 -1
obdef
loc3d
        4.89650463462054              0.68965598658767            806.96582031250000     -1
kind
     25     
    34200          153139     
       12.25000000000000  
 OBS            74
       1.45559120159156
       1.23458595529383
       1.00000000000000
 73 75 -1
obdef
loc3d
        4.90117724149658              0.69117926561099            769.23168945312500     -1
kind
     25     
    34200          153139     
       12.25000000000000  
 OBS            75
       3.64727788671513
       1.19328373541464
       1.00000000000000
 74 76 -1
obdef
loc3d
        4.91058697772938              0.69047364022544            228.45222473144531     -1
kind
     25     
    34200          153139     
       12.25000000000000  
 OBS            76
       8.36264999798178
       8.59713728618171
       1.00000000000000
 75 77 -1
obdef
loc3d
        4.90540352515539              0.69194112440599            606.33142089843750     -1
kind
     26     
    34200          153139     
       12.25000000000000  
 OBS            77
       7.06014213142906
       6.75438543189576
       1.00000000000000
 76 78 -1
obdef
loc3d
        4.94546412681761              0.68348353984884             17.75631332397461     -1
kind
     26     
    34200          153139     
       12.25000000000000  
 OBS            78
       1.57719887417177
       5.36336797687509
       1.00000000000000
 77 79 -1
obdef
loc3d
        4.94660974174000              0.67744857875853             29.35406684875488     -1
kind
     26     
    34200          153139     
       12.25000000000000  
 OBS            79
       4.35196953051277
       5.90058317852907
       1.00000000000000
 78 80 -1
obdef
loc3d
        4.94648126630843              0.68652865419204             54.82812500000000     -1
kind
     26     
    34200          153139     
       12.25000000000000  
 OBS            80
       4.85725976944679
       4.99752503626485
       1.00000000000000
 79 81 -1
obdef
loc3d
        4.94445426011379              0.68507566758975             62.61011505126953     -1
kind
     26     
    34200          153139     
       12.25000000000000  
 OBS            81
       4.73552513622689
       7.60855312136585
       1.00000000000000
 80 82 -1
obdef
loc3d
        4.94602055174578              0.68752162087271            134.15721130371091     -1
kind
     26     
    34200          153139     
       12.25000000000000  
 OBS            82
      13.49780008580247
       9.84663625971238
       1.00000000000000
 81 83 -1
obdef
loc3d
        4.94603912728501              0.67254511985829             35.00297546386719     -1
kind
     26     
    34200          153139     
       12.25000000000000  
 OBS            83
       0.45446522005350
       4.84399570987672
       1.00000000000000
 82 84 -1
obdef
loc3d
        4.95877904994953              0.67986585977255             17.04111671447754     -1
kind
     26     
    34200          153139     
       12.25000000000000  
 OBS            84
      10.56355904426226
       8.64501385603265
       1.00000000000000
 83 85 -1
obdef
loc3d
        4.93958042817759              0.69095160998657            226.13127136230469     -1
kind
     26     
    34200          153139     
       12.25000000000000  
 OBS            85
       2.28506966514567
       3.92076555157997
       1.00000000000000
 84 86 -1
obdef
loc3d
        4.95756313665553              0.69181797222864             89.84997558593750     -1
kind
     26     
    34200          153139     
       12.25000000000000  
 OBS            86
      14.76700206520568
       9.26083756101713
       1.00000000000000
 85 87 -1
obdef
loc3d
        4.94078657111844              0.67409210989409             60.81152343750000     -1
kind
     26     
    34200          153139     
       12.25000000000000  
 OBS            87
       9.72104742054440
      10.66896180699770
       1.00000000000000
 86 88 -1
obdef
loc3d
        4.95557846691255              0.67267262139613              1.00000000000000     -1
kind
     26     
    34200          153139     
       12.25000000000000  
 OBS            88
       0.85994322618785
       6.38997690382125
       1.00000000000000
 87 89 -1
obdef
loc3d
        4.93193348448080              0.68856418981073            106.00000000000000     -1
kind
     26     
    34200          153139     
       12.25000000000000  
 OBS            89
       7.93450708982540
      10.15925428423540
       1.00000000000000
 88 90 -1
obdef
loc3d
        4.89970838141578              0.68765245249877            785.09423828125000     -1
kind
     26     
    34200          153139     
       12.25000000000000  
 OBS            90
       5.57956062978412
       7.72925281204377
       1.00000000000000
 89 91 -1
obdef
loc3d
        4.95026814558372              0.68993059237416             93.11567687988281     -1
kind
     26     
    34200          153139     
       12.25000000000000  
 OBS            91
       1.50596530892136
       6.37865969587533
       1.00000000000000
 90 92 -1
obdef
loc3d
        4.94174512165160              0.68484635226999            116.56585693359381     -1
kind
     26     
    34200          153139     
       12.25000000000000  
 OBS            92
       4.07576952235929
       2.37437219864824
       1.00000000000000
 91 93 -1
obdef
loc3d
        4.95420735021482              0.68473663912788             15.00000000000000     -1
kind
     26     
    34200          153139     
       12.25000000000000  
 OBS            93
       5.08041425875625
       4.69065963081166
       1.00000000000000
 92 94 -1
obdef
loc3d
        4.93477042118681              0.68310638816012            118.89588928222661     -1
kind
     26     
    34200          153139     
       12.25000000000000  
 OBS            94
       7.94910293441854
       5.99710749682179
       1.00000000000000
 93 95 -1
obdef
loc3d
        4.93795631029682              0.68276407673392            144.94107055664060     -1
kind
     26     
    34200          153139     
       12.25000000000000  
 OBS            95
      -0.74418006934215
       4.56802088781011
       1.00000000000000
 94 96 -1
obdef
loc3d
        4.94001671685736              0.68064929967652             43.67281723022461     -1
kind
     26     
    34200          153139     
       12.25000000000000  
 OBS            96
       3.43829056274773
       6.80876225026137
       1.00000000000000
 95 97 -1
obdef
loc3d
        4.94058460161740              0.67807181314514             70.17810058593750     -1
kind
     26     
    34200          153139     
       12.25000000000000  
 OBS            97
       5.88454126568170
       8.00333139349680
       1.00000000000000
 96 98 -1
obdef
loc3d
        4.95423295419494              0.68033176843505              3.71636104583740     -1
kind
     26     
    34200          153139     
       12.25000000000000  
 OBS            98
       7.64153949552618
       7.32448365026789
       1.00000000000000
 97 99 -1
obdef
loc3d
        4.94926894458696              0.66642585587446             10.91526031494141     -1
kind
     26     
    34200          153139     
       12.25000000000000  
 OBS            99
      10.30815297769964
      11.54373922912770
       1.00000000000000
 98 100 -1
obdef
loc3d
        4.96223480186848              0.66700036066835              5.00000000000000     -1
kind
     26     
    34200          153139     
       12.25000000000000  
 OBS            100
      16.15231602508807
      13.03322095676620
       1.00000000000000
 99 101 -1
obdef
loc3d
        4.95546148971009              0.67729393735082              6.17724800109863     -1
kind
     26     
    34200          153139     
       12.25000000000000  
 OBS            101
      10.15519925248745
       8.66902271909723
       1.00000000000000
 100 102 -1
obdef
loc3d
        4.92652723985629              0.69051382381431            146.04148864746091     -1
kind
     26     
    34200          153139     
       12.25000000000000  
 OBS            102
      11.66849598477049
      11.20311530622550
       1.00000000000000
 101 103 -1
obdef
loc3d
        4.96366005344362              0.66920346185787              6.00000000000000     -1
kind
     26     
    34200          153139     
       12.25000000000000  
 OBS            103
      13.33318594115135
      12.21535055619790
       1.00000000000000
 102 104 -1
obdef
loc3d
        4.97052949833720              0.66907739847133              8.84140872955322     -1
kind
     26     
    34200          153139     
       12.25000000000000  
 OBS            104
       8.85473371832085
       6.30126528522987
       1.00000000000000
 103 105 -1
obdef
loc3d
        4.95245337490985              0.69269329908122            116.45774841308589     -1
kind
     26     
    34200          153139     
       12.25000000000000  
 OBS            105
       4.96334586775222
       9.18454183266145
       1.00000000000000
 104 106 -1
obdef
loc3d
        4.94885353278042              0.69277717633329            144.09075927734381     -1
kind
     26     
    34200          153139     
       12.25000000000000  
 OBS            106
       9.65839837682493
       6.70437242776238
       1.00000000000000
 105 107 -1
obdef
loc3d
        4.94336975041274              0.69009669144632            168.92642211914060     -1
kind
     26     
    34200          153139     
       12.25000000000000  
 OBS            107
       4.92940228691459
       8.67210154140585
       1.00000000000000
 106 108 -1
obdef
loc3d
        4.93556788041953              0.67027828664670             15.00000000000000     -1
kind
     26     
    34200          153139     
       12.25000000000000  
 OBS            108
      11.65818646538683
       9.57593660710783
       1.00000000000000
 107 109 -1
obdef
loc3d
        4.94033180527593              0.67113295277478             15.00000000000000     -1
kind
     26     
    34200          153139     
       12.25000000000000  
 OBS            109
       9.75720647771984
      11.99468074166990
       1.00000000000000
 108 110 -1
obdef
loc3d
        4.94303858410231              0.67245219021673             45.31371688842773     -1
kind
     26     
    34200          153139     
       12.25000000000000  
 OBS            110
      13.66010392959652
       8.82396307535381
       1.00000000000000
 109 111 -1
obdef
loc3d
        4.94353452184302              0.67563108019985             33.40631103515625     -1
kind
     26     
    34200          153139     
       12.25000000000000  
 OBS            111
      10.11958839605960
       5.48916385370655
       1.00000000000000
 110 112 -1
obdef
loc3d
        4.94374389829480              0.67833415521310             29.86422538757324     -1
kind
     26     
    34200          153139     
       12.25000000000000  
 OBS            112
       3.33249637774113
       6.44188917607076
       1.00000000000000
 111 113 -1
obdef
loc3d
        4.94273365028682              0.68737244152012            176.80966186523440     -1
kind
     26     
    34200          153139     
       12.25000000000000  
 OBS            113
       6.19493934082323
       6.58068992010663
       1.00000000000000
 112 114 -1
obdef
loc3d
        4.92701506510552              0.68724654189208            235.55827331542969     -1
kind
     26     
    34200          153139     
       12.25000000000000  
 OBS            114
      10.53743356089593
       7.70669120132173
       1.00000000000000
 113 115 -1
obdef
loc3d
        4.93770287749180              0.68559892863867            149.84144592285159     -1
kind
     26     
    34200          153139     
       12.25000000000000  
 OBS            115
      10.04437394145586
      11.43581011174780
       1.00000000000000
 114 116 -1
obdef
loc3d
        4.92849072850511              0.69275166570057            196.64169311523440     -1
kind
     26     
    34200          153139     
       12.25000000000000  
 OBS            116
      16.03010883118980
      12.28782302512540
       1.00000000000000
 115 117 -1
obdef
loc3d
        4.94704606827608              0.66890083993760             30.00000000000000     -1
kind
     26     
    34200          153139     
       12.25000000000000  
 OBS            117
      13.34083160767227
       9.58051116743450
       1.00000000000000
 116 118 -1
obdef
loc3d
        4.93215285315783              0.69272179551745            405.54205322265619     -1
kind
     26     
    34200          153139     
       12.25000000000000  
 OBS            118
       7.36016589710570
       6.43325876306905
       1.00000000000000
 117 119 -1
obdef
loc3d
        4.93041137291484              0.68610286792166             95.01055908203125     -1
kind
     26     
    34200          153139     
       12.25000000000000  
 OBS            119
      11.22744825549536
      12.03427901062880
       1.00000000000000
 118 120 -1
obdef
loc3d
        4.94340662813579              0.66912283370227             30.00000000000000     -1
kind
     26     
    34200          153139     
       12.25000000000000  
 OBS            120
       7.01782193106517
       8.92095628866963
       1.00000000000000
 119 121 -1
obdef
loc3d
        4.94246051140049              0.69284522685509            232.15176391601560     -1
kind
     26     
    34200          153139     
       12.25000000000000  
 OBS            121
      10.11559314929750
      10.73191721965900
       1.00000000000000
 120 122 -1
obdef
loc3d
        4.94897278262263              0.68784055253573             58.60614395141602     -1
kind
     26     
    34200          153139     
       12.25000000000000  
 OBS            122
       1.68164007279898
       4.07393190896599
       1.00000000000000
 121 123 -1
obdef
loc3d
        4.94541527617556              0.68071005727643             33.77826690673828     -1
kind
     26     
    34200          153139     
       12.25000000000000  
 OBS            123
       3.98446923343781
       7.53853595431919
       1.00000000000000
 122 124 -1
obdef
loc3d
        4.93748800785195              0.67296050504062             44.45593643188477     -1
kind
     26     
    34200          153139     
       12.25000000000000  
 OBS            124
      11.85683405746775
      10.20106297072240
       1.00000000000000
 123 125 -1
obdef
loc3d
        4.93696530791536              0.69256666762304            156.90283203125000     -1
kind
     26     
    34200          153139     
       12.25000000000000  
 OBS            125
       6.63943041176470
       7.33293925297769
       1.00000000000000
 124 126 -1
obdef
loc3d
        4.92145179475246              0.69276808226809            165.77503967285159     -1
kind
     26     
    34200          153139     
       12.25000000000000  
 OBS            126
       3.93572763482199
       7.10755002800949
       1.00000000000000
 125 127 -1
obdef
loc3d
        4.93950672299123              0.68813471885857            177.40441894531250     -1
kind
     26     
    34200          153139     
       12.25000000000000  
 OBS            127
       7.79358434669480
       9.89230970030515
       1.00000000000000
 126 128 -1
obdef
loc3d
        4.93611382531472              0.68823817566222            173.73840332031250     -1
kind
     26     
    34200          153139     
       12.25000000000000  
 OBS            128
       7.24065228576277
       7.81563379679356
       1.00000000000000
 127 129 -1
obdef
loc3d
        4.94685988234341              0.69028594514941            170.37097167968750     -1
kind
     26     
    34200          153139     
       12.25000000000000  
 OBS            129
       8.98383574863858
       8.26550105110643
       1.00000000000000
 128 130 -1
obdef
loc3d
        4.93440797857224              0.69076858072881            137.08886718750000     -1
kind
     26     
    34200          153139     
       12.25000000000000  
 OBS            130
       3.59253227402016
       8.08921161169919
       1.00000000000000
 129 131 -1
obdef
loc3d
        4.93397023736678              0.68569719666510            120.48287200927730     -1
kind
     26     
    34200          153139     
       12.25000000000000  
 OBS            131
      12.86239703318853
      10.45671513857630
       1.00000000000000
 130 132 -1
obdef
loc3d
        4.96098036034072              0.67790128169477             17.24609375000000     -1
kind
     26     
    34200          153139     
       12.25000000000000  
 OBS            132
       4.11931079841404
       9.29731352534174
       1.00000000000000
 131 133 -1
obdef
loc3d
        4.95746178551042              0.68576241061300             17.20619201660156     -1
kind
     26     
    34200          153139     
       12.25000000000000  
 OBS            133
       7.00073675137170
      11.53667910473650
       1.00000000000000
 132 134 -1
obdef
loc3d
        4.96821528454312              0.66626811336639              8.93466186523438     -1
kind
     26     
    34200          153139     
       12.25000000000000  
 OBS            134
      13.70716484650729
       9.30213376893877
       1.00000000000000
 133 135 -1
obdef
loc3d
        4.95821139545160              0.68356985009176             15.00000000000000     -1
kind
     26     
    34200          153139     
       12.25000000000000  
 OBS            135
      11.95951376011304
      10.22722202087670
       1.00000000000000
 134 136 -1
obdef
loc3d
        4.95929084301108              0.67289450711582              9.91464328765869     -1
kind
     26     
    34200          153139     
       12.25000000000000  
 OBS            136
      15.46206753312008
      11.67073045964440
       1.00000000000000
 135 137 -1
obdef
loc3d
        4.95884231318174              0.67566319569297             12.79061889648438     -1
kind
     26     
    34200          153139     
       12.25000000000000  
 OBS            137
       5.95255599746686
       7.36637021352400
       1.00000000000000
 136 138 -1
obdef
loc3d
        4.96068172506451              0.68176493518182             14.00000000000000     -1
kind
     26     
    34200          153139     
       12.25000000000000  
 OBS            138
       4.23138170627223
       7.70031186067475
       1.00000000000000
 137 139 -1
obdef
loc3d
        4.96044430349621              0.68522255501691             15.00000000000000     -1
kind
     26     
    34200          153139     
       12.25000000000000  
 OBS            139
      12.69812117294179
       9.10202448092002
       1.00000000000000
 138 140 -1
obdef
loc3d
        4.95653505007277              0.68174821287482             15.07347202301025     -1
kind
     26     
    34200          153139     
       12.25000000000000  
 OBS            140
      19.48820145396901
      12.97397935086740
       1.00000000000000
 139 141 -1
obdef
loc3d
        4.96521948188739              0.66389255790081              6.10258388519287     -1
kind
     26     
    34200          153139     
       12.25000000000000  
 OBS            141
       9.25858675530114
      11.59868756187070
       1.00000000000000
 140 142 -1
obdef
loc3d
        4.96720461139216              0.67033432936439             12.91210937500000     -1
kind
     26     
    34200          153139     
       12.25000000000000  
 OBS            142
       8.28246250831086
      10.45267759204150
       1.00000000000000
 141 143 -1
obdef
loc3d
        4.96018888249816              0.68814255256013             15.00000000000000     -1
kind
     26     
    34200          153139     
       12.25000000000000  
 OBS            143
       2.27083561609316
       3.10236401510582
       1.00000000000000
 142 144 -1
obdef
loc3d
        4.95410557213704              0.69029785801799             54.42578125000000     -1
kind
     26     
    34200          153139     
       12.25000000000000  
 OBS            144
       5.10853754349114
       7.17688463246026
       1.00000000000000
 143 145 -1
obdef
loc3d
        4.95508230192316              0.68705689194968              9.08530712127686     -1
kind
     26     
    34200          153139     
       12.25000000000000  
 OBS            145
       1.00250350431457
       4.24759138340318
       1.00000000000000
 144 146 -1
obdef
loc3d
        4.89659470219302              0.68517541625982            824.84875488281250     -1
kind
     26     
    34200          153139     
       12.25000000000000  
 OBS            146
       7.00084254877760
      10.00848515399700
       1.00000000000000
 145 147 -1
obdef
loc3d
        4.89719607397323              0.69286120068011            493.76440429687500     -1
kind
     26     
    34200          153139     
       12.25000000000000  
 OBS            147
       8.61097706804240
       6.01937860200813
       1.00000000000000
 146 148 -1
obdef
loc3d
        4.91562721585699              0.69268557315466            290.85858154296881     -1
kind
     26     
    34200          153139     
       12.25000000000000  
 OBS            148
      11.94304981471499
       7.65171796648336
       1.00000000000000
 147 149 -1
obdef
loc3d
        4.89650463462054              0.68965598658767            806.96582031250000     -1
kind
     26     
    34200          153139     
       12.25000000000000  
 OBS            149
       8.22552363575641
       8.77118113683388
       1.00000000000000
 148 150 -1
obdef
loc3d
        4.90117724149658              0.69117926561099            769.23168945312500     -1
kind
     26     
    34200          153139     
       12.25000000000000  
 OBS            150
      -1.41631451046568
      -1.65777865254964
       1.00000000000000
 149 151 -1
obdef
loc3d
        4.91058697772938              0.69047364022544            228.45222473144531     -1
kind
     26     
    34200          153139     
       12.25000000000000  
 OBS            151
     288.58318182469355
     287.43380324713303
       1.00000000000000
 150 152 -1
obdef
loc3d
        4.90540352515539              0.69194112440599            606.33142089843750     -1
kind
     27     
    34200          153139     
        6.25000000000000  
 OBS            152
     288.31628655356548
     288.59897225191099
       1.00000000000000
 151 153 -1
obdef
loc3d
        4.94546412681761              0.68348353984884             17.75631332397461     -1
kind
     27     
    34200          153139     
        6.25000000000000  
 OBS            153
     288.33662232295922
     288.82559031923000
       1.00000000000000
 152 154 -1
obdef
loc3d
        4.94660974174000              0.67744857875853             29.35406684875488     -1
kind
     27     
    34200          153139     
        6.25000000000000  
 OBS            154
     288.04545471887650
     288.13781935546700
       1.00000000000000
 153 155 -1
obdef
loc3d
        4.94648126630843              0.68652865419204             54.82812500000000     -1
kind
     27     
    34200          153139     
        6.25000000000000  
 OBS            155
     289.48157896528687
     288.57089212115602
       1.00000000000000
 154 156 -1
obdef
loc3d
        4.94445426011379              0.68507566758975             62.61011505126953     -1
kind
     27     
    34200          153139     
        6.25000000000000  
 OBS            156
     288.24347249342986
     287.90704858710097
       1.00000000000000
 155 157 -1
obdef
loc3d
        4.94602055174578              0.68752162087271            134.15721130371091     -1
kind
     27     
    34200          153139     
        6.25000000000000  
 OBS            157
     290.25478243608558
     290.29206436188599
       1.00000000000000
 156 158 -1
obdef
loc3d
        4.94603912728501              0.67254511985829             35.00297546386719     -1
kind
     27     
    34200          153139     
        6.25000000000000  
 OBS            158
     288.93850301971190
     289.14746823888697
       1.00000000000000
 157 159 -1
obdef
loc3d
        4.95877904994953              0.67986585977255             17.04111671447754     -1
kind
     27     
    34200          153139     
        6.25000000000000  
 OBS            159
     288.21691311026115
     287.45337035517798
       1.00000000000000
 158 160 -1
obdef
loc3d
        4.93958042817759              0.69095160998657            226.13127136230469     -1
kind
     27     
    34200          153139     
        6.25000000000000  
 OBS            160
     286.12166309467352
     287.75687002288799
       1.00000000000000
 159 161 -1
obdef
loc3d
        4.95756313665553              0.69181797222864             89.84997558593750     -1
kind
     27     
    34200          153139     
        6.25000000000000  
 OBS            161
     289.58676317423703
     290.13392754674800
       1.00000000000000
 160 162 -1
obdef
loc3d
        4.94078657111844              0.67409210989409             60.81152343750000     -1
kind
     27     
    34200          153139     
        6.25000000000000  
 OBS            162
     290.60985114294579
     290.51669005599098
       1.00000000000000
 161 163 -1
obdef
loc3d
        4.95557846691255              0.67267262139613              1.00000000000000     -1
kind
     27     
    34200          153139     
        6.25000000000000  
 OBS            163
     289.33170155459237
     288.36181813368103
       1.00000000000000
 162 164 -1
obdef
loc3d
        4.93193348448080              0.68856418981073            106.00000000000000     -1
kind
     27     
    34200          153139     
        6.25000000000000  
 OBS            164
     289.28113137956245
     288.21088725803702
       1.00000000000000
 163 165 -1
obdef
loc3d
        4.89970838141578              0.68765245249877            785.09423828125000     -1
kind
     27     
    34200          153139     
        6.25000000000000  
 OBS            165
     288.93250689969346
     287.33634655334998
       1.00000000000000
 164 166 -1
obdef
loc3d
        4.95026814558372              0.68993059237416             93.11567687988281     -1
kind
     27     
    34200          153139     
        6.25000000000000  
 OBS            166
     288.47414563799640
     288.38270628407003
       1.00000000000000
 165 167 -1
obdef
loc3d
        4.94174512165160              0.68484635226999            116.56585693359381     -1
kind
     27     
    34200          153139     
        6.25000000000000  
 OBS            167
     287.87324768855007
     288.78445303264300
       1.00000000000000
 166 168 -1
obdef
loc3d
        4.95420735021482              0.68473663912788             15.00000000000000     -1
kind
     27     
    34200          153139     
        6.25000000000000  
 OBS            168
     287.90920024519409
     288.66048248604000
       1.00000000000000
 167 169 -1
obdef
loc3d
        4.93477042118681              0.68310638816012            118.89588928222661     -1
kind
     27     
    34200          153139     
        6.25000000000000  
 OBS            169
     287.98009567264910
     288.35750393464798
       1.00000000000000
 168 170 -1
obdef
loc3d
        4.93795631029682              0.68276407673392            144.94107055664060     -1
kind
     27     
    34200          153139     
        6.25000000000000  
 OBS            170
     286.19682970689081
     288.96255019738101
       1.00000000000000
 169 171 -1
obdef
loc3d
        4.94001671685736              0.68064929967652             43.67281723022461     -1
kind
     27     
    34200          153139     
        6.25000000000000  
 OBS            171
     290.98298876217291
     289.45763856563002
       1.00000000000000
 170 172 -1
obdef
loc3d
        4.94058460161740              0.67807181314514             70.17810058593750     -1
kind
     27     
    34200          153139     
        6.25000000000000  
 OBS            172
     291.10316852179801
     289.74206886230201
       1.00000000000000
 171 173 -1
obdef
loc3d
        4.95423295419494              0.68033176843505              3.71636104583740     -1
kind
     27     
    34200          153139     
        6.25000000000000  
 OBS            173
     289.94054065221076
     289.91264835635599
       1.00000000000000
 172 174 -1
obdef
loc3d
        4.94926894458696              0.66642585587446             10.91526031494141     -1
kind
     27     
    34200          153139     
        6.25000000000000  
 OBS            174
     291.49963157738256
     290.83929468909702
       1.00000000000000
 173 175 -1
obdef
loc3d
        4.96223480186848              0.66700036066835              5.00000000000000     -1
kind
     27     
    34200          153139     
        6.25000000000000  
 OBS            175
     289.47862696057069
     290.28982784186297
       1.00000000000000
 174 176 -1
obdef
loc3d
        4.95546148971009              0.67729393735082              6.17724800109863     -1
kind
     27     
    34200          153139     
        6.25000000000000  
 OBS            176
     287.87554675156696
     288.43180275384901
       1.00000000000000
 175 177 -1
obdef
loc3d
        4.92652723985629              0.69051382381431            146.04148864746091     -1
kind
     27     
    34200          153139     
        6.25000000000000  
 OBS            177
     289.81757316710093
     290.44187353562000
       1.00000000000000
 176 178 -1
obdef
loc3d
        4.96366005344362              0.66920346185787              6.00000000000000     -1
kind
     27     
    34200          153139     
        6.25000000000000  
 OBS            178
     289.83544616026478
     289.55898983288199
       1.00000000000000
 177 179 -1
obdef
loc3d
        4.97052949833720              0.66907739847133              8.84140872955322     -1
kind
     27     
    34200          153139     
        6.25000000000000  
 OBS            179
     287.80592429116103
     287.76756879533002
       1.00000000000000
 178 180 -1
obdef
loc3d
        4.95245337490985              0.69269329908122            116.45774841308589     -1
kind
     27     
    34200          153139     
        6.25000000000000  
 OBS            180
     289.39800507329795
     287.25381443932400
       1.00000000000000
 179 181 -1
obdef
loc3d
        4.94885353278042              0.69277717633329            144.09075927734381     -1
kind
     27     
    34200          153139     
        6.25000000000000  
 OBS            181
     288.12520110791439
     287.54114483805898
       1.00000000000000
 180 182 -1
obdef
loc3d
        4.94336975041274              0.69009669144632            168.92642211914060     -1
kind
     27     
    34200          153139     
        6.25000000000000  
 OBS            182
     289.52666575547335
     290.95650457383499
       1.00000000000000
 181 183 -1
obdef
loc3d
        4.93556788041953              0.67027828664670             15.00000000000000     -1
kind
     27     
    34200          153139     
        6.25000000000000  
 OBS            183
     290.10407715564247
     290.68986839544101
       1.00000000000000
 182 184 -1
obdef
loc3d
        4.94033180527593              0.67113295277478             15.00000000000000     -1
kind
     27     
    34200          153139     
        6.25000000000000  
 OBS            184
     289.34740850558489
     290.38568767763701
       1.00000000000000
 183 185 -1
obdef
loc3d
        4.94303858410231              0.67245219021673             45.31371688842773     -1
kind
     27     
    34200          153139     
        6.25000000000000  
 OBS            185
     290.42985233527344
     289.93794011900201
       1.00000000000000
 184 186 -1
obdef
loc3d
        4.94353452184302              0.67563108019985             33.40631103515625     -1
kind
     27     
    34200          153139     
        6.25000000000000  
 OBS            186
     289.74725367301164
     289.49904997693699
       1.00000000000000
 185 187 -1
obdef
loc3d
        4.94374389829480              0.67833415521310             29.86422538757324     -1
kind
     27     
    34200          153139     
        6.25000000000000  
 OBS            187
     287.63517320992884
     287.78255459364601
       1.00000000000000
 186 188 -1
obdef
loc3d
        4.94273365028682              0.68737244152012            176.80966186523440     -1
kind
     27     
    34200          153139     
        6.25000000000000  
 OBS            188
     287.40356250982973
     287.33070751708300
       1.00000000000000
 187 189 -1
obdef
loc3d
        4.92701506510552              0.68724654189208            235.55827331542969     -1
kind
     27     
    34200          153139     
        6.25000000000000  
 OBS            189
     289.33365550200858
     288.11310680200700
       1.00000000000000
 188 190 -1
obdef
loc3d
        4.93770287749180              0.68559892863867            149.84144592285159     -1
kind
     27     
    34200          153139     
        6.25000000000000  
 OBS            190
     289.36030103769662
     288.71667511464301
       1.00000000000000
 189 191 -1
obdef
loc3d
        4.92849072850511              0.69275166570057            196.64169311523440     -1
kind
     27     
    34200          153139     
        6.25000000000000  
 OBS            191
     289.90713985792109
     290.47493262231302
       1.00000000000000
 190 192 -1
obdef
loc3d
        4.94704606827608              0.66890083993760             30.00000000000000     -1
kind
     27     
    34200          153139     
        6.25000000000000  
 OBS            192
     286.96248705925041
     286.45145416575798
       1.00000000000000
 191 193 -1
obdef
loc3d
        4.93215285315783              0.69272179551745            405.54205322265619     -1
kind
     27     
    34200          153139     
        6.25000000000000  
 OBS            193
     287.54464320356578
     288.27868562827302
       1.00000000000000
 192 194 -1
obdef
loc3d
        4.93041137291484              0.68610286792166             95.01055908203125     -1
kind
     27     
    34200          153139     
        6.25000000000000  
 OBS            194
     290.35017719321877
     290.43462085664402
       1.00000000000000
 193 195 -1
obdef
loc3d
        4.94340662813579              0.66912283370227             30.00000000000000     -1
kind
     27     
    34200          153139     
        6.25000000000000  
 OBS            195
     287.40873036016103
     287.06449889730499
       1.00000000000000
 194 196 -1
obdef
loc3d
        4.94246051140049              0.69284522685509            232.15176391601560     -1
kind
     27     
    34200          153139     
        6.25000000000000  
 OBS            196
     288.67757564399182
     287.93237035609502
       1.00000000000000
 195 197 -1
obdef
loc3d
        4.94897278262263              0.68784055253573             58.60614395141602     -1
kind
     27     
    34200          153139     
        6.25000000000000  
 OBS            197
     288.63571871090784
     288.90670235887200
       1.00000000000000
 196 198 -1
obdef
loc3d
        4.94541527617556              0.68071005727643             33.77826690673828     -1
kind
     27     
    34200          153139     
        6.25000000000000  
 OBS            198
     291.49713688414005
     290.40885203408300
       1.00000000000000
 197 199 -1
obdef
loc3d
        4.93748800785195              0.67296050504062             44.45593643188477     -1
kind
     27     
    34200          153139     
        6.25000000000000  
 OBS            199
     288.23726275085903
     287.99677022206998
       1.00000000000000
 198 200 -1
obdef
loc3d
        4.93696530791536              0.69256666762304            156.90283203125000     -1
kind
     27     
    34200          153139     
        6.25000000000000  
 OBS            200
     289.07592589115711
     288.44797365008998
       1.00000000000000
 199 201 -1
obdef
loc3d
        4.92145179475246              0.69276808226809            165.77503967285159     -1
kind
     27     
    34200          153139     
        6.25000000000000  
 OBS            201
     287.65994632852772
     287.76133996408498
       1.00000000000000
 200 202 -1
obdef
loc3d
        4.93950672299123              0.68813471885857            177.40441894531250     -1
kind
     27     
    34200          153139     
        6.25000000000000  
 OBS            202
     287.32766997512539
     288.40399242609101
       1.00000000000000
 201 203 -1
obdef
loc3d
        4.93611382531472              0.68823817566222            173.73840332031250     -1
kind
     27     
    34200          153139     
        6.25000000000000  
 OBS            203
     286.10167748317502
     287.42593993692498
       1.00000000000000
 202 204 -1
obdef
loc3d
        4.94685988234341              0.69028594514941            170.37097167968750     -1
kind
     27     
    34200          153139     
        6.25000000000000  
 OBS            204
     288.32065733973280
     288.15825038480398
       1.00000000000000
 203 205 -1
obdef
loc3d
        4.93440797857224              0.69076858072881            137.08886718750000     -1
kind
     27     
    34200          153139     
        6.25000000000000  
 OBS            205
     289.78133780033153
     288.31384382053898
       1.00000000000000
 204 206 -1
obdef
loc3d
        4.93397023736678              0.68569719666510            120.48287200927730     -1
kind
     27     
    34200          153139     
        6.25000000000000  
 OBS            206
     289.33566519731960
     289.96693603050500
       1.00000000000000
 205 207 -1
obdef
loc3d
        4.96098036034072              0.67790128169477             17.24609375000000     -1
kind
     27     
    34200          153139     
        6.25000000000000  
 OBS            207
     289.20468969827238
     288.94731763756300
       1.00000000000000
 206 208 -1
obdef
loc3d
        4.95746178551042              0.68576241061300             17.20619201660156     -1
kind
     27     
    34200          153139     
        6.25000000000000  
 OBS            208
     289.80769389440781
     289.99736602550303
       1.00000000000000
 207 209 -1
obdef
loc3d
        4.96821528454312              0.66626811336639              8.93466186523438     -1
kind
     27     
    34200          153139     
        6.25000000000000  
 OBS            209
     290.81609603322380
     289.21722017813198
       1.00000000000000
 208 210 -1
obdef
loc3d
        4.95821139545160              0.68356985009176             15.00000000000000     -1
kind
     27     
    34200          153139     
        6.25000000000000  
 OBS            210
     290.32141804530869
     290.52804670329300
       1.00000000000000
 209 211 -1
obdef
loc3d
        4.95929084301108              0.67289450711582              9.91464328765869     -1
kind
     27     
    34200          153139     
        6.25000000000000  
 OBS            211
     291.83063323468338
     290.27831550453300
       1.00000000000000
 210 212 -1
obdef
loc3d
        4.95884231318174              0.67566319569297             12.79061889648438     -1
kind
     27     
    34200          153139     
        6.25000000000000  
 OBS            212
     288.60503926858655
     289.21027734213402
       1.00000000000000
 211 213 -1
obdef
loc3d
        4.96068172506451              0.68176493518182             14.00000000000000     -1
kind
     27     
    34200          153139     
        6.25000000000000  
 OBS            213
     289.55413081637266
     288.97792066225099
       1.00000000000000
 212 214 -1
obdef
loc3d
        4.96044430349621              0.68522255501691             15.00000000000000     -1
kind
     27     
    34200          153139     
        6.25000000000000  
 OBS            214
     287.92728719174590
     289.33235202279599
       1.00000000000000
 213 215 -1
obdef
loc3d
        4.95653505007277              0.68174821287482             15.07347202301025     -1
kind
     27     
    34200          153139     
        6.25000000000000  
 OBS            215
     289.93268557016677
     290.37635317220298
       1.00000000000000
 214 216 -1
obdef
loc3d
        4.96521948188739              0.66389255790081              6.10258388519287     -1
kind
     27     
    34200          153139     
        6.25000000000000  
 OBS            216
     289.91088620953002
     290.20801084866798
       1.00000000000000
 215 217 -1
obdef
loc3d
        4.96720461139216              0.67033432936439             12.91210937500000     -1
kind
     27     
    34200          153139     
        6.25000000000000  
 OBS            217
     289.20384750318647
     288.83591605792498
       1.00000000000000
 216 218 -1
obdef
loc3d
        4.96018888249816              0.68814255256013             15.00000000000000     -1
kind
     27     
    34200          153139     
        6.25000000000000  
 OBS            218
     287.78314196604060
     287.41933414470799
       1.00000000000000
 217 219 -1
obdef
loc3d
        4.95410557213704              0.69029785801799             54.42578125000000     -1
kind
     27     
    34200          153139     
        6.25000000000000  
 OBS            219
     288.32909544137544
     288.64778291962000
       1.00000000000000
 218 220 -1
obdef
loc3d
        4.95508230192316              0.68705689194968              9.08530712127686     -1
kind
     27     
    34200          153139     
        6.25000000000000  
 OBS            220
     287.45520266668160
     287.62370612709600
       1.00000000000000
 219 221 -1
obdef
loc3d
        4.89659470219302              0.68517541625982            824.84875488281250     -1
kind
     27     
    34200          153139     
        6.25000000000000  
 OBS            221
     290.62684253648405
     290.49573788839501
       1.00000000000000
 220 222 -1
obdef
loc3d
        4.89719607397323              0.69286120068011            493.76440429687500     -1
kind
     27     
    34200          153139     
        6.25000000000000  
 OBS            222
     289.38237464004061
     288.67988383336302
       1.00000000000000
 221 223 -1
obdef
loc3d
        4.91562721585699              0.69268557315466            290.85858154296881     -1
kind
     27     
    34200          153139     
        6.25000000000000  
 OBS            223
     290.04011242791682
     288.67413196015201
       1.00000000000000
 222 224 -1
obdef
loc3d
        4.89650463462054              0.68965598658767            806.96582031250000     -1
kind
     27     
    34200          153139     
        6.25000000000000  
 OBS            224
     286.79540686913924
     287.90044450935000
       1.00000000000000
 223 225 -1
obdef
loc3d
        4.90117724149658              0.69117926561099            769.23168945312500     -1
kind
     27     
    34200          153139     
        6.25000000000000  
 OBS            225
     289.97058240050586
     288.30774933381900
       1.00000000000000
 224 -1 -1
obdef
loc3d
        4.91058697772938              0.69047364022544            228.45222473144531     -1
kind
     27     
    34200          153139     
        6.25000000000000  
