 obs_sequence
obs_kind_definitions
       3
    25          LAND_SFC_U_WIND_COMPONENT   
    26          LAND_SFC_V_WIND_COMPONENT   
    27          LAND_SFC_TEMPERATURE   
  num_copies:            2  num_qc:            1
 num_obs:       225  max_num_obs:       225
observations
truth
QC radar
  first:            1  last:       225
 OBS            1
      -0.91473009908206
       0.18612756456191
       1.00000000000000
 -1 2 -1
obdef
loc3d
        4.90540352515539              0.69194112440599            606.33142089843750     -1
kind
     25     
    43200          153139     
       12.25000000000000  
 OBS            2
      -1.55748885225129
      -1.73163877046641
       1.00000000000000
 1 3 -1
obdef
loc3d
        4.94546412681761              0.68348353984884             17.75631332397461     -1
kind
     25     
    43200          153139     
       12.25000000000000  
 OBS            3
       2.54365346604139
      -2.41297962323589
       1.00000000000000
 2 4 -1
obdef
loc3d
        4.94660974174000              0.67744857875853             29.35406684875488     -1
kind
     25     
    43200          153139     
       12.25000000000000  
 OBS            4
      -0.33121798088965
      -1.33985241547913
       1.00000000000000
 3 5 -1
obdef
loc3d
        4.94648126630843              0.68652865419204             54.82812500000000     -1
kind
     25     
    43200          153139     
       12.25000000000000  
 OBS            5
      -4.25624083503035
      -1.11741401797386
       1.00000000000000
 4 6 -1
obdef
loc3d
        4.94445426011379              0.68507566758975             62.61011505126953     -1
kind
     25     
    43200          153139     
       12.25000000000000  
 OBS            6
      -3.36093795451529
      -1.87575665627826
       1.00000000000000
 5 7 -1
obdef
loc3d
        4.94602055174578              0.68752162087271            134.15721130371091     -1
kind
     25     
    43200          153139     
       12.25000000000000  
 OBS            7
      -3.26897219579853
      -2.09897855677082
       1.00000000000000
 6 8 -1
obdef
loc3d
        4.94603912728501              0.67254511985829             35.00297546386719     -1
kind
     25     
    43200          153139     
       12.25000000000000  
 OBS            8
      -2.96234252001439
      -2.15460410003362
       1.00000000000000
 7 9 -1
obdef
loc3d
        4.95877904994953              0.67986585977255             17.04111671447754     -1
kind
     25     
    43200          153139     
       12.25000000000000  
 OBS            9
      -7.40914743387532
      -3.70947638041118
       1.00000000000000
 8 10 -1
obdef
loc3d
        4.93958042817759              0.69095160998657            226.13127136230469     -1
kind
     25     
    43200          153139     
       12.25000000000000  
 OBS            10
      -1.91902844686939
      -0.94152855238987
       1.00000000000000
 9 11 -1
obdef
loc3d
        4.95756313665553              0.69181797222864             89.84997558593750     -1
kind
     25     
    43200          153139     
       12.25000000000000  
 OBS            11
      -0.72438851571503
      -2.12381783663446
       1.00000000000000
 10 12 -1
obdef
loc3d
        4.94078657111844              0.67409210989409             60.81152343750000     -1
kind
     25     
    43200          153139     
       12.25000000000000  
 OBS            12
      -3.56520778611529
      -0.78195606562139
       1.00000000000000
 11 13 -1
obdef
loc3d
        4.95557846691255              0.67267262139613              1.00000000000000     -1
kind
     25     
    43200          153139     
       12.25000000000000  
 OBS            13
      -2.63341440850077
      -2.27712552661464
       1.00000000000000
 12 14 -1
obdef
loc3d
        4.93193348448080              0.68856418981073            106.00000000000000     -1
kind
     25     
    43200          153139     
       12.25000000000000  
 OBS            14
      -4.65284698184472
      -2.63095546901680
       1.00000000000000
 13 15 -1
obdef
loc3d
        4.89970838141578              0.68765245249877            785.09423828125000     -1
kind
     25     
    43200          153139     
       12.25000000000000  
 OBS            15
      -2.02954484919592
      -0.58780168380483
       1.00000000000000
 14 16 -1
obdef
loc3d
        4.95026814558372              0.68993059237416             93.11567687988281     -1
kind
     25     
    43200          153139     
       12.25000000000000  
 OBS            16
      -3.97159819952074
      -1.47833653522196
       1.00000000000000
 15 17 -1
obdef
loc3d
        4.94174512165160              0.68484635226999            116.56585693359381     -1
kind
     25     
    43200          153139     
       12.25000000000000  
 OBS            17
      -0.67997067333754
      -1.04748565176576
       1.00000000000000
 16 18 -1
obdef
loc3d
        4.95420735021482              0.68473663912788             15.00000000000000     -1
kind
     25     
    43200          153139     
       12.25000000000000  
 OBS            18
      -2.20710893573900
      -2.01148053786695
       1.00000000000000
 17 19 -1
obdef
loc3d
        4.93477042118681              0.68310638816012            118.89588928222661     -1
kind
     25     
    43200          153139     
       12.25000000000000  
 OBS            19
      -0.20788406792840
      -1.66913781535818
       1.00000000000000
 18 20 -1
obdef
loc3d
        4.93795631029682              0.68276407673392            144.94107055664060     -1
kind
     25     
    43200          153139     
       12.25000000000000  
 OBS            20
      -0.56240540968557
      -0.68222732678192
       1.00000000000000
 19 21 -1
obdef
loc3d
        4.94001671685736              0.68064929967652             43.67281723022461     -1
kind
     25     
    43200          153139     
       12.25000000000000  
 OBS            21
      -1.41991184026431
      -2.35741136131632
       1.00000000000000
 20 22 -1
obdef
loc3d
        4.94058460161740              0.67807181314514             70.17810058593750     -1
kind
     25     
    43200          153139     
       12.25000000000000  
 OBS            22
      -2.02907358547158
      -1.85072162683168
       1.00000000000000
 21 23 -1
obdef
loc3d
        4.95423295419494              0.68033176843505              3.71636104583740     -1
kind
     25     
    43200          153139     
       12.25000000000000  
 OBS            23
      -1.94646846172765
      -0.96824145501023
       1.00000000000000
 22 24 -1
obdef
loc3d
        4.94926894458696              0.66642585587446             10.91526031494141     -1
kind
     25     
    43200          153139     
       12.25000000000000  
 OBS            24
      -3.90652355269460
      -1.13614786086015
       1.00000000000000
 23 25 -1
obdef
loc3d
        4.96223480186848              0.66700036066835              5.00000000000000     -1
kind
     25     
    43200          153139     
       12.25000000000000  
 OBS            25
       2.02844136555424
      -1.64130171981753
       1.00000000000000
 24 26 -1
obdef
loc3d
        4.95546148971009              0.67729393735082              6.17724800109863     -1
kind
     25     
    43200          153139     
       12.25000000000000  
 OBS            26
      -5.18985451680197
      -4.51687972128809
       1.00000000000000
 25 27 -1
obdef
loc3d
        4.92652723985629              0.69051382381431            146.04148864746091     -1
kind
     25     
    43200          153139     
       12.25000000000000  
 OBS            27
       0.28036807946219
      -0.88278576187713
       1.00000000000000
 26 28 -1
obdef
loc3d
        4.96366005344362              0.66920346185787              6.00000000000000     -1
kind
     25     
    43200          153139     
       12.25000000000000  
 OBS            28
       1.01886963681435
      -0.76135149820684
       1.00000000000000
 27 29 -1
obdef
loc3d
        4.97052949833720              0.66907739847133              8.84140872955322     -1
kind
     25     
    43200          153139     
       12.25000000000000  
 OBS            29
       1.14261657350874
      -1.98037286612894
       1.00000000000000
 28 30 -1
obdef
loc3d
        4.95272465676814              0.69285338512106             17.57446289062500     -1
kind
     25     
    43200          153139     
       12.25000000000000  
 OBS            30
       5.60785341429859
      -0.34999098353003
       1.00000000000000
 29 31 -1
obdef
loc3d
        4.94895487610473              0.69270373762026            144.09075927734381     -1
kind
     25     
    43200          153139     
       12.25000000000000  
 OBS            31
      -3.36602846379840
      -3.42275020554558
       1.00000000000000
 30 32 -1
obdef
loc3d
        4.94293085461737              0.69053117803871            168.92642211914060     -1
kind
     25     
    43200          153139     
       12.25000000000000  
 OBS            32
      -2.31882588684745
      -0.79170315301311
       1.00000000000000
 31 33 -1
obdef
loc3d
        4.93556788041953              0.67027828664670             15.00000000000000     -1
kind
     25     
    43200          153139     
       12.25000000000000  
 OBS            33
      -3.35042799045342
      -2.06863878386533
       1.00000000000000
 32 34 -1
obdef
loc3d
        4.94611628544174              0.67496858055017             35.03607940673828     -1
kind
     25     
    43200          153139     
       12.25000000000000  
 OBS            34
      -0.70776727104735
      -1.85822716231392
       1.00000000000000
 33 35 -1
obdef
loc3d
        4.94304709522229              0.67138694960003             45.00000000000000     -1
kind
     25     
    43200          153139     
       12.25000000000000  
 OBS            35
      -1.89711931288401
      -1.92007781308258
       1.00000000000000
 34 36 -1
obdef
loc3d
        4.94323627307922              0.67609935421143             50.91764831542969     -1
kind
     25     
    43200          153139     
       12.25000000000000  
 OBS            36
      -1.35574896945238
      -1.79521148145616
       1.00000000000000
 35 37 -1
obdef
loc3d
        4.94382880471830              0.67878617658979             35.27229690551758     -1
kind
     25     
    43200          153139     
       12.25000000000000  
 OBS            37
      -4.25178500618696
      -2.27887008195623
       1.00000000000000
 36 38 -1
obdef
loc3d
        4.94220707390035              0.68781081917460            173.94366455078119     -1
kind
     25     
    43200          153139     
       12.25000000000000  
 OBS            38
      -2.37734983929724
      -4.49638063037142
       1.00000000000000
 37 39 -1
obdef
loc3d
        4.92755542120837              0.68675243746254            174.61849975585940     -1
kind
     25     
    43200          153139     
       12.25000000000000  
 OBS            39
      -2.61572296186684
      -2.49159521973041
       1.00000000000000
 38 40 -1
obdef
loc3d
        4.93770287749180              0.68559892863867            149.84144592285159     -1
kind
     25     
    43200          153139     
       12.25000000000000  
 OBS            40
      -1.61620870309431
      -2.64583560742968
       1.00000000000000
 39 41 -1
obdef
loc3d
        4.92848130899840              0.69282991767383            196.64169311523440     -1
kind
     25     
    43200          153139     
       12.25000000000000  
 OBS            41
      -3.00533282620149
      -2.80789685217085
       1.00000000000000
 40 42 -1
obdef
loc3d
        4.94329123891126              0.66857696973652             21.80461120605469     -1
kind
     25     
    43200          153139     
       12.25000000000000  
 OBS            42
      -2.35723826715378
      -2.72036786727407
       1.00000000000000
 41 43 -1
obdef
loc3d
        4.93215285315783              0.69272179551745            405.54205322265619     -1
kind
     25     
    43200          153139     
       12.25000000000000  
 OBS            43
      -7.05511633388061
      -4.63475551911828
       1.00000000000000
 42 44 -1
obdef
loc3d
        4.93085954966869              0.68304429171430             90.32812500000000     -1
kind
     25     
    43200          153139     
       12.25000000000000  
 OBS            44
       1.23837280413706
      -2.49686341040651
       1.00000000000000
 43 45 -1
obdef
loc3d
        4.93705662369825              0.67280917017713             44.45593643188477     -1
kind
     25     
    43200          153139     
       12.25000000000000  
 OBS            45
      -1.84058820599390
      -3.05604225146688
       1.00000000000000
 44 46 -1
obdef
loc3d
        4.94512604639754              0.69281773274108            184.54177856445310     -1
kind
     25     
    43200          153139     
       12.25000000000000  
 OBS            46
       4.81157236860108
      -0.56423946081942
       1.00000000000000
 45 47 -1
obdef
loc3d
        4.94897278262263              0.68784055253573             58.60614395141602     -1
kind
     25     
    43200          153139     
       12.25000000000000  
 OBS            47
      -2.17959086633360
      -2.30323034824947
       1.00000000000000
 46 48 -1
obdef
loc3d
        4.94602769361993              0.68071046350214             21.00896453857422     -1
kind
     25     
    43200          153139     
       12.25000000000000  
 OBS            48
      -0.99486319178385
      -2.12455898539654
       1.00000000000000
 47 49 -1
obdef
loc3d
        4.93975094338173              0.67132086947702             44.21312713623047     -1
kind
     25     
    43200          153139     
       12.25000000000000  
 OBS            49
      -0.37117700691929
      -3.16854465482278
       1.00000000000000
 48 50 -1
obdef
loc3d
        4.93608481943111              0.69281990441712            165.01060485839841     -1
kind
     25     
    43200          153139     
       12.25000000000000  
 OBS            50
      -7.17325662222136
      -5.62900008983138
       1.00000000000000
 49 51 -1
obdef
loc3d
        4.92159319416735              0.69282443720594            292.33944702148438     -1
kind
     25     
    43200          153139     
       12.25000000000000  
 OBS            51
      -9.57041170662531
      -2.28423151229055
       1.00000000000000
 50 52 -1
obdef
loc3d
        4.93873881518950              0.68829597049600            229.64634704589841     -1
kind
     25     
    43200          153139     
       12.25000000000000  
 OBS            52
      -3.62422830567080
      -3.41273352430860
       1.00000000000000
 51 53 -1
obdef
loc3d
        4.93527083413009              0.68767784768684            170.73742675781250     -1
kind
     25     
    43200          153139     
       12.25000000000000  
 OBS            53
      -2.25762086688854
      -1.33811794586678
       1.00000000000000
 52 54 -1
obdef
loc3d
        4.94662113618514              0.69029960200592            170.37097167968750     -1
kind
     25     
    43200          153139     
       12.25000000000000  
 OBS            54
      -7.20469092492070
      -2.65707692675450
       1.00000000000000
 53 55 -1
obdef
loc3d
        4.93429249379945              0.69052021135789            149.81713867187500     -1
kind
     25     
    43200          153139     
       12.25000000000000  
 OBS            55
      -2.69569083876311
      -4.18260455035820
       1.00000000000000
 54 56 -1
obdef
loc3d
        4.93269049343414              0.68556567101287            183.19726562500000     -1
kind
     25     
    43200          153139     
       12.25000000000000  
 OBS            56
      -3.93816888550385
      -1.25187428196159
       1.00000000000000
 55 57 -1
obdef
loc3d
        4.96102089029673              0.67774516842699             17.24609375000000     -1
kind
     25     
    43200          153139     
       12.25000000000000  
 OBS            57
       0.01945657837045
      -0.64407794776204
       1.00000000000000
 56 58 -1
obdef
loc3d
        4.95766343385975              0.68587140474105             17.20619201660156     -1
kind
     25     
    43200          153139     
       12.25000000000000  
 OBS            58
       0.15156256753094
      -1.00499631150936
       1.00000000000000
 57 59 -1
obdef
loc3d
        4.96848382491262              0.66600327539335              8.93466186523438     -1
kind
     25     
    43200          153139     
       12.25000000000000  
 OBS            59
       0.87269807585970
      -0.16054303243847
       1.00000000000000
 58 60 -1
obdef
loc3d
        4.95841046678131              0.68356976794003             15.00000000000000     -1
kind
     25     
    43200          153139     
       12.25000000000000  
 OBS            60
      -2.10825971289541
       1.11864470479467
       1.00000000000000
 59 61 -1
obdef
loc3d
        4.95968425198686              0.67283122878530              9.91464328765869     -1
kind
     25     
    43200          153139     
       12.25000000000000  
 OBS            61
      -3.82416376546184
      -0.30272267483213
       1.00000000000000
 60 62 -1
obdef
loc3d
        4.95850938370535              0.67569847985950              9.09960937500000     -1
kind
     25     
    43200          153139     
       12.25000000000000  
 OBS            62
       3.68648870224053
       0.01133025881225
       1.00000000000000
 61 63 -1
obdef
loc3d
        4.96062039600501              0.68186605212913             14.00000000000000     -1
kind
     25     
    43200          153139     
       12.25000000000000  
 OBS            63
      -3.63640285862889
      -0.27197018441107
       1.00000000000000
 62 64 -1
obdef
loc3d
        4.96044430349621              0.68522255501691             15.00000000000000     -1
kind
     25     
    43200          153139     
       12.25000000000000  
 OBS            64
      -0.95820690070961
      -1.01879866562051
       1.00000000000000
 63 65 -1
obdef
loc3d
        4.95666979050607              0.68165969365477             15.07347202301025     -1
kind
     25     
    43200          153139     
       12.25000000000000  
 OBS            65
      -0.55821768422733
      -0.53370480130944
       1.00000000000000
 64 66 -1
obdef
loc3d
        4.96483712939352              0.66390373451953              6.00000000000000     -1
kind
     25     
    43200          153139     
       12.25000000000000  
 OBS            66
      -2.08132954934338
      -0.70277629365620
       1.00000000000000
 65 67 -1
obdef
loc3d
        4.96717335385836              0.67072562238302             13.76562500000000     -1
kind
     25     
    43200          153139     
       12.25000000000000  
 OBS            67
      -2.04123834396171
      -0.37342367930655
       1.00000000000000
 66 68 -1
obdef
loc3d
        4.96004611966382              0.68820120365869             15.00000000000000     -1
kind
     25     
    43200          153139     
       12.25000000000000  
 OBS            68
      -0.32589851343050
      -1.15245286033149
       1.00000000000000
 67 69 -1
obdef
loc3d
        4.95406364445895              0.69009645468583             54.42578125000000     -1
kind
     25     
    43200          153139     
       12.25000000000000  
 OBS            69
       1.86415963428148
      -0.75553582371454
       1.00000000000000
 68 70 -1
obdef
loc3d
        4.95508230192316              0.68705689194968              9.08530712127686     -1
kind
     25     
    43200          153139     
       12.25000000000000  
 OBS            70
       4.60917870476973
       2.44239720560146
       1.00000000000000
 69 71 -1
obdef
loc3d
        4.89647559039613              0.68497595921932            824.84875488281250     -1
kind
     25     
    43200          153139     
       12.25000000000000  
 OBS            71
     -10.25313560335136
      -1.14971579951970
       1.00000000000000
 70 72 -1
obdef
loc3d
        4.89667428721977              0.69273770557989            574.37286376953125     -1
kind
     25     
    43200          153139     
       12.25000000000000  
 OBS            72
      -4.05662705817757
      -2.04885162288438
       1.00000000000000
 71 73 -1
obdef
loc3d
        4.91583459977084              0.69278424988043            233.68589782714841     -1
kind
     25     
    43200          153139     
       12.25000000000000  
 OBS            73
      -3.34383645026515
      -2.43438987164517
       1.00000000000000
 72 74 -1
obdef
loc3d
        4.90300762067971              0.68954390300676            525.03326416015625     -1
kind
     25     
    43200          153139     
       12.25000000000000  
 OBS            74
      -3.75328919824317
      -0.91531420514118
       1.00000000000000
 73 75 -1
obdef
loc3d
        4.90168560310748              0.69286223560483            711.58941650390625     -1
kind
     25     
    43200          153139     
       12.25000000000000  
 OBS            75
       2.08773116106356
      -0.47628509741397
       1.00000000000000
 74 76 -1
obdef
loc3d
        4.91091515139416              0.69052501454351            199.70848083496091     -1
kind
     25     
    43200          153139     
       12.25000000000000  
 OBS            76
       6.59328761925605
       1.54352270476139
       1.00000000000000
 75 77 -1
obdef
loc3d
        4.90540352515539              0.69194112440599            606.33142089843750     -1
kind
     26     
    43200          153139     
       12.25000000000000  
 OBS            77
      10.05287166121479
       7.19100596072744
       1.00000000000000
 76 78 -1
obdef
loc3d
        4.94546412681761              0.68348353984884             17.75631332397461     -1
kind
     26     
    43200          153139     
       12.25000000000000  
 OBS            78
       4.55972502717758
       8.78541379214928
       1.00000000000000
 77 79 -1
obdef
loc3d
        4.94660974174000              0.67744857875853             29.35406684875488     -1
kind
     26     
    43200          153139     
       12.25000000000000  
 OBS            79
       4.35350733794068
       5.67607321329756
       1.00000000000000
 78 80 -1
obdef
loc3d
        4.94648126630843              0.68652865419204             54.82812500000000     -1
kind
     26     
    43200          153139     
       12.25000000000000  
 OBS            80
       7.04872736508286
       5.08825911409689
       1.00000000000000
 79 81 -1
obdef
loc3d
        4.94445426011379              0.68507566758975             62.61011505126953     -1
kind
     26     
    43200          153139     
       12.25000000000000  
 OBS            81
       9.49796342017364
       6.99718679189720
       1.00000000000000
 80 82 -1
obdef
loc3d
        4.94602055174578              0.68752162087271            134.15721130371091     -1
kind
     26     
    43200          153139     
       12.25000000000000  
 OBS            82
      14.16161606956053
      11.96330567584120
       1.00000000000000
 81 83 -1
obdef
loc3d
        4.94603912728501              0.67254511985829             35.00297546386719     -1
kind
     26     
    43200          153139     
       12.25000000000000  
 OBS            83
       8.05622540720220
      11.55774297375010
       1.00000000000000
 82 84 -1
obdef
loc3d
        4.95877904994953              0.67986585977255             17.04111671447754     -1
kind
     26     
    43200          153139     
       12.25000000000000  
 OBS            84
      10.68092332322001
       5.59119356251993
       1.00000000000000
 83 85 -1
obdef
loc3d
        4.93958042817759              0.69095160998657            226.13127136230469     -1
kind
     26     
    43200          153139     
       12.25000000000000  
 OBS            85
       7.78028511028596
       6.51162818395658
       1.00000000000000
 84 86 -1
obdef
loc3d
        4.95756313665553              0.69181797222864             89.84997558593750     -1
kind
     26     
    43200          153139     
       12.25000000000000  
 OBS            86
      14.01295229009952
      10.96755384537470
       1.00000000000000
 85 87 -1
obdef
loc3d
        4.94078657111844              0.67409210989409             60.81152343750000     -1
kind
     26     
    43200          153139     
       12.25000000000000  
 OBS            87
      16.25810519054004
      10.53588095972980
       1.00000000000000
 86 88 -1
obdef
loc3d
        4.95557846691255              0.67267262139613              1.00000000000000     -1
kind
     26     
    43200          153139     
       12.25000000000000  
 OBS            88
      -1.10421147941346
       2.03563909222821
       1.00000000000000
 87 89 -1
obdef
loc3d
        4.93193348448080              0.68856418981073            106.00000000000000     -1
kind
     26     
    43200          153139     
       12.25000000000000  
 OBS            89
       4.14385292954917
       3.12340994393157
       1.00000000000000
 88 90 -1
obdef
loc3d
        4.89970838141578              0.68765245249877            785.09423828125000     -1
kind
     26     
    43200          153139     
       12.25000000000000  
 OBS            90
      10.40246195666329
       9.07791140414126
       1.00000000000000
 89 91 -1
obdef
loc3d
        4.95026814558372              0.68993059237416             93.11567687988281     -1
kind
     26     
    43200          153139     
       12.25000000000000  
 OBS            91
       4.99742420917492
       7.06181987378446
       1.00000000000000
 90 92 -1
obdef
loc3d
        4.94174512165160              0.68484635226999            116.56585693359381     -1
kind
     26     
    43200          153139     
       12.25000000000000  
 OBS            92
      14.32480186074853
      12.31833967472440
       1.00000000000000
 91 93 -1
obdef
loc3d
        4.95420735021482              0.68473663912788             15.00000000000000     -1
kind
     26     
    43200          153139     
       12.25000000000000  
 OBS            93
       0.61201433463157
       0.68476586032845
       1.00000000000000
 92 94 -1
obdef
loc3d
        4.93477042118681              0.68310638816012            118.89588928222661     -1
kind
     26     
    43200          153139     
       12.25000000000000  
 OBS            94
      10.46465154132970
       8.95579552235160
       1.00000000000000
 93 95 -1
obdef
loc3d
        4.93795631029682              0.68276407673392            144.94107055664060     -1
kind
     26     
    43200          153139     
       12.25000000000000  
 OBS            95
       8.55443464941798
       7.54835521940380
       1.00000000000000
 94 96 -1
obdef
loc3d
        4.94001671685736              0.68064929967652             43.67281723022461     -1
kind
     26     
    43200          153139     
       12.25000000000000  
 OBS            96
      14.04541115120187
      10.60252262927810
       1.00000000000000
 95 97 -1
obdef
loc3d
        4.94058460161740              0.67807181314514             70.17810058593750     -1
kind
     26     
    43200          153139     
       12.25000000000000  
 OBS            97
      11.02638458920258
      11.80084081056260
       1.00000000000000
 96 98 -1
obdef
loc3d
        4.95423295419494              0.68033176843505              3.71636104583740     -1
kind
     26     
    43200          153139     
       12.25000000000000  
 OBS            98
       4.85457474953026
       9.27233576065195
       1.00000000000000
 97 99 -1
obdef
loc3d
        4.94926894458696              0.66642585587446             10.91526031494141     -1
kind
     26     
    43200          153139     
       12.25000000000000  
 OBS            99
       9.90474027089724
      11.68382720914280
       1.00000000000000
 98 100 -1
obdef
loc3d
        4.96223480186848              0.66700036066835              5.00000000000000     -1
kind
     26     
    43200          153139     
       12.25000000000000  
 OBS            100
      11.46250857530915
      13.41740987564990
       1.00000000000000
 99 101 -1
obdef
loc3d
        4.95546148971009              0.67729393735082              6.17724800109863     -1
kind
     26     
    43200          153139     
       12.25000000000000  
 OBS            101
       8.07619992625706
       6.95652304726342
       1.00000000000000
 100 102 -1
obdef
loc3d
        4.92652723985629              0.69051382381431            146.04148864746091     -1
kind
     26     
    43200          153139     
       12.25000000000000  
 OBS            102
      18.91145545296319
      11.90617241307740
       1.00000000000000
 101 103 -1
obdef
loc3d
        4.96366005344362              0.66920346185787              6.00000000000000     -1
kind
     26     
    43200          153139     
       12.25000000000000  
 OBS            103
      16.32638907133375
      14.01243449639770
       1.00000000000000
 102 104 -1
obdef
loc3d
        4.97052949833720              0.66907739847133              8.84140872955322     -1
kind
     26     
    43200          153139     
       12.25000000000000  
 OBS            104
       6.53561525636608
       6.45905662510520
       1.00000000000000
 103 105 -1
obdef
loc3d
        4.95272465676814              0.69285338512106             17.57446289062500     -1
kind
     26     
    43200          153139     
       12.25000000000000  
 OBS            105
       6.46489103919993
       5.42916446996024
       1.00000000000000
 104 106 -1
obdef
loc3d
        4.94895487610473              0.69270373762026            144.09075927734381     -1
kind
     26     
    43200          153139     
       12.25000000000000  
 OBS            106
       7.91767179630491
       4.34084000732163
       1.00000000000000
 105 107 -1
obdef
loc3d
        4.94293085461737              0.69053117803871            168.92642211914060     -1
kind
     26     
    43200          153139     
       12.25000000000000  
 OBS            107
      12.11396764659865
      10.35326906750440
       1.00000000000000
 106 108 -1
obdef
loc3d
        4.93556788041953              0.67027828664670             15.00000000000000     -1
kind
     26     
    43200          153139     
       12.25000000000000  
 OBS            108
      18.19241492925556
      11.40605904087430
       1.00000000000000
 107 109 -1
obdef
loc3d
        4.94611628544174              0.67496858055017             35.03607940673828     -1
kind
     26     
    43200          153139     
       12.25000000000000  
 OBS            109
      14.75574663924155
      12.47195275539750
       1.00000000000000
 108 110 -1
obdef
loc3d
        4.94304709522229              0.67138694960003             45.00000000000000     -1
kind
     26     
    43200          153139     
       12.25000000000000  
 OBS            110
       6.24313606311914
      10.84687713224340
       1.00000000000000
 109 111 -1
obdef
loc3d
        4.94323627307922              0.67609935421143             50.91764831542969     -1
kind
     26     
    43200          153139     
       12.25000000000000  
 OBS            111
      14.55939479672596
       9.93443805873105
       1.00000000000000
 110 112 -1
obdef
loc3d
        4.94382880471830              0.67878617658979             35.27229690551758     -1
kind
     26     
    43200          153139     
       12.25000000000000  
 OBS            112
       6.32684980833311
       1.73661322686579
       1.00000000000000
 111 113 -1
obdef
loc3d
        4.94220707390035              0.68781081917460            173.94366455078119     -1
kind
     26     
    43200          153139     
       12.25000000000000  
 OBS            113
       5.95909306805168
       4.09187110554413
       1.00000000000000
 112 114 -1
obdef
loc3d
        4.92755542120837              0.68675243746254            174.61849975585940     -1
kind
     26     
    43200          153139     
       12.25000000000000  
 OBS            114
       2.08902043817496
       1.42702014366101
       1.00000000000000
 113 115 -1
obdef
loc3d
        4.93770287749180              0.68559892863867            149.84144592285159     -1
kind
     26     
    43200          153139     
       12.25000000000000  
 OBS            115
       5.95730301349028
       7.35605766692208
       1.00000000000000
 114 116 -1
obdef
loc3d
        4.92848130899840              0.69282991767383            196.64169311523440     -1
kind
     26     
    43200          153139     
       12.25000000000000  
 OBS            116
       9.44958714528493
      10.52839108096580
       1.00000000000000
 115 117 -1
obdef
loc3d
        4.94329123891126              0.66857696973652             21.80461120605469     -1
kind
     26     
    43200          153139     
       12.25000000000000  
 OBS            117
       2.14416371470488
       5.64157000053889
       1.00000000000000
 116 118 -1
obdef
loc3d
        4.93215285315783              0.69272179551745            405.54205322265619     -1
kind
     26     
    43200          153139     
       12.25000000000000  
 OBS            118
       7.59227020437895
       5.17620260421941
       1.00000000000000
 117 119 -1
obdef
loc3d
        4.93085954966869              0.68304429171430             90.32812500000000     -1
kind
     26     
    43200          153139     
       12.25000000000000  
 OBS            119
      13.57297483708993
      10.88360852701800
       1.00000000000000
 118 120 -1
obdef
loc3d
        4.93705662369825              0.67280917017713             44.45593643188477     -1
kind
     26     
    43200          153139     
       12.25000000000000  
 OBS            120
       0.85910583933897
       4.28910357495998
       1.00000000000000
 119 121 -1
obdef
loc3d
        4.94512604639754              0.69281773274108            184.54177856445310     -1
kind
     26     
    43200          153139     
       12.25000000000000  
 OBS            121
      10.32792129584048
      10.27858851300640
       1.00000000000000
 120 122 -1
obdef
loc3d
        4.94897278262263              0.68784055253573             58.60614395141602     -1
kind
     26     
    43200          153139     
       12.25000000000000  
 OBS            122
      13.03844069979203
       7.66350647135439
       1.00000000000000
 121 123 -1
obdef
loc3d
        4.94602769361993              0.68071046350214             21.00896453857422     -1
kind
     26     
    43200          153139     
       12.25000000000000  
 OBS            123
      13.56742978685539
      11.04354500100550
       1.00000000000000
 122 124 -1
obdef
loc3d
        4.93975094338173              0.67132086947702             44.21312713623047     -1
kind
     26     
    43200          153139     
       12.25000000000000  
 OBS            124
       5.13925758244703
       6.06727020710461
       1.00000000000000
 123 125 -1
obdef
loc3d
        4.93608481943111              0.69281990441712            165.01060485839841     -1
kind
     26     
    43200          153139     
       12.25000000000000  
 OBS            125
       6.04814381433799
       5.90672151043100
       1.00000000000000
 124 126 -1
obdef
loc3d
        4.92159319416735              0.69282443720594            292.33944702148438     -1
kind
     26     
    43200          153139     
       12.25000000000000  
 OBS            126
       1.26564111975366
       3.27606726884065
       1.00000000000000
 125 127 -1
obdef
loc3d
        4.93873881518950              0.68829597049600            229.64634704589841     -1
kind
     26     
    43200          153139     
       12.25000000000000  
 OBS            127
       4.71865027269381
       5.48214907717875
       1.00000000000000
 126 128 -1
obdef
loc3d
        4.93527083413009              0.68767784768684            170.73742675781250     -1
kind
     26     
    43200          153139     
       12.25000000000000  
 OBS            128
       5.58553942822081
       7.47289563197768
       1.00000000000000
 127 129 -1
obdef
loc3d
        4.94662113618514              0.69029960200592            170.37097167968750     -1
kind
     26     
    43200          153139     
       12.25000000000000  
 OBS            129
       2.71672144419421
       5.13113609800183
       1.00000000000000
 128 130 -1
obdef
loc3d
        4.93429249379945              0.69052021135789            149.81713867187500     -1
kind
     26     
    43200          153139     
       12.25000000000000  
 OBS            130
       7.32904402224229
       6.46977207021722
       1.00000000000000
 129 131 -1
obdef
loc3d
        4.93269049343414              0.68556567101287            183.19726562500000     -1
kind
     26     
    43200          153139     
       12.25000000000000  
 OBS            131
      13.32724390561347
      12.67730286244020
       1.00000000000000
 130 132 -1
obdef
loc3d
        4.96102089029673              0.67774516842699             17.24609375000000     -1
kind
     26     
    43200          153139     
       12.25000000000000  
 OBS            132
      15.08360429205323
      11.75137561287840
       1.00000000000000
 131 133 -1
obdef
loc3d
        4.95766343385975              0.68587140474105             17.20619201660156     -1
kind
     26     
    43200          153139     
       12.25000000000000  
 OBS            133
      14.89609265875953
      13.06781405462420
       1.00000000000000
 132 134 -1
obdef
loc3d
        4.96848382491262              0.66600327539335              8.93466186523438     -1
kind
     26     
    43200          153139     
       12.25000000000000  
 OBS            134
      16.78080067639567
      11.82598832474350
       1.00000000000000
 133 135 -1
obdef
loc3d
        4.95841046678131              0.68356976794003             15.00000000000000     -1
kind
     26     
    43200          153139     
       12.25000000000000  
 OBS            135
      11.95157991018434
      11.01310685821610
       1.00000000000000
 134 136 -1
obdef
loc3d
        4.95968425198686              0.67283122878530              9.91464328765869     -1
kind
     26     
    43200          153139     
       12.25000000000000  
 OBS            136
      20.05436369368709
      13.19460675184540
       1.00000000000000
 135 137 -1
obdef
loc3d
        4.95850938370535              0.67569847985950              9.09960937500000     -1
kind
     26     
    43200          153139     
       12.25000000000000  
 OBS            137
       5.25919919583393
      10.41839627809350
       1.00000000000000
 136 138 -1
obdef
loc3d
        4.96062039600501              0.68186605212913             14.00000000000000     -1
kind
     26     
    43200          153139     
       12.25000000000000  
 OBS            138
      13.30544532152337
      10.56561604543590
       1.00000000000000
 137 139 -1
obdef
loc3d
        4.96044430349621              0.68522255501691             15.00000000000000     -1
kind
     26     
    43200          153139     
       12.25000000000000  
 OBS            139
       9.30879464892250
      12.44147316934860
       1.00000000000000
 138 140 -1
obdef
loc3d
        4.95666979050607              0.68165969365477             15.07347202301025     -1
kind
     26     
    43200          153139     
       12.25000000000000  
 OBS            140
      10.14058951084447
      13.23585857373680
       1.00000000000000
 139 141 -1
obdef
loc3d
        4.96483712939352              0.66390373451953              6.00000000000000     -1
kind
     26     
    43200          153139     
       12.25000000000000  
 OBS            141
      13.29294565858319
      13.39842287887430
       1.00000000000000
 140 142 -1
obdef
loc3d
        4.96717335385836              0.67072562238302             13.76562500000000     -1
kind
     26     
    43200          153139     
       12.25000000000000  
 OBS            142
      10.11182363836500
       8.93001040959862
       1.00000000000000
 141 143 -1
obdef
loc3d
        4.96004611966382              0.68820120365869             15.00000000000000     -1
kind
     26     
    43200          153139     
       12.25000000000000  
 OBS            143
       7.81284995504976
       7.85306545961777
       1.00000000000000
 142 144 -1
obdef
loc3d
        4.95406364445895              0.69009645468583             54.42578125000000     -1
kind
     26     
    43200          153139     
       12.25000000000000  
 OBS            144
      13.44911493079556
      10.77111455369340
       1.00000000000000
 143 145 -1
obdef
loc3d
        4.95508230192316              0.68705689194968              9.08530712127686     -1
kind
     26     
    43200          153139     
       12.25000000000000  
 OBS            145
       4.74688518767637
       7.93853741686639
       1.00000000000000
 144 146 -1
obdef
loc3d
        4.89647559039613              0.68497595921932            824.84875488281250     -1
kind
     26     
    43200          153139     
       12.25000000000000  
 OBS            146
      -0.58883581483572
      -0.80450654421957
       1.00000000000000
 145 147 -1
obdef
loc3d
        4.89667428721977              0.69273770557989            574.37286376953125     -1
kind
     26     
    43200          153139     
       12.25000000000000  
 OBS            147
       7.90168105794941
       2.93211831815825
       1.00000000000000
 146 148 -1
obdef
loc3d
        4.91583459977084              0.69278424988043            233.68589782714841     -1
kind
     26     
    43200          153139     
       12.25000000000000  
 OBS            148
       3.43093674477372
       1.38567321625089
       1.00000000000000
 147 149 -1
obdef
loc3d
        4.90300762067971              0.68954390300676            525.03326416015625     -1
kind
     26     
    43200          153139     
       12.25000000000000  
 OBS            149
       6.52073315119675
       5.19339520587861
       1.00000000000000
 148 150 -1
obdef
loc3d
        4.90168560310748              0.69286223560483            711.58941650390625     -1
kind
     26     
    43200          153139     
       12.25000000000000  
 OBS            150
      -0.30627843936334
      -2.49819448902253
       1.00000000000000
 149 151 -1
obdef
loc3d
        4.91091515139416              0.69052501454351            199.70848083496091     -1
kind
     26     
    43200          153139     
       12.25000000000000  
 OBS            151
     286.22849250623585
     286.62813602689300
       1.00000000000000
 150 152 -1
obdef
loc3d
        4.90540352515539              0.69194112440599            606.33142089843750     -1
kind
     27     
    43200          153139     
        6.25000000000000  
 OBS            152
     289.16421904598474
     290.36276291929198
       1.00000000000000
 151 153 -1
obdef
loc3d
        4.94546412681761              0.68348353984884             17.75631332397461     -1
kind
     27     
    43200          153139     
        6.25000000000000  
 OBS            153
     290.18095179500079
     290.31156016695502
       1.00000000000000
 152 154 -1
obdef
loc3d
        4.94660974174000              0.67744857875853             29.35406684875488     -1
kind
     27     
    43200          153139     
        6.25000000000000  
 OBS            154
     289.41082974155057
     289.42136280601301
       1.00000000000000
 153 155 -1
obdef
loc3d
        4.94648126630843              0.68652865419204             54.82812500000000     -1
kind
     27     
    43200          153139     
        6.25000000000000  
 OBS            155
     291.01663293485797
     290.03994646940203
       1.00000000000000
 154 156 -1
obdef
loc3d
        4.94445426011379              0.68507566758975             62.61011505126953     -1
kind
     27     
    43200          153139     
        6.25000000000000  
 OBS            156
     288.63803894456169
     289.08095779441902
       1.00000000000000
 155 157 -1
obdef
loc3d
        4.94602055174578              0.68752162087271            134.15721130371091     -1
kind
     27     
    43200          153139     
        6.25000000000000  
 OBS            157
     291.15218261121390
     290.97841632828698
       1.00000000000000
 156 158 -1
obdef
loc3d
        4.94603912728501              0.67254511985829             35.00297546386719     -1
kind
     27     
    43200          153139     
        6.25000000000000  
 OBS            158
     289.11981091074978
     290.42849990528902
       1.00000000000000
 157 159 -1
obdef
loc3d
        4.95877904994953              0.67986585977255             17.04111671447754     -1
kind
     27     
    43200          153139     
        6.25000000000000  
 OBS            159
     289.96344629581398
     288.61857517853900
       1.00000000000000
 158 160 -1
obdef
loc3d
        4.93958042817759              0.69095160998657            226.13127136230469     -1
kind
     27     
    43200          153139     
        6.25000000000000  
 OBS            160
     289.79511190441417
     289.09808598903498
       1.00000000000000
 159 161 -1
obdef
loc3d
        4.95756313665553              0.69181797222864             89.84997558593750     -1
kind
     27     
    43200          153139     
        6.25000000000000  
 OBS            161
     292.60567571003560
     291.06963274435799
       1.00000000000000
 160 162 -1
obdef
loc3d
        4.94078657111844              0.67409210989409             60.81152343750000     -1
kind
     27     
    43200          153139     
        6.25000000000000  
 OBS            162
     289.78663699027169
     290.77858715091401
       1.00000000000000
 161 163 -1
obdef
loc3d
        4.95557846691255              0.67267262139613              1.00000000000000     -1
kind
     27     
    43200          153139     
        6.25000000000000  
 OBS            163
     288.91891503637572
     288.55088969110898
       1.00000000000000
 162 164 -1
obdef
loc3d
        4.93193348448080              0.68856418981073            106.00000000000000     -1
kind
     27     
    43200          153139     
        6.25000000000000  
 OBS            164
     287.57593009662867
     287.18729009451602
       1.00000000000000
 163 165 -1
obdef
loc3d
        4.89970838141578              0.68765245249877            785.09423828125000     -1
kind
     27     
    43200          153139     
        6.25000000000000  
 OBS            165
     289.39761350689855
     288.83683738696800
       1.00000000000000
 164 166 -1
obdef
loc3d
        4.95026814558372              0.68993059237416             93.11567687988281     -1
kind
     27     
    43200          153139     
        6.25000000000000  
 OBS            166
     288.41043827877576
     289.95766222519597
       1.00000000000000
 165 167 -1
obdef
loc3d
        4.94174512165160              0.68484635226999            116.56585693359381     -1
kind
     27     
    43200          153139     
        6.25000000000000  
 OBS            167
     291.52244317670392
     290.53397706569001
       1.00000000000000
 166 168 -1
obdef
loc3d
        4.95420735021482              0.68473663912788             15.00000000000000     -1
kind
     27     
    43200          153139     
        6.25000000000000  
 OBS            168
     289.23360312533993
     289.12162640086302
       1.00000000000000
 167 169 -1
obdef
loc3d
        4.93477042118681              0.68310638816012            118.89588928222661     -1
kind
     27     
    43200          153139     
        6.25000000000000  
 OBS            169
     289.77359613371459
     290.03568346058000
       1.00000000000000
 168 170 -1
obdef
loc3d
        4.93795631029682              0.68276407673392            144.94107055664060     -1
kind
     27     
    43200          153139     
        6.25000000000000  
 OBS            170
     288.87660697342869
     290.62932344526502
       1.00000000000000
 169 171 -1
obdef
loc3d
        4.94001671685736              0.68064929967652             43.67281723022461     -1
kind
     27     
    43200          153139     
        6.25000000000000  
 OBS            171
     292.44285742095047
     290.89194250380302
       1.00000000000000
 170 172 -1
obdef
loc3d
        4.94058460161740              0.67807181314514             70.17810058593750     -1
kind
     27     
    43200          153139     
        6.25000000000000  
 OBS            172
     290.90320956714515
     290.68004451975600
       1.00000000000000
 171 173 -1
obdef
loc3d
        4.95423295419494              0.68033176843505              3.71636104583740     -1
kind
     27     
    43200          153139     
        6.25000000000000  
 OBS            173
     290.82804755755564
     290.97202333673403
       1.00000000000000
 172 174 -1
obdef
loc3d
        4.94926894458696              0.66642585587446             10.91526031494141     -1
kind
     27     
    43200          153139     
        6.25000000000000  
 OBS            174
     292.19993522350717
     291.42034133822602
       1.00000000000000
 173 175 -1
obdef
loc3d
        4.96223480186848              0.66700036066835              5.00000000000000     -1
kind
     27     
    43200          153139     
        6.25000000000000  
 OBS            175
     290.29455991791667
     290.71034081766101
       1.00000000000000
 174 176 -1
obdef
loc3d
        4.95546148971009              0.67729393735082              6.17724800109863     -1
kind
     27     
    43200          153139     
        6.25000000000000  
 OBS            176
     288.60692491596802
     289.42413915790701
       1.00000000000000
 175 177 -1
obdef
loc3d
        4.92652723985629              0.69051382381431            146.04148864746091     -1
kind
     27     
    43200          153139     
        6.25000000000000  
 OBS            177
     290.44643130547445
     291.03774161911400
       1.00000000000000
 176 178 -1
obdef
loc3d
        4.96366005344362              0.66920346185787              6.00000000000000     -1
kind
     27     
    43200          153139     
        6.25000000000000  
 OBS            178
     291.06860416810378
     290.11048990343198
       1.00000000000000
 177 179 -1
obdef
loc3d
        4.97052949833720              0.66907739847133              8.84140872955322     -1
kind
     27     
    43200          153139     
        6.25000000000000  
 OBS            179
     289.98416562054530
     289.28518497704903
       1.00000000000000
 178 180 -1
obdef
loc3d
        4.95272465676814              0.69285338512106             17.57446289062500     -1
kind
     27     
    43200          153139     
        6.25000000000000  
 OBS            180
     289.42277713962403
     288.26659311323198
       1.00000000000000
 179 181 -1
obdef
loc3d
        4.94895487610473              0.69270373762026            144.09075927734381     -1
kind
     27     
    43200          153139     
        6.25000000000000  
 OBS            181
     290.05425017373267
     288.30878466627701
       1.00000000000000
 180 182 -1
obdef
loc3d
        4.94293085461737              0.69053117803871            168.92642211914060     -1
kind
     27     
    43200          153139     
        6.25000000000000  
 OBS            182
     291.98409527736499
     292.05882509957900
       1.00000000000000
 181 183 -1
obdef
loc3d
        4.93556788041953              0.67027828664670             15.00000000000000     -1
kind
     27     
    43200          153139     
        6.25000000000000  
 OBS            183
     292.96434223537597
     290.95335968680303
       1.00000000000000
 182 184 -1
obdef
loc3d
        4.94611628544174              0.67496858055017             35.03607940673828     -1
kind
     27     
    43200          153139     
        6.25000000000000  
 OBS            184
     291.87458314942057
     291.18441115293501
       1.00000000000000
 183 185 -1
obdef
loc3d
        4.94304709522229              0.67138694960003             45.00000000000000     -1
kind
     27     
    43200          153139     
        6.25000000000000  
 OBS            185
     290.27475600959366
     291.07075086281100
       1.00000000000000
 184 186 -1
obdef
loc3d
        4.94323627307922              0.67609935421143             50.91764831542969     -1
kind
     27     
    43200          153139     
        6.25000000000000  
 OBS            186
     291.86582579229554
     290.80192153473001
       1.00000000000000
 185 187 -1
obdef
loc3d
        4.94382880471830              0.67878617658979             35.27229690551758     -1
kind
     27     
    43200          153139     
        6.25000000000000  
 OBS            187
     288.50899385774596
     288.41685801053200
       1.00000000000000
 186 188 -1
obdef
loc3d
        4.94220707390035              0.68781081917460            173.94366455078119     -1
kind
     27     
    43200          153139     
        6.25000000000000  
 OBS            188
     288.15696810208954
     288.19382968236198
       1.00000000000000
 187 189 -1
obdef
loc3d
        4.92755542120837              0.68675243746254            174.61849975585940     -1
kind
     27     
    43200          153139     
        6.25000000000000  
 OBS            189
     288.35212796102644
     288.62198234274399
       1.00000000000000
 188 190 -1
obdef
loc3d
        4.93770287749180              0.68559892863867            149.84144592285159     -1
kind
     27     
    43200          153139     
        6.25000000000000  
 OBS            190
     292.30287839987540
     290.16866815379501
       1.00000000000000
 189 191 -1
obdef
loc3d
        4.92848130899840              0.69282991767383            196.64169311523440     -1
kind
     27     
    43200          153139     
        6.25000000000000  
 OBS            191
     292.21117272346464
     291.09004552808000
       1.00000000000000
 190 192 -1
obdef
loc3d
        4.94329123891126              0.66857696973652             21.80461120605469     -1
kind
     27     
    43200          153139     
        6.25000000000000  
 OBS            192
     288.21713368979357
     287.41812290821503
       1.00000000000000
 191 193 -1
obdef
loc3d
        4.93215285315783              0.69272179551745            405.54205322265619     -1
kind
     27     
    43200          153139     
        6.25000000000000  
 OBS            193
     289.41955019077074
     289.21968565274398
       1.00000000000000
 192 194 -1
obdef
loc3d
        4.93085954966869              0.68304429171430             90.32812500000000     -1
kind
     27     
    43200          153139     
        6.25000000000000  
 OBS            194
     290.29142594320319
     291.45160800160602
       1.00000000000000
 193 195 -1
obdef
loc3d
        4.93705662369825              0.67280917017713             44.45593643188477     -1
kind
     27     
    43200          153139     
        6.25000000000000  
 OBS            195
     288.25510793132923
     288.27710791366201
       1.00000000000000
 194 196 -1
obdef
loc3d
        4.94512604639754              0.69281773274108            184.54177856445310     -1
kind
     27     
    43200          153139     
        6.25000000000000  
 OBS            196
     288.00167480671780
     289.26920230159197
       1.00000000000000
 195 197 -1
obdef
loc3d
        4.94897278262263              0.68784055253573             58.60614395141602     -1
kind
     27     
    43200          153139     
        6.25000000000000  
 OBS            197
     291.84158737929897
     290.56683482706597
       1.00000000000000
 196 198 -1
obdef
loc3d
        4.94602769361993              0.68071046350214             21.00896453857422     -1
kind
     27     
    43200          153139     
        6.25000000000000  
 OBS            198
     290.79643344094836
     291.25016826430698
       1.00000000000000
 197 199 -1
obdef
loc3d
        4.93975094338173              0.67132086947702             44.21312713623047     -1
kind
     27     
    43200          153139     
        6.25000000000000  
 OBS            199
     287.26299190927665
     288.69193733427602
       1.00000000000000
 198 200 -1
obdef
loc3d
        4.93608481943111              0.69281990441712            165.01060485839841     -1
kind
     27     
    43200          153139     
        6.25000000000000  
 OBS            200
     289.23382274881840
     288.78351578198101
       1.00000000000000
 199 201 -1
obdef
loc3d
        4.92159319416735              0.69282443720594            292.33944702148438     -1
kind
     27     
    43200          153139     
        6.25000000000000  
 OBS            201
     290.66710117906206
     288.35471428149498
       1.00000000000000
 200 202 -1
obdef
loc3d
        4.93873881518950              0.68829597049600            229.64634704589841     -1
kind
     27     
    43200          153139     
        6.25000000000000  
 OBS            202
     288.79657242759441
     289.24723570916598
       1.00000000000000
 201 203 -1
obdef
loc3d
        4.93527083413009              0.68767784768684            170.73742675781250     -1
kind
     27     
    43200          153139     
        6.25000000000000  
 OBS            203
     287.73838637380533
     288.61624107691000
       1.00000000000000
 202 204 -1
obdef
loc3d
        4.94662113618514              0.69029960200592            170.37097167968750     -1
kind
     27     
    43200          153139     
        6.25000000000000  
 OBS            204
     289.24537456164308
     288.93711113921199
       1.00000000000000
 203 205 -1
obdef
loc3d
        4.93429249379945              0.69052021135789            149.81713867187500     -1
kind
     27     
    43200          153139     
        6.25000000000000  
 OBS            205
     289.36091584560910
     288.66056569769103
       1.00000000000000
 204 206 -1
obdef
loc3d
        4.93269049343414              0.68556567101287            183.19726562500000     -1
kind
     27     
    43200          153139     
        6.25000000000000  
 OBS            206
     290.00595201592586
     290.64577981387100
       1.00000000000000
 205 207 -1
obdef
loc3d
        4.96102089029673              0.67774516842699             17.24609375000000     -1
kind
     27     
    43200          153139     
        6.25000000000000  
 OBS            207
     290.84973185173681
     290.60180629214898
       1.00000000000000
 206 208 -1
obdef
loc3d
        4.95766343385975              0.68587140474105             17.20619201660156     -1
kind
     27     
    43200          153139     
        6.25000000000000  
 OBS            208
     290.58046291571026
     290.08507972402600
       1.00000000000000
 207 209 -1
obdef
loc3d
        4.96848382491262              0.66600327539335              8.93466186523438     -1
kind
     27     
    43200          153139     
        6.25000000000000  
 OBS            209
     291.93632756200731
     290.62192283985502
       1.00000000000000
 208 210 -1
obdef
loc3d
        4.95841046678131              0.68356976794003             15.00000000000000     -1
kind
     27     
    43200          153139     
        6.25000000000000  
 OBS            210
     290.12667292698291
     291.04211088139601
       1.00000000000000
 209 211 -1
obdef
loc3d
        4.95968425198686              0.67283122878530              9.91464328765869     -1
kind
     27     
    43200          153139     
        6.25000000000000  
 OBS            211
     290.73056375740822
     290.85383518193498
       1.00000000000000
 210 212 -1
obdef
loc3d
        4.95850938370535              0.67569847985950              9.09960937500000     -1
kind
     27     
    43200          153139     
        6.25000000000000  
 OBS            212
     289.60185633363176
     290.43920542438701
       1.00000000000000
 211 213 -1
obdef
loc3d
        4.96062039600501              0.68186605212913             14.00000000000000     -1
kind
     27     
    43200          153139     
        6.25000000000000  
 OBS            213
     289.76565833583322
     290.41259195147097
       1.00000000000000
 212 214 -1
obdef
loc3d
        4.96044430349621              0.68522255501691             15.00000000000000     -1
kind
     27     
    43200          153139     
        6.25000000000000  
 OBS            214
     289.39477693071143
     290.51667775073099
       1.00000000000000
 213 215 -1
obdef
loc3d
        4.95666979050607              0.68165969365477             15.07347202301025     -1
kind
     27     
    43200          153139     
        6.25000000000000  
 OBS            215
     291.67807017449201
     290.81893157550701
       1.00000000000000
 214 216 -1
obdef
loc3d
        4.96483712939352              0.66390373451953              6.00000000000000     -1
kind
     27     
    43200          153139     
        6.25000000000000  
 OBS            216
     290.65085896977752
     290.71481050218199
       1.00000000000000
 215 217 -1
obdef
loc3d
        4.96717335385836              0.67072562238302             13.76562500000000     -1
kind
     27     
    43200          153139     
        6.25000000000000  
 OBS            217
     290.45956447821294
     290.21059921316601
       1.00000000000000
 216 218 -1
obdef
loc3d
        4.96004611966382              0.68820120365869             15.00000000000000     -1
kind
     27     
    43200          153139     
        6.25000000000000  
 OBS            218
     289.50157221270183
     289.42938932574901
       1.00000000000000
 217 219 -1
obdef
loc3d
        4.95406364445895              0.69009645468583             54.42578125000000     -1
kind
     27     
    43200          153139     
        6.25000000000000  
 OBS            219
     289.77088542148391
     290.53275859212602
       1.00000000000000
 218 220 -1
obdef
loc3d
        4.95508230192316              0.68705689194968              9.08530712127686     -1
kind
     27     
    43200          153139     
        6.25000000000000  
 OBS            220
     286.97219002395985
     288.93360885325200
       1.00000000000000
 219 221 -1
obdef
loc3d
        4.89647559039613              0.68497595921932            824.84875488281250     -1
kind
     27     
    43200          153139     
        6.25000000000000  
 OBS            221
     287.49279397515045
     287.88222887631002
       1.00000000000000
 220 222 -1
obdef
loc3d
        4.89667428721977              0.69273770557989            574.37286376953125     -1
kind
     27     
    43200          153139     
        6.25000000000000  
 OBS            222
     289.92521357026243
     288.72432289048800
       1.00000000000000
 221 223 -1
obdef
loc3d
        4.91583459977084              0.69278424988043            233.68589782714841     -1
kind
     27     
    43200          153139     
        6.25000000000000  
 OBS            223
     286.97774722009734
     287.58105252935798
       1.00000000000000
 222 224 -1
obdef
loc3d
        4.90300762067971              0.68954390300676            525.03326416015625     -1
kind
     27     
    43200          153139     
        6.25000000000000  
 OBS            224
     287.12042150119595
     287.34919361707699
       1.00000000000000
 223 225 -1
obdef
loc3d
        4.90168560310748              0.69286223560483            711.58941650390625     -1
kind
     27     
    43200          153139     
        6.25000000000000  
 OBS            225
     290.46690688959455
     288.78684954896403
       1.00000000000000
 224 -1 -1
obdef
loc3d
        4.91091515139416              0.69052501454351            199.70848083496091     -1
kind
     27     
    43200          153139     
        6.25000000000000  
