 obs_sequence
obs_kind_definitions
       3
    25          LAND_SFC_U_WIND_COMPONENT   
    26          LAND_SFC_V_WIND_COMPONENT   
    27          LAND_SFC_TEMPERATURE   
  num_copies:            2  num_qc:            1
 num_obs:       225  max_num_obs:       225
observations
truth
QC radar
  first:            1  last:       225
 OBS            1
       8.56309862239176
       3.47035795222367
       1.00000000000000
 -1 2 -1
obdef
loc3d
        4.90540352515539              0.69194112440599            606.33142089843750     -1
kind
     25     
    30600          153139     
       12.25000000000000  
 OBS            2
      -3.42930013164815
      -2.02812036912451
       1.00000000000000
 1 3 -1
obdef
loc3d
        4.94546412681761              0.68348353984884             17.75631332397461     -1
kind
     25     
    30600          153139     
       12.25000000000000  
 OBS            3
      -5.58959611254431
      -2.09446949380776
       1.00000000000000
 2 4 -1
obdef
loc3d
        4.94660974174000              0.67744857875853             29.35406684875488     -1
kind
     25     
    30600          153139     
       12.25000000000000  
 OBS            4
       0.83540729419730
      -2.56461633738850
       1.00000000000000
 3 5 -1
obdef
loc3d
        4.94648126630843              0.68652865419204             54.82812500000000     -1
kind
     25     
    30600          153139     
       12.25000000000000  
 OBS            5
       0.97986937856697
      -0.89567423656651
       1.00000000000000
 4 6 -1
obdef
loc3d
        4.94445426011379              0.68507566758975             62.61011505126953     -1
kind
     25     
    30600          153139     
       12.25000000000000  
 OBS            6
      -1.36798980430740
      -3.08339567693656
       1.00000000000000
 5 7 -1
obdef
loc3d
        4.94602055174578              0.68752162087271            134.15721130371091     -1
kind
     25     
    30600          153139     
       12.25000000000000  
 OBS            7
      -1.63731631196128
      -1.30815879152139
       1.00000000000000
 6 8 -1
obdef
loc3d
        4.94603912728501              0.67254511985829             35.00297546386719     -1
kind
     25     
    30600          153139     
       12.25000000000000  
 OBS            8
      -2.66082768460167
      -1.71154558469393
       1.00000000000000
 7 9 -1
obdef
loc3d
        4.95877904994953              0.67986585977255             17.04111671447754     -1
kind
     25     
    30600          153139     
       12.25000000000000  
 OBS            9
      -4.51798365886275
      -4.16913661870110
       1.00000000000000
 8 10 -1
obdef
loc3d
        4.93958042817759              0.69095160998657            226.13127136230469     -1
kind
     25     
    30600          153139     
       12.25000000000000  
 OBS            10
      -8.55852540218784
      -2.13145101962821
       1.00000000000000
 9 11 -1
obdef
loc3d
        4.95756313665553              0.69181797222864             89.84997558593750     -1
kind
     25     
    30600          153139     
       12.25000000000000  
 OBS            11
      -0.60947207785890
       0.03112704578428
       1.00000000000000
 10 12 -1
obdef
loc3d
        4.94078657111844              0.67409210989409             60.81152343750000     -1
kind
     25     
    30600          153139     
       12.25000000000000  
 OBS            12
      -0.18942076484419
      -1.58437143608305
       1.00000000000000
 11 13 -1
obdef
loc3d
        4.95557846691255              0.67267262139613              1.00000000000000     -1
kind
     25     
    30600          153139     
       12.25000000000000  
 OBS            13
      -1.85067806827351
      -1.01588648140684
       1.00000000000000
 12 14 -1
obdef
loc3d
        4.93193348448080              0.68856418981073            106.00000000000000     -1
kind
     25     
    30600          153139     
       12.25000000000000  
 OBS            14
       2.84835122840275
       1.31637793166174
       1.00000000000000
 13 15 -1
obdef
loc3d
        4.89970838141578              0.68765245249877            785.09423828125000     -1
kind
     25     
    30600          153139     
       12.25000000000000  
 OBS            15
      -1.99014394355604
      -2.59158894623965
       1.00000000000000
 14 16 -1
obdef
loc3d
        4.95026814558372              0.68993059237416             93.11567687988281     -1
kind
     25     
    30600          153139     
       12.25000000000000  
 OBS            16
      -5.16584126889106
      -2.53583788104136
       1.00000000000000
 15 17 -1
obdef
loc3d
        4.94174512165160              0.68484635226999            116.56585693359381     -1
kind
     25     
    30600          153139     
       12.25000000000000  
 OBS            17
      -2.89279512745120
      -2.15050672453124
       1.00000000000000
 16 18 -1
obdef
loc3d
        4.95420735021482              0.68473663912788             15.00000000000000     -1
kind
     25     
    30600          153139     
       12.25000000000000  
 OBS            18
       1.58987434478146
       0.03775140440699
       1.00000000000000
 17 19 -1
obdef
loc3d
        4.93477042118681              0.68310638816012            118.89588928222661     -1
kind
     25     
    30600          153139     
       12.25000000000000  
 OBS            19
      -0.11937059734772
      -0.17938560095527
       1.00000000000000
 18 20 -1
obdef
loc3d
        4.93795631029682              0.68276407673392            144.94107055664060     -1
kind
     25     
    30600          153139     
       12.25000000000000  
 OBS            20
       3.60742069182574
      -0.37258581166020
       1.00000000000000
 19 21 -1
obdef
loc3d
        4.94001671685736              0.68064929967652             43.67281723022461     -1
kind
     25     
    30600          153139     
       12.25000000000000  
 OBS            21
      -0.69943862377549
      -0.22384860962205
       1.00000000000000
 20 22 -1
obdef
loc3d
        4.94058460161740              0.67807181314514             70.17810058593750     -1
kind
     25     
    30600          153139     
       12.25000000000000  
 OBS            22
      -8.28024625692386
      -1.31652327102293
       1.00000000000000
 21 23 -1
obdef
loc3d
        4.95423295419494              0.68033176843505              3.71636104583740     -1
kind
     25     
    30600          153139     
       12.25000000000000  
 OBS            23
       0.08274034159846
      -1.72290870578457
       1.00000000000000
 22 24 -1
obdef
loc3d
        4.94926894458696              0.66642585587446             10.91526031494141     -1
kind
     25     
    30600          153139     
       12.25000000000000  
 OBS            24
      -1.89904699440384
      -1.89036565339248
       1.00000000000000
 23 25 -1
obdef
loc3d
        4.96223480186848              0.66700036066835              5.00000000000000     -1
kind
     25     
    30600          153139     
       12.25000000000000  
 OBS            25
      -2.62749858203507
      -1.36059163373396
       1.00000000000000
 24 26 -1
obdef
loc3d
        4.95546148971009              0.67729393735082              6.17724800109863     -1
kind
     25     
    30600          153139     
       12.25000000000000  
 OBS            26
      -3.94774715093855
      -1.78284851319124
       1.00000000000000
 25 27 -1
obdef
loc3d
        4.92652723985629              0.69051382381431            146.04148864746091     -1
kind
     25     
    30600          153139     
       12.25000000000000  
 OBS            27
      -5.66744315614373
      -2.58247996635857
       1.00000000000000
 26 28 -1
obdef
loc3d
        4.96366005344362              0.66920346185787              6.00000000000000     -1
kind
     25     
    30600          153139     
       12.25000000000000  
 OBS            28
      -3.42451849142185
      -1.52916745331363
       1.00000000000000
 27 29 -1
obdef
loc3d
        4.97052949833720              0.66907739847133              8.84140872955322     -1
kind
     25     
    30600          153139     
       12.25000000000000  
 OBS            29
       0.34823314055742
      -0.96652647043034
       1.00000000000000
 28 30 -1
obdef
loc3d
        4.95272465676814              0.69285338512106             17.57446289062500     -1
kind
     25     
    30600          153139     
       12.25000000000000  
 OBS            30
      -2.72378583797315
      -3.22233196483915
       1.00000000000000
 29 31 -1
obdef
loc3d
        4.94895487610473              0.69270373762026            144.09075927734381     -1
kind
     25     
    30600          153139     
       12.25000000000000  
 OBS            31
       0.31901234145095
      -2.50396004212481
       1.00000000000000
 30 32 -1
obdef
loc3d
        4.94293085461737              0.69053117803871            168.92642211914060     -1
kind
     25     
    30600          153139     
       12.25000000000000  
 OBS            32
      -3.70685580998200
      -1.37774888799107
       1.00000000000000
 31 33 -1
obdef
loc3d
        4.93556788041953              0.67027828664670             15.00000000000000     -1
kind
     25     
    30600          153139     
       12.25000000000000  
 OBS            33
      -5.90260266348917
      -1.69522194360646
       1.00000000000000
 32 34 -1
obdef
loc3d
        4.94611628544174              0.67496858055017             35.03607940673828     -1
kind
     25     
    30600          153139     
       12.25000000000000  
 OBS            34
      -2.50745159338932
      -1.76247415173967
       1.00000000000000
 33 35 -1
obdef
loc3d
        4.94304709522229              0.67138694960003             45.00000000000000     -1
kind
     25     
    30600          153139     
       12.25000000000000  
 OBS            35
      -8.78422284326741
      -1.67235364608076
       1.00000000000000
 34 36 -1
obdef
loc3d
        4.94323627307922              0.67609935421143             50.91764831542969     -1
kind
     25     
    30600          153139     
       12.25000000000000  
 OBS            36
      -4.53471701465450
      -0.73843055434444
       1.00000000000000
 35 37 -1
obdef
loc3d
        4.94382880471830              0.67878617658979             35.27229690551758     -1
kind
     25     
    30600          153139     
       12.25000000000000  
 OBS            37
      -7.59130400929617
      -3.39891371520274
       1.00000000000000
 36 38 -1
obdef
loc3d
        4.94220707390035              0.68781081917460            173.94366455078119     -1
kind
     25     
    30600          153139     
       12.25000000000000  
 OBS            38
      -0.02927617924571
      -3.66370378656650
       1.00000000000000
 37 39 -1
obdef
loc3d
        4.92755542120837              0.68675243746254            174.61849975585940     -1
kind
     25     
    30600          153139     
       12.25000000000000  
 OBS            39
       1.61821686238156
      -0.12902513823085
       1.00000000000000
 38 40 -1
obdef
loc3d
        4.93770287749180              0.68559892863867            149.84144592285159     -1
kind
     25     
    30600          153139     
       12.25000000000000  
 OBS            40
       0.68075078296704
      -0.00281210615428
       1.00000000000000
 39 41 -1
obdef
loc3d
        4.92848130899840              0.69282991767383            196.64169311523440     -1
kind
     25     
    30600          153139     
       12.25000000000000  
 OBS            41
       2.75972223221297
      -2.01423111969271
       1.00000000000000
 40 42 -1
obdef
loc3d
        4.94329123891126              0.66857696973652             21.80461120605469     -1
kind
     25     
    30600          153139     
       12.25000000000000  
 OBS            42
       2.57674480309584
      -1.82704059456406
       1.00000000000000
 41 43 -1
obdef
loc3d
        4.93215285315783              0.69272179551745            405.54205322265619     -1
kind
     25     
    30600          153139     
       12.25000000000000  
 OBS            43
      -1.94070694104361
      -0.75589259522112
       1.00000000000000
 42 44 -1
obdef
loc3d
        4.93085954966869              0.68304429171430             90.32812500000000     -1
kind
     25     
    30600          153139     
       12.25000000000000  
 OBS            44
      -3.40236947357861
      -1.31594006584867
       1.00000000000000
 43 45 -1
obdef
loc3d
        4.93705662369825              0.67280917017713             44.45593643188477     -1
kind
     25     
    30600          153139     
       12.25000000000000  
 OBS            45
      -5.45681377052557
      -2.54334371153894
       1.00000000000000
 44 46 -1
obdef
loc3d
        4.94512604639754              0.69281773274108            184.54177856445310     -1
kind
     25     
    30600          153139     
       12.25000000000000  
 OBS            46
       1.23060920442267
      -2.12962110452224
       1.00000000000000
 45 47 -1
obdef
loc3d
        4.94897278262263              0.68784055253573             58.60614395141602     -1
kind
     25     
    30600          153139     
       12.25000000000000  
 OBS            47
       0.86857753664223
      -1.68925630615792
       1.00000000000000
 46 48 -1
obdef
loc3d
        4.94602769361993              0.68071046350214             21.00896453857422     -1
kind
     25     
    30600          153139     
       12.25000000000000  
 OBS            48
      -1.91535912360212
      -1.35749954344536
       1.00000000000000
 47 49 -1
obdef
loc3d
        4.93975094338173              0.67132086947702             44.21312713623047     -1
kind
     25     
    30600          153139     
       12.25000000000000  
 OBS            49
      -1.52561652366860
      -2.48827567086609
       1.00000000000000
 48 50 -1
obdef
loc3d
        4.93608481943111              0.69281990441712            165.01060485839841     -1
kind
     25     
    30600          153139     
       12.25000000000000  
 OBS            50
      -6.29171902594115
      -2.81711465294513
       1.00000000000000
 49 51 -1
obdef
loc3d
        4.92159319416735              0.69282443720594            292.33944702148438     -1
kind
     25     
    30600          153139     
       12.25000000000000  
 OBS            51
      -2.86881893010874
      -3.15523612830574
       1.00000000000000
 50 52 -1
obdef
loc3d
        4.93873881518950              0.68829597049600            229.64634704589841     -1
kind
     25     
    30600          153139     
       12.25000000000000  
 OBS            52
      -1.85159747334741
      -1.25719263329528
       1.00000000000000
 51 53 -1
obdef
loc3d
        4.93527083413009              0.68767784768684            170.73742675781250     -1
kind
     25     
    30600          153139     
       12.25000000000000  
 OBS            53
      -7.67766789567274
      -4.55774705047779
       1.00000000000000
 52 54 -1
obdef
loc3d
        4.94662113618514              0.69029960200592            170.37097167968750     -1
kind
     25     
    30600          153139     
       12.25000000000000  
 OBS            54
       0.84072568405462
      -1.65988544640399
       1.00000000000000
 53 55 -1
obdef
loc3d
        4.93429249379945              0.69052021135789            149.81713867187500     -1
kind
     25     
    30600          153139     
       12.25000000000000  
 OBS            55
      -2.64416301821100
      -1.00241600935898
       1.00000000000000
 54 56 -1
obdef
loc3d
        4.93269049343414              0.68556567101287            183.19726562500000     -1
kind
     25     
    30600          153139     
       12.25000000000000  
 OBS            56
      -0.82479252337341
      -2.13981165476650
       1.00000000000000
 55 57 -1
obdef
loc3d
        4.96102089029673              0.67774516842699             17.24609375000000     -1
kind
     25     
    30600          153139     
       12.25000000000000  
 OBS            57
      -2.66803148787971
      -2.91801209593192
       1.00000000000000
 56 58 -1
obdef
loc3d
        4.95766343385975              0.68587140474105             17.20619201660156     -1
kind
     25     
    30600          153139     
       12.25000000000000  
 OBS            58
       2.83574504706807
      -1.30663750935796
       1.00000000000000
 57 59 -1
obdef
loc3d
        4.96848382491262              0.66600327539335              8.93466186523438     -1
kind
     25     
    30600          153139     
       12.25000000000000  
 OBS            59
      -2.27216452543063
      -2.02908270827371
       1.00000000000000
 58 60 -1
obdef
loc3d
        4.95841046678131              0.68356976794003             15.00000000000000     -1
kind
     25     
    30600          153139     
       12.25000000000000  
 OBS            60
      -1.05336769778026
      -0.66655614146332
       1.00000000000000
 59 61 -1
obdef
loc3d
        4.95968425198686              0.67283122878530              9.91464328765869     -1
kind
     25     
    30600          153139     
       12.25000000000000  
 OBS            61
       0.74089499629844
      -0.84916973197615
       1.00000000000000
 60 62 -1
obdef
loc3d
        4.95850938370535              0.67569847985950              9.09960937500000     -1
kind
     25     
    30600          153139     
       12.25000000000000  
 OBS            62
      -1.91388361658616
      -2.30721685687929
       1.00000000000000
 61 63 -1
obdef
loc3d
        4.96062039600501              0.68186605212913             14.00000000000000     -1
kind
     25     
    30600          153139     
       12.25000000000000  
 OBS            63
      -3.35119712541968
      -2.46797675790746
       1.00000000000000
 62 64 -1
obdef
loc3d
        4.96044430349621              0.68522255501691             15.00000000000000     -1
kind
     25     
    30600          153139     
       12.25000000000000  
 OBS            64
      -4.53322947209073
      -1.51638160878450
       1.00000000000000
 63 65 -1
obdef
loc3d
        4.95666979050607              0.68165969365477             15.07347202301025     -1
kind
     25     
    30600          153139     
       12.25000000000000  
 OBS            65
      -4.54366594720933
      -2.12160043997601
       1.00000000000000
 64 66 -1
obdef
loc3d
        4.96483712939352              0.66390373451953              6.00000000000000     -1
kind
     25     
    30600          153139     
       12.25000000000000  
 OBS            66
       0.18987274978253
      -1.79150968823170
       1.00000000000000
 65 67 -1
obdef
loc3d
        4.96717335385836              0.67072562238302             13.76562500000000     -1
kind
     25     
    30600          153139     
       12.25000000000000  
 OBS            67
       1.74246864010353
      -3.23177550602361
       1.00000000000000
 66 68 -1
obdef
loc3d
        4.96004611966382              0.68820120365869             15.00000000000000     -1
kind
     25     
    30600          153139     
       12.25000000000000  
 OBS            68
      -2.29141182139968
      -3.61873378908980
       1.00000000000000
 67 69 -1
obdef
loc3d
        4.95406364445895              0.69009645468583             54.42578125000000     -1
kind
     25     
    30600          153139     
       12.25000000000000  
 OBS            69
      -0.79350775261201
      -2.92726536712096
       1.00000000000000
 68 70 -1
obdef
loc3d
        4.95508230192316              0.68705689194968              9.08530712127686     -1
kind
     25     
    30600          153139     
       12.25000000000000  
 OBS            70
       3.87309939116195
       2.40893555463498
       1.00000000000000
 69 71 -1
obdef
loc3d
        4.89647559039613              0.68497595921932            824.84875488281250     -1
kind
     25     
    30600          153139     
       12.25000000000000  
 OBS            71
       3.76261675103918
      -0.66909319218872
       1.00000000000000
 70 72 -1
obdef
loc3d
        4.89667428721977              0.69273770557989            574.37286376953125     -1
kind
     25     
    30600          153139     
       12.25000000000000  
 OBS            72
      -1.89151091602257
      -2.81693305405077
       1.00000000000000
 71 73 -1
obdef
loc3d
        4.91583459977084              0.69278424988043            233.68589782714841     -1
kind
     25     
    30600          153139     
       12.25000000000000  
 OBS            73
       2.38807858816027
       0.26112747912867
       1.00000000000000
 72 74 -1
obdef
loc3d
        4.90300762067971              0.68954390300676            525.03326416015625     -1
kind
     25     
    30600          153139     
       12.25000000000000  
 OBS            74
       4.04882518579549
      -0.78865124091959
       1.00000000000000
 73 75 -1
obdef
loc3d
        4.90168560310748              0.69286223560483            711.58941650390625     -1
kind
     25     
    30600          153139     
       12.25000000000000  
 OBS            75
      -1.00761422944612
      -0.88826930349996
       1.00000000000000
 74 76 -1
obdef
loc3d
        4.91091515139416              0.69052501454351            199.70848083496091     -1
kind
     25     
    30600          153139     
       12.25000000000000  
 OBS            76
       9.42639908223944
      10.09602556009630
       1.00000000000000
 75 77 -1
obdef
loc3d
        4.90540352515539              0.69194112440599            606.33142089843750     -1
kind
     26     
    30600          153139     
       12.25000000000000  
 OBS            77
       6.92470114958708
       6.24047138171263
       1.00000000000000
 76 78 -1
obdef
loc3d
        4.94546412681761              0.68348353984884             17.75631332397461     -1
kind
     26     
    30600          153139     
       12.25000000000000  
 OBS            78
       9.67840799392760
       6.49320641822590
       1.00000000000000
 77 79 -1
obdef
loc3d
        4.94660974174000              0.67744857875853             29.35406684875488     -1
kind
     26     
    30600          153139     
       12.25000000000000  
 OBS            79
       4.63169709845660
       6.39463259770632
       1.00000000000000
 78 80 -1
obdef
loc3d
        4.94648126630843              0.68652865419204             54.82812500000000     -1
kind
     26     
    30600          153139     
       12.25000000000000  
 OBS            80
       1.89005327409304
       4.66831801862710
       1.00000000000000
 79 81 -1
obdef
loc3d
        4.94445426011379              0.68507566758975             62.61011505126953     -1
kind
     26     
    30600          153139     
       12.25000000000000  
 OBS            81
       3.44227733952040
       7.60914241446159
       1.00000000000000
 80 82 -1
obdef
loc3d
        4.94602055174578              0.68752162087271            134.15721130371091     -1
kind
     26     
    30600          153139     
       12.25000000000000  
 OBS            82
      11.71976551158142
       8.85731079147588
       1.00000000000000
 81 83 -1
obdef
loc3d
        4.94603912728501              0.67254511985829             35.00297546386719     -1
kind
     26     
    30600          153139     
       12.25000000000000  
 OBS            83
      10.62527974004495
       8.38636064805858
       1.00000000000000
 82 84 -1
obdef
loc3d
        4.95877904994953              0.67986585977255             17.04111671447754     -1
kind
     26     
    30600          153139     
       12.25000000000000  
 OBS            84
       7.66231798653279
       9.51568619947009
       1.00000000000000
 83 85 -1
obdef
loc3d
        4.93958042817759              0.69095160998657            226.13127136230469     -1
kind
     26     
    30600          153139     
       12.25000000000000  
 OBS            85
       5.41978365218299
       6.69570308795844
       1.00000000000000
 84 86 -1
obdef
loc3d
        4.95756313665553              0.69181797222864             89.84997558593750     -1
kind
     26     
    30600          153139     
       12.25000000000000  
 OBS            86
       5.00169594231551
       8.21531387438880
       1.00000000000000
 85 87 -1
obdef
loc3d
        4.94078657111844              0.67409210989409             60.81152343750000     -1
kind
     26     
    30600          153139     
       12.25000000000000  
 OBS            87
      16.12930341972904
      12.26588608984980
       1.00000000000000
 86 88 -1
obdef
loc3d
        4.95557846691255              0.67267262139613              1.00000000000000     -1
kind
     26     
    30600          153139     
       12.25000000000000  
 OBS            88
      13.90801652109321
       6.43559632203724
       1.00000000000000
 87 89 -1
obdef
loc3d
        4.93193348448080              0.68856418981073            106.00000000000000     -1
kind
     26     
    30600          153139     
       12.25000000000000  
 OBS            89
       1.40500214744042
       5.44906423263892
       1.00000000000000
 88 90 -1
obdef
loc3d
        4.89970838141578              0.68765245249877            785.09423828125000     -1
kind
     26     
    30600          153139     
       12.25000000000000  
 OBS            90
       5.32904088918393
       6.09241770357903
       1.00000000000000
 89 91 -1
obdef
loc3d
        4.95026814558372              0.68993059237416             93.11567687988281     -1
kind
     26     
    30600          153139     
       12.25000000000000  
 OBS            91
      12.97827436641834
       7.52978045783938
       1.00000000000000
 90 92 -1
obdef
loc3d
        4.94174512165160              0.68484635226999            116.56585693359381     -1
kind
     26     
    30600          153139     
       12.25000000000000  
 OBS            92
      12.89567705973428
       7.36622427739974
       1.00000000000000
 91 93 -1
obdef
loc3d
        4.95420735021482              0.68473663912788             15.00000000000000     -1
kind
     26     
    30600          153139     
       12.25000000000000  
 OBS            93
      -2.00051357546049
       0.68326275300840
       1.00000000000000
 92 94 -1
obdef
loc3d
        4.93477042118681              0.68310638816012            118.89588928222661     -1
kind
     26     
    30600          153139     
       12.25000000000000  
 OBS            94
       8.77719259020122
       8.27355823657488
       1.00000000000000
 93 95 -1
obdef
loc3d
        4.93795631029682              0.68276407673392            144.94107055664060     -1
kind
     26     
    30600          153139     
       12.25000000000000  
 OBS            95
      11.23560347702104
       7.89696684869102
       1.00000000000000
 94 96 -1
obdef
loc3d
        4.94001671685736              0.68064929967652             43.67281723022461     -1
kind
     26     
    30600          153139     
       12.25000000000000  
 OBS            96
      13.88704414139968
       8.35655674567550
       1.00000000000000
 95 97 -1
obdef
loc3d
        4.94058460161740              0.67807181314514             70.17810058593750     -1
kind
     26     
    30600          153139     
       12.25000000000000  
 OBS            97
       5.32418572476424
       8.84038005316699
       1.00000000000000
 96 98 -1
obdef
loc3d
        4.95423295419494              0.68033176843505              3.71636104583740     -1
kind
     26     
    30600          153139     
       12.25000000000000  
 OBS            98
      11.35407066887875
       9.83489099739002
       1.00000000000000
 97 99 -1
obdef
loc3d
        4.94926894458696              0.66642585587446             10.91526031494141     -1
kind
     26     
    30600          153139     
       12.25000000000000  
 OBS            99
       8.43602476417200
      11.27054978605260
       1.00000000000000
 98 100 -1
obdef
loc3d
        4.96223480186848              0.66700036066835              5.00000000000000     -1
kind
     26     
    30600          153139     
       12.25000000000000  
 OBS            100
      11.55310726273126
      10.27330888479530
       1.00000000000000
 99 101 -1
obdef
loc3d
        4.95546148971009              0.67729393735082              6.17724800109863     -1
kind
     26     
    30600          153139     
       12.25000000000000  
 OBS            101
      14.39074680577910
      11.15493117791590
       1.00000000000000
 100 102 -1
obdef
loc3d
        4.92652723985629              0.69051382381431            146.04148864746091     -1
kind
     26     
    30600          153139     
       12.25000000000000  
 OBS            102
      10.24711441273767
      10.95576518011960
       1.00000000000000
 101 103 -1
obdef
loc3d
        4.96366005344362              0.66920346185787              6.00000000000000     -1
kind
     26     
    30600          153139     
       12.25000000000000  
 OBS            103
       9.08319974816554
      12.43473634635880
       1.00000000000000
 102 104 -1
obdef
loc3d
        4.97052949833720              0.66907739847133              8.84140872955322     -1
kind
     26     
    30600          153139     
       12.25000000000000  
 OBS            104
       0.84210544595584
       5.42645656595619
       1.00000000000000
 103 105 -1
obdef
loc3d
        4.95272465676814              0.69285338512106             17.57446289062500     -1
kind
     26     
    30600          153139     
       12.25000000000000  
 OBS            105
       7.64413792166694
       9.64000862497518
       1.00000000000000
 104 106 -1
obdef
loc3d
        4.94895487610473              0.69270373762026            144.09075927734381     -1
kind
     26     
    30600          153139     
       12.25000000000000  
 OBS            106
      10.78296577301408
       8.42772565978454
       1.00000000000000
 105 107 -1
obdef
loc3d
        4.94293085461737              0.69053117803871            168.92642211914060     -1
kind
     26     
    30600          153139     
       12.25000000000000  
 OBS            107
       4.85461853744999
       7.47968915437147
       1.00000000000000
 106 108 -1
obdef
loc3d
        4.93556788041953              0.67027828664670             15.00000000000000     -1
kind
     26     
    30600          153139     
       12.25000000000000  
 OBS            108
       4.58194870025633
       7.99637303217763
       1.00000000000000
 107 109 -1
obdef
loc3d
        4.94611628544174              0.67496858055017             35.03607940673828     -1
kind
     26     
    30600          153139     
       12.25000000000000  
 OBS            109
       8.72023432837053
      10.61551712262190
       1.00000000000000
 108 110 -1
obdef
loc3d
        4.94304709522229              0.67138694960003             45.00000000000000     -1
kind
     26     
    30600          153139     
       12.25000000000000  
 OBS            110
       8.72615082550581
       7.28713465633193
       1.00000000000000
 109 111 -1
obdef
loc3d
        4.94323627307922              0.67609935421143             50.91764831542969     -1
kind
     26     
    30600          153139     
       12.25000000000000  
 OBS            111
       8.59467759978958
       7.89887843808876
       1.00000000000000
 110 112 -1
obdef
loc3d
        4.94382880471830              0.67878617658979             35.27229690551758     -1
kind
     26     
    30600          153139     
       12.25000000000000  
 OBS            112
       7.54625817622045
       5.45404360735543
       1.00000000000000
 111 113 -1
obdef
loc3d
        4.94220707390035              0.68781081917460            173.94366455078119     -1
kind
     26     
    30600          153139     
       12.25000000000000  
 OBS            113
       6.39378299809640
       6.84194566862503
       1.00000000000000
 112 114 -1
obdef
loc3d
        4.92755542120837              0.68675243746254            174.61849975585940     -1
kind
     26     
    30600          153139     
       12.25000000000000  
 OBS            114
      -0.20432305972501
       0.85346860833323
       1.00000000000000
 113 115 -1
obdef
loc3d
        4.93770287749180              0.68559892863867            149.84144592285159     -1
kind
     26     
    30600          153139     
       12.25000000000000  
 OBS            115
      12.94400669959087
       7.85947533913663
       1.00000000000000
 114 116 -1
obdef
loc3d
        4.92848130899840              0.69282991767383            196.64169311523440     -1
kind
     26     
    30600          153139     
       12.25000000000000  
 OBS            116
       0.33228546669984
      10.03528850372620
       1.00000000000000
 115 117 -1
obdef
loc3d
        4.94329123891126              0.66857696973652             21.80461120605469     -1
kind
     26     
    30600          153139     
       12.25000000000000  
 OBS            117
       8.84447284752240
       8.62359101233966
       1.00000000000000
 116 118 -1
obdef
loc3d
        4.93215285315783              0.69272179551745            405.54205322265619     -1
kind
     26     
    30600          153139     
       12.25000000000000  
 OBS            118
       3.39132447145133
       4.83113012198180
       1.00000000000000
 117 119 -1
obdef
loc3d
        4.93085954966869              0.68304429171430             90.32812500000000     -1
kind
     26     
    30600          153139     
       12.25000000000000  
 OBS            119
       4.59030824737433
       7.58712676447591
       1.00000000000000
 118 120 -1
obdef
loc3d
        4.93705662369825              0.67280917017713             44.45593643188477     -1
kind
     26     
    30600          153139     
       12.25000000000000  
 OBS            120
       5.44768450044920
       8.74503610154300
       1.00000000000000
 119 121 -1
obdef
loc3d
        4.94512604639754              0.69281773274108            184.54177856445310     -1
kind
     26     
    30600          153139     
       12.25000000000000  
 OBS            121
       5.24490053262680
       4.90818603956393
       1.00000000000000
 120 122 -1
obdef
loc3d
        4.94897278262263              0.68784055253573             58.60614395141602     -1
kind
     26     
    30600          153139     
       12.25000000000000  
 OBS            122
       4.60170024340534
       6.06619231081272
       1.00000000000000
 121 123 -1
obdef
loc3d
        4.94602769361993              0.68071046350214             21.00896453857422     -1
kind
     26     
    30600          153139     
       12.25000000000000  
 OBS            123
      10.46743240820208
       8.77390911852879
       1.00000000000000
 122 124 -1
obdef
loc3d
        4.93975094338173              0.67132086947702             44.21312713623047     -1
kind
     26     
    30600          153139     
       12.25000000000000  
 OBS            124
       8.71384644993623
      10.48327509977090
       1.00000000000000
 123 125 -1
obdef
loc3d
        4.93608481943111              0.69281990441712            165.01060485839841     -1
kind
     26     
    30600          153139     
       12.25000000000000  
 OBS            125
       5.51369377195898
       7.12234490754215
       1.00000000000000
 124 126 -1
obdef
loc3d
        4.92159319416735              0.69282443720594            292.33944702148438     -1
kind
     26     
    30600          153139     
       12.25000000000000  
 OBS            126
       7.03237884937181
       8.79155232559810
       1.00000000000000
 125 127 -1
obdef
loc3d
        4.93873881518950              0.68829597049600            229.64634704589841     -1
kind
     26     
    30600          153139     
       12.25000000000000  
 OBS            127
       5.74233562180498
       6.15845033646890
       1.00000000000000
 126 128 -1
obdef
loc3d
        4.93527083413009              0.68767784768684            170.73742675781250     -1
kind
     26     
    30600          153139     
       12.25000000000000  
 OBS            128
       9.28793752041740
       9.16406435512220
       1.00000000000000
 127 129 -1
obdef
loc3d
        4.94662113618514              0.69029960200592            170.37097167968750     -1
kind
     26     
    30600          153139     
       12.25000000000000  
 OBS            129
      16.56600446408348
      11.44462245100620
       1.00000000000000
 128 130 -1
obdef
loc3d
        4.93429249379945              0.69052021135789            149.81713867187500     -1
kind
     26     
    30600          153139     
       12.25000000000000  
 OBS            130
       7.61199155409671
       5.93524009491444
       1.00000000000000
 129 131 -1
obdef
loc3d
        4.93269049343414              0.68556567101287            183.19726562500000     -1
kind
     26     
    30600          153139     
       12.25000000000000  
 OBS            131
       7.83228527853362
       8.48421276453990
       1.00000000000000
 130 132 -1
obdef
loc3d
        4.96102089029673              0.67774516842699             17.24609375000000     -1
kind
     26     
    30600          153139     
       12.25000000000000  
 OBS            132
       7.73968730495735
       6.33106511332885
       1.00000000000000
 131 133 -1
obdef
loc3d
        4.95766343385975              0.68587140474105             17.20619201660156     -1
kind
     26     
    30600          153139     
       12.25000000000000  
 OBS            133
      13.78766954491730
      11.51934366898880
       1.00000000000000
 132 134 -1
obdef
loc3d
        4.96848382491262              0.66600327539335              8.93466186523438     -1
kind
     26     
    30600          153139     
       12.25000000000000  
 OBS            134
      11.09054776409097
       6.90361804351667
       1.00000000000000
 133 135 -1
obdef
loc3d
        4.95841046678131              0.68356976794003             15.00000000000000     -1
kind
     26     
    30600          153139     
       12.25000000000000  
 OBS            135
       9.95564160609269
      10.19824704838250
       1.00000000000000
 134 136 -1
obdef
loc3d
        4.95968425198686              0.67283122878530              9.91464328765869     -1
kind
     26     
    30600          153139     
       12.25000000000000  
 OBS            136
       4.72418166152392
       9.31285168283358
       1.00000000000000
 135 137 -1
obdef
loc3d
        4.95850938370535              0.67569847985950              9.09960937500000     -1
kind
     26     
    30600          153139     
       12.25000000000000  
 OBS            137
      10.78478272054819
       7.85990054387026
       1.00000000000000
 136 138 -1
obdef
loc3d
        4.96062039600501              0.68186605212913             14.00000000000000     -1
kind
     26     
    30600          153139     
       12.25000000000000  
 OBS            138
       8.76585197961383
       6.59239950425035
       1.00000000000000
 137 139 -1
obdef
loc3d
        4.96044430349621              0.68522255501691             15.00000000000000     -1
kind
     26     
    30600          153139     
       12.25000000000000  
 OBS            139
       6.28165212821864
       8.19860056474748
       1.00000000000000
 138 140 -1
obdef
loc3d
        4.95666979050607              0.68165969365477             15.07347202301025     -1
kind
     26     
    30600          153139     
       12.25000000000000  
 OBS            140
      10.93218818101164
      12.05923274636700
       1.00000000000000
 139 141 -1
obdef
loc3d
        4.96483712939352              0.66390373451953              6.00000000000000     -1
kind
     26     
    30600          153139     
       12.25000000000000  
 OBS            141
      14.35941281891348
      11.81744532100300
       1.00000000000000
 140 142 -1
obdef
loc3d
        4.96717335385836              0.67072562238302             13.76562500000000     -1
kind
     26     
    30600          153139     
       12.25000000000000  
 OBS            142
       0.36032694638138
       5.74160628333612
       1.00000000000000
 141 143 -1
obdef
loc3d
        4.96004611966382              0.68820120365869             15.00000000000000     -1
kind
     26     
    30600          153139     
       12.25000000000000  
 OBS            143
      12.38545999146335
       5.07401839120458
       1.00000000000000
 142 144 -1
obdef
loc3d
        4.95406364445895              0.69009645468583             54.42578125000000     -1
kind
     26     
    30600          153139     
       12.25000000000000  
 OBS            144
       9.43984763761429
       5.95625231565243
       1.00000000000000
 143 145 -1
obdef
loc3d
        4.95508230192316              0.68705689194968              9.08530712127686     -1
kind
     26     
    30600          153139     
       12.25000000000000  
 OBS            145
      12.34109379667024
       8.39335813997758
       1.00000000000000
 144 146 -1
obdef
loc3d
        4.89647559039613              0.68497595921932            824.84875488281250     -1
kind
     26     
    30600          153139     
       12.25000000000000  
 OBS            146
      11.06881529958318
      10.66924639393580
       1.00000000000000
 145 147 -1
obdef
loc3d
        4.89667428721977              0.69273770557989            574.37286376953125     -1
kind
     26     
    30600          153139     
       12.25000000000000  
 OBS            147
       8.92646847080351
       6.64516606419251
       1.00000000000000
 146 148 -1
obdef
loc3d
        4.91583459977084              0.69278424988043            233.68589782714841     -1
kind
     26     
    30600          153139     
       12.25000000000000  
 OBS            148
       3.37227285471537
       3.87578300475693
       1.00000000000000
 147 149 -1
obdef
loc3d
        4.90300762067971              0.68954390300676            525.03326416015625     -1
kind
     26     
    30600          153139     
       12.25000000000000  
 OBS            149
      14.57857688146483
      15.56879934055510
       1.00000000000000
 148 150 -1
obdef
loc3d
        4.90168560310748              0.69286223560483            711.58941650390625     -1
kind
     26     
    30600          153139     
       12.25000000000000  
 OBS            150
       5.83616584934544
       3.07527495662229
       1.00000000000000
 149 151 -1
obdef
loc3d
        4.91091515139416              0.69052501454351            199.70848083496091     -1
kind
     26     
    30600          153139     
       12.25000000000000  
 OBS            151
     288.40338096109724
     286.86429469277499
       1.00000000000000
 150 152 -1
obdef
loc3d
        4.90540352515539              0.69194112440599            606.33142089843750     -1
kind
     27     
    30600          153139     
        6.25000000000000  
 OBS            152
     288.48455344413821
     288.22199504646699
       1.00000000000000
 151 153 -1
obdef
loc3d
        4.94546412681761              0.68348353984884             17.75631332397461     -1
kind
     27     
    30600          153139     
        6.25000000000000  
 OBS            153
     289.00644282541947
     288.55954445906900
       1.00000000000000
 152 154 -1
obdef
loc3d
        4.94660974174000              0.67744857875853             29.35406684875488     -1
kind
     27     
    30600          153139     
        6.25000000000000  
 OBS            154
     287.48156471725270
     287.90834090845800
       1.00000000000000
 153 155 -1
obdef
loc3d
        4.94648126630843              0.68652865419204             54.82812500000000     -1
kind
     27     
    30600          153139     
        6.25000000000000  
 OBS            155
     289.23286220079677
     288.09499454841301
       1.00000000000000
 154 156 -1
obdef
loc3d
        4.94445426011379              0.68507566758975             62.61011505126953     -1
kind
     27     
    30600          153139     
        6.25000000000000  
 OBS            156
     288.41437194334497
     287.60632143767498
       1.00000000000000
 155 157 -1
obdef
loc3d
        4.94602055174578              0.68752162087271            134.15721130371091     -1
kind
     27     
    30600          153139     
        6.25000000000000  
 OBS            157
     291.20811411184599
     289.75486704114502
       1.00000000000000
 156 158 -1
obdef
loc3d
        4.94603912728501              0.67254511985829             35.00297546386719     -1
kind
     27     
    30600          153139     
        6.25000000000000  
 OBS            158
     287.71002956009238
     288.95347198772401
       1.00000000000000
 157 159 -1
obdef
loc3d
        4.95877904994953              0.67986585977255             17.04111671447754     -1
kind
     27     
    30600          153139     
        6.25000000000000  
 OBS            159
     287.30807404167501
     287.12886036520803
       1.00000000000000
 158 160 -1
obdef
loc3d
        4.93958042817759              0.69095160998657            226.13127136230469     -1
kind
     27     
    30600          153139     
        6.25000000000000  
 OBS            160
     288.13152123345498
     287.93172504236799
       1.00000000000000
 159 161 -1
obdef
loc3d
        4.95756313665553              0.69181797222864             89.84997558593750     -1
kind
     27     
    30600          153139     
        6.25000000000000  
 OBS            161
     289.40404834807458
     289.53932814609300
       1.00000000000000
 160 162 -1
obdef
loc3d
        4.94078657111844              0.67409210989409             60.81152343750000     -1
kind
     27     
    30600          153139     
        6.25000000000000  
 OBS            162
     289.00944298369421
     290.22012028521698
       1.00000000000000
 161 163 -1
obdef
loc3d
        4.95557846691255              0.67267262139613              1.00000000000000     -1
kind
     27     
    30600          153139     
        6.25000000000000  
 OBS            163
     289.77817566528216
     287.95240791680197
       1.00000000000000
 162 164 -1
obdef
loc3d
        4.93193348448080              0.68856418981073            106.00000000000000     -1
kind
     27     
    30600          153139     
        6.25000000000000  
 OBS            164
     289.49558878214043
     286.86480144695503
       1.00000000000000
 163 165 -1
obdef
loc3d
        4.89970838141578              0.68765245249877            785.09423828125000     -1
kind
     27     
    30600          153139     
        6.25000000000000  
 OBS            165
     286.29998883978215
     287.81612359324703
       1.00000000000000
 164 166 -1
obdef
loc3d
        4.95026814558372              0.68993059237416             93.11567687988281     -1
kind
     27     
    30600          153139     
        6.25000000000000  
 OBS            166
     289.73585611582627
     288.03936405324600
       1.00000000000000
 165 167 -1
obdef
loc3d
        4.94174512165160              0.68484635226999            116.56585693359381     -1
kind
     27     
    30600          153139     
        6.25000000000000  
 OBS            167
     287.07497650722485
     288.53811120248201
       1.00000000000000
 166 168 -1
obdef
loc3d
        4.95420735021482              0.68473663912788             15.00000000000000     -1
kind
     27     
    30600          153139     
        6.25000000000000  
 OBS            168
     289.58088020928449
     288.00571114465100
       1.00000000000000
 167 169 -1
obdef
loc3d
        4.93477042118681              0.68310638816012            118.89588928222661     -1
kind
     27     
    30600          153139     
        6.25000000000000  
 OBS            169
     288.31277415378156
     288.11643701772800
       1.00000000000000
 168 170 -1
obdef
loc3d
        4.93795631029682              0.68276407673392            144.94107055664060     -1
kind
     27     
    30600          153139     
        6.25000000000000  
 OBS            170
     287.94856899408438
     288.81086983063602
       1.00000000000000
 169 171 -1
obdef
loc3d
        4.94001671685736              0.68064929967652             43.67281723022461     -1
kind
     27     
    30600          153139     
        6.25000000000000  
 OBS            171
     287.19132945990600
     289.06955323650300
       1.00000000000000
 170 172 -1
obdef
loc3d
        4.94058460161740              0.67807181314514             70.17810058593750     -1
kind
     27     
    30600          153139     
        6.25000000000000  
 OBS            172
     289.38749774832542
     289.33016820733502
       1.00000000000000
 171 173 -1
obdef
loc3d
        4.95423295419494              0.68033176843505              3.71636104583740     -1
kind
     27     
    30600          153139     
        6.25000000000000  
 OBS            173
     290.23329174540561
     289.79589776493702
       1.00000000000000
 172 174 -1
obdef
loc3d
        4.94926894458696              0.66642585587446             10.91526031494141     -1
kind
     27     
    30600          153139     
        6.25000000000000  
 OBS            174
     290.84341738869239
     290.53888946969897
       1.00000000000000
 173 175 -1
obdef
loc3d
        4.96223480186848              0.66700036066835              5.00000000000000     -1
kind
     27     
    30600          153139     
        6.25000000000000  
 OBS            175
     289.52910000302603
     289.68157364410303
       1.00000000000000
 174 176 -1
obdef
loc3d
        4.95546148971009              0.67729393735082              6.17724800109863     -1
kind
     27     
    30600          153139     
        6.25000000000000  
 OBS            176
     288.35075514862615
     288.45940913230498
       1.00000000000000
 175 177 -1
obdef
loc3d
        4.92652723985629              0.69051382381431            146.04148864746091     -1
kind
     27     
    30600          153139     
        6.25000000000000  
 OBS            177
     290.87241594481810
     290.09545178308099
       1.00000000000000
 176 178 -1
obdef
loc3d
        4.96366005344362              0.66920346185787              6.00000000000000     -1
kind
     27     
    30600          153139     
        6.25000000000000  
 OBS            178
     289.82037035513520
     289.56355822022499
       1.00000000000000
 177 179 -1
obdef
loc3d
        4.97052949833720              0.66907739847133              8.84140872955322     -1
kind
     27     
    30600          153139     
        6.25000000000000  
 OBS            179
     289.16460541762507
     288.34222642184699
       1.00000000000000
 178 180 -1
obdef
loc3d
        4.95272465676814              0.69285338512106             17.57446289062500     -1
kind
     27     
    30600          153139     
        6.25000000000000  
 OBS            180
     287.32758667204672
     287.50749598441200
       1.00000000000000
 179 181 -1
obdef
loc3d
        4.94895487610473              0.69270373762026            144.09075927734381     -1
kind
     27     
    30600          153139     
        6.25000000000000  
 OBS            181
     287.57622367360852
     287.09698026037000
       1.00000000000000
 180 182 -1
obdef
loc3d
        4.94293085461737              0.69053117803871            168.92642211914060     -1
kind
     27     
    30600          153139     
        6.25000000000000  
 OBS            182
     291.11109567529343
     290.27963697196600
       1.00000000000000
 181 183 -1
obdef
loc3d
        4.93556788041953              0.67027828664670             15.00000000000000     -1
kind
     27     
    30600          153139     
        6.25000000000000  
 OBS            183
     288.84203489119761
     289.44293978209498
       1.00000000000000
 182 184 -1
obdef
loc3d
        4.94611628544174              0.67496858055017             35.03607940673828     -1
kind
     27     
    30600          153139     
        6.25000000000000  
 OBS            184
     288.17024644199535
     289.97166184524099
       1.00000000000000
 183 185 -1
obdef
loc3d
        4.94304709522229              0.67138694960003             45.00000000000000     -1
kind
     27     
    30600          153139     
        6.25000000000000  
 OBS            185
     290.10913815448293
     289.30982339356700
       1.00000000000000
 184 186 -1
obdef
loc3d
        4.94323627307922              0.67609935421143             50.91764831542969     -1
kind
     27     
    30600          153139     
        6.25000000000000  
 OBS            186
     289.25876294094587
     289.02046535686100
       1.00000000000000
 185 187 -1
obdef
loc3d
        4.94382880471830              0.67878617658979             35.27229690551758     -1
kind
     27     
    30600          153139     
        6.25000000000000  
 OBS            187
     287.37059678601310
     287.31386696560298
       1.00000000000000
 186 188 -1
obdef
loc3d
        4.94220707390035              0.68781081917460            173.94366455078119     -1
kind
     27     
    30600          153139     
        6.25000000000000  
 OBS            188
     287.38063914696261
     287.05057108670297
       1.00000000000000
 187 189 -1
obdef
loc3d
        4.92755542120837              0.68675243746254            174.61849975585940     -1
kind
     27     
    30600          153139     
        6.25000000000000  
 OBS            189
     286.42869757481543
     287.31884137268798
       1.00000000000000
 188 190 -1
obdef
loc3d
        4.93770287749180              0.68559892863867            149.84144592285159     -1
kind
     27     
    30600          153139     
        6.25000000000000  
 OBS            190
     289.61606888576603
     288.19779470614702
       1.00000000000000
 189 191 -1
obdef
loc3d
        4.92848130899840              0.69282991767383            196.64169311523440     -1
kind
     27     
    30600          153139     
        6.25000000000000  
 OBS            191
     290.00979378088743
     290.17169128245501
       1.00000000000000
 190 192 -1
obdef
loc3d
        4.94329123891126              0.66857696973652             21.80461120605469     -1
kind
     27     
    30600          153139     
        6.25000000000000  
 OBS            192
     285.13293416895277
     286.07407482410099
       1.00000000000000
 191 193 -1
obdef
loc3d
        4.93215285315783              0.69272179551745            405.54205322265619     -1
kind
     27     
    30600          153139     
        6.25000000000000  
 OBS            193
     288.31329588119621
     287.84987478171598
       1.00000000000000
 192 194 -1
obdef
loc3d
        4.93085954966869              0.68304429171430             90.32812500000000     -1
kind
     27     
    30600          153139     
        6.25000000000000  
 OBS            194
     288.98404368821758
     289.61171009745300
       1.00000000000000
 193 195 -1
obdef
loc3d
        4.93705662369825              0.67280917017713             44.45593643188477     -1
kind
     27     
    30600          153139     
        6.25000000000000  
 OBS            195
     287.75206684707143
     287.03685024617499
       1.00000000000000
 194 196 -1
obdef
loc3d
        4.94512604639754              0.69281773274108            184.54177856445310     -1
kind
     27     
    30600          153139     
        6.25000000000000  
 OBS            196
     288.36327931731563
     287.35255603641701
       1.00000000000000
 195 197 -1
obdef
loc3d
        4.94897278262263              0.68784055253573             58.60614395141602     -1
kind
     27     
    30600          153139     
        6.25000000000000  
 OBS            197
     288.57494926229759
     288.60502454401302
       1.00000000000000
 196 198 -1
obdef
loc3d
        4.94602769361993              0.68071046350214             21.00896453857422     -1
kind
     27     
    30600          153139     
        6.25000000000000  
 OBS            198
     291.24305207733420
     290.00464504518902
       1.00000000000000
 197 199 -1
obdef
loc3d
        4.93975094338173              0.67132086947702             44.21312713623047     -1
kind
     27     
    30600          153139     
        6.25000000000000  
 OBS            199
     287.20968750080766
     287.77484732189498
       1.00000000000000
 198 200 -1
obdef
loc3d
        4.93608481943111              0.69281990441712            165.01060485839841     -1
kind
     27     
    30600          153139     
        6.25000000000000  
 OBS            200
     288.17273025393001
     287.81244789646797
       1.00000000000000
 199 201 -1
obdef
loc3d
        4.92159319416735              0.69282443720594            292.33944702148438     -1
kind
     27     
    30600          153139     
        6.25000000000000  
 OBS            201
     287.95389710562932
     286.94946447361599
       1.00000000000000
 200 202 -1
obdef
loc3d
        4.93873881518950              0.68829597049600            229.64634704589841     -1
kind
     27     
    30600          153139     
        6.25000000000000  
 OBS            202
     287.26761232743462
     287.90087377668198
       1.00000000000000
 201 203 -1
obdef
loc3d
        4.93527083413009              0.68767784768684            170.73742675781250     -1
kind
     27     
    30600          153139     
        6.25000000000000  
 OBS            203
     288.88952207607412
     287.34291427841902
       1.00000000000000
 202 204 -1
obdef
loc3d
        4.94662113618514              0.69029960200592            170.37097167968750     -1
kind
     27     
    30600          153139     
        6.25000000000000  
 OBS            204
     290.00954786320972
     287.73056319044599
       1.00000000000000
 203 205 -1
obdef
loc3d
        4.93429249379945              0.69052021135789            149.81713867187500     -1
kind
     27     
    30600          153139     
        6.25000000000000  
 OBS            205
     287.62476124294017
     287.11661335637501
       1.00000000000000
 204 206 -1
obdef
loc3d
        4.93269049343414              0.68556567101287            183.19726562500000     -1
kind
     27     
    30600          153139     
        6.25000000000000  
 OBS            206
     289.24209248712503
     289.16233812230502
       1.00000000000000
 205 207 -1
obdef
loc3d
        4.96102089029673              0.67774516842699             17.24609375000000     -1
kind
     27     
    30600          153139     
        6.25000000000000  
 OBS            207
     288.19462552732875
     288.49523023233502
       1.00000000000000
 206 208 -1
obdef
loc3d
        4.95766343385975              0.68587140474105             17.20619201660156     -1
kind
     27     
    30600          153139     
        6.25000000000000  
 OBS            208
     290.36488047012762
     289.63046605666898
       1.00000000000000
 207 209 -1
obdef
loc3d
        4.96848382491262              0.66600327539335              8.93466186523438     -1
kind
     27     
    30600          153139     
        6.25000000000000  
 OBS            209
     288.38133259811224
     288.79159973595802
       1.00000000000000
 208 210 -1
obdef
loc3d
        4.95841046678131              0.68356976794003             15.00000000000000     -1
kind
     27     
    30600          153139     
        6.25000000000000  
 OBS            210
     290.03289826348538
     289.92182732974698
       1.00000000000000
 209 211 -1
obdef
loc3d
        4.95968425198686              0.67283122878530              9.91464328765869     -1
kind
     27     
    30600          153139     
        6.25000000000000  
 OBS            211
     289.72370514586828
     289.51064481815399
       1.00000000000000
 210 212 -1
obdef
loc3d
        4.95850938370535              0.67569847985950              9.09960937500000     -1
kind
     27     
    30600          153139     
        6.25000000000000  
 OBS            212
     287.75001104793074
     288.77073445855700
       1.00000000000000
 211 213 -1
obdef
loc3d
        4.96062039600501              0.68186605212913             14.00000000000000     -1
kind
     27     
    30600          153139     
        6.25000000000000  
 OBS            213
     287.09290716877757
     288.53246646859299
       1.00000000000000
 212 214 -1
obdef
loc3d
        4.96044430349621              0.68522255501691             15.00000000000000     -1
kind
     27     
    30600          153139     
        6.25000000000000  
 OBS            214
     286.70686825248981
     288.86199513809402
       1.00000000000000
 213 215 -1
obdef
loc3d
        4.95666979050607              0.68165969365477             15.07347202301025     -1
kind
     27     
    30600          153139     
        6.25000000000000  
 OBS            215
     290.99415987962010
     290.11819121848498
       1.00000000000000
 214 216 -1
obdef
loc3d
        4.96483712939352              0.66390373451953              6.00000000000000     -1
kind
     27     
    30600          153139     
        6.25000000000000  
 OBS            216
     290.17770551893312
     289.72303044938201
       1.00000000000000
 215 217 -1
obdef
loc3d
        4.96717335385836              0.67072562238302             13.76562500000000     -1
kind
     27     
    30600          153139     
        6.25000000000000  
 OBS            217
     289.27546606276206
     288.52287565353498
       1.00000000000000
 216 218 -1
obdef
loc3d
        4.96004611966382              0.68820120365869             15.00000000000000     -1
kind
     27     
    30600          153139     
        6.25000000000000  
 OBS            218
     286.50837393184344
     287.96064750752100
       1.00000000000000
 217 219 -1
obdef
loc3d
        4.95406364445895              0.69009645468583             54.42578125000000     -1
kind
     27     
    30600          153139     
        6.25000000000000  
 OBS            219
     287.30394679149163
     288.45318680847600
       1.00000000000000
 218 220 -1
obdef
loc3d
        4.95508230192316              0.68705689194968              9.08530712127686     -1
kind
     27     
    30600          153139     
        6.25000000000000  
 OBS            220
     288.89230529946292
     288.12478218391999
       1.00000000000000
 219 221 -1
obdef
loc3d
        4.89647559039613              0.68497595921932            824.84875488281250     -1
kind
     27     
    30600          153139     
        6.25000000000000  
 OBS            221
     289.31750961531344
     290.08738477584802
       1.00000000000000
 220 222 -1
obdef
loc3d
        4.89667428721977              0.69273770557989            574.37286376953125     -1
kind
     27     
    30600          153139     
        6.25000000000000  
 OBS            222
     287.77396547802687
     287.86479414944699
       1.00000000000000
 221 223 -1
obdef
loc3d
        4.91583459977084              0.69278424988043            233.68589782714841     -1
kind
     27     
    30600          153139     
        6.25000000000000  
 OBS            223
     286.94965328810207
     286.66560586396298
       1.00000000000000
 222 224 -1
obdef
loc3d
        4.90300762067971              0.68954390300676            525.03326416015625     -1
kind
     27     
    30600          153139     
        6.25000000000000  
 OBS            224
     286.58459029379594
     287.16372720581199
       1.00000000000000
 223 225 -1
obdef
loc3d
        4.90168560310748              0.69286223560483            711.58941650390625     -1
kind
     27     
    30600          153139     
        6.25000000000000  
 OBS            225
     287.56116322562190
     287.77501479549898
       1.00000000000000
 224 -1 -1
obdef
loc3d
        4.91091515139416              0.69052501454351            199.70848083496091     -1
kind
     27     
    30600          153139     
        6.25000000000000  
