 obs_sequence
obs_kind_definitions
       3
    25          LAND_SFC_U_WIND_COMPONENT   
    26          LAND_SFC_V_WIND_COMPONENT   
    27          LAND_SFC_TEMPERATURE   
  num_copies:            2  num_qc:            1
 num_obs:       225  max_num_obs:       225
observations
truth
QC radar
  first:            1  last:       225
 OBS            1
       0.87944801392841
      -1.69205921811703
       1.00000000000000
 -1 2 -1
obdef
loc3d
        4.90540352515539              0.69194112440599            606.33142089843750     -1
kind
     25     
    21600          153139     
       12.25000000000000  
 OBS            2
       0.62411451344924
      -2.25558687711397
       1.00000000000000
 1 3 -1
obdef
loc3d
        4.94546412681761              0.68348353984884             17.75631332397461     -1
kind
     25     
    21600          153139     
       12.25000000000000  
 OBS            3
     -11.16170325832231
      -3.42779853057887
       1.00000000000000
 2 4 -1
obdef
loc3d
        4.94660974174000              0.67744857875853             29.35406684875488     -1
kind
     25     
    21600          153139     
       12.25000000000000  
 OBS            4
      -1.44714570310544
      -2.04708083848509
       1.00000000000000
 3 5 -1
obdef
loc3d
        4.94648126630843              0.68652865419204             54.82812500000000     -1
kind
     25     
    21600          153139     
       12.25000000000000  
 OBS            5
       1.63788230406103
      -1.91357032376939
       1.00000000000000
 4 6 -1
obdef
loc3d
        4.94445426011379              0.68507566758975             62.61011505126953     -1
kind
     25     
    21600          153139     
       12.25000000000000  
 OBS            6
       1.64456043466223
      -2.50010573413908
       1.00000000000000
 5 7 -1
obdef
loc3d
        4.94602055174578              0.68752162087271            134.15721130371091     -1
kind
     25     
    21600          153139     
       12.25000000000000  
 OBS            7
     -10.28963067784703
      -2.71964335723363
       1.00000000000000
 6 8 -1
obdef
loc3d
        4.94603912728501              0.67254511985829             35.00297546386719     -1
kind
     25     
    21600          153139     
       12.25000000000000  
 OBS            8
      -1.52288264853665
      -2.13826999411925
       1.00000000000000
 7 9 -1
obdef
loc3d
        4.95877904994953              0.67986585977255             17.04111671447754     -1
kind
     25     
    21600          153139     
       12.25000000000000  
 OBS            9
      -5.61028292538438
      -3.16534677365741
       1.00000000000000
 8 10 -1
obdef
loc3d
        4.93958042817759              0.69095160998657            226.13127136230469     -1
kind
     25     
    21600          153139     
       12.25000000000000  
 OBS            10
      -4.95304329421436
      -0.13821200157255
       1.00000000000000
 9 11 -1
obdef
loc3d
        4.95756313665553              0.69181797222864             89.84997558593750     -1
kind
     25     
    21600          153139     
       12.25000000000000  
 OBS            11
      -5.57702996494555
      -3.25144641948272
       1.00000000000000
 10 12 -1
obdef
loc3d
        4.94078657111844              0.67409210989409             60.81152343750000     -1
kind
     25     
    21600          153139     
       12.25000000000000  
 OBS            12
      -3.00898376581883
      -2.85464657758354
       1.00000000000000
 11 13 -1
obdef
loc3d
        4.95557846691255              0.67267262139613              1.00000000000000     -1
kind
     25     
    21600          153139     
       12.25000000000000  
 OBS            13
       2.36228770941423
      -1.41626404142220
       1.00000000000000
 12 14 -1
obdef
loc3d
        4.93193348448080              0.68856418981073            106.00000000000000     -1
kind
     25     
    21600          153139     
       12.25000000000000  
 OBS            14
      -3.32516536591027
      -4.46199900980341
       1.00000000000000
 13 15 -1
obdef
loc3d
        4.89970838141578              0.68765245249877            785.09423828125000     -1
kind
     25     
    21600          153139     
       12.25000000000000  
 OBS            15
      -2.01821045824147
      -0.74655589477552
       1.00000000000000
 14 16 -1
obdef
loc3d
        4.95026814558372              0.68993059237416             93.11567687988281     -1
kind
     25     
    21600          153139     
       12.25000000000000  
 OBS            16
      -2.90484552300546
      -3.13603436889235
       1.00000000000000
 15 17 -1
obdef
loc3d
        4.94174512165160              0.68484635226999            116.56585693359381     -1
kind
     25     
    21600          153139     
       12.25000000000000  
 OBS            17
      -2.11489700185045
      -2.62669789029268
       1.00000000000000
 16 18 -1
obdef
loc3d
        4.95420735021482              0.68473663912788             15.00000000000000     -1
kind
     25     
    21600          153139     
       12.25000000000000  
 OBS            18
       1.45986594365345
      -3.57505289403999
       1.00000000000000
 17 19 -1
obdef
loc3d
        4.93477042118681              0.68310638816012            118.89588928222661     -1
kind
     25     
    21600          153139     
       12.25000000000000  
 OBS            19
      -7.12963385696095
      -3.81251463816714
       1.00000000000000
 18 20 -1
obdef
loc3d
        4.93795631029682              0.68276407673392            144.94107055664060     -1
kind
     25     
    21600          153139     
       12.25000000000000  
 OBS            20
      -0.90055144758680
      -2.88493139191415
       1.00000000000000
 19 21 -1
obdef
loc3d
        4.94001671685736              0.68064929967652             43.67281723022461     -1
kind
     25     
    21600          153139     
       12.25000000000000  
 OBS            21
      -7.98621467653617
      -3.29377005371943
       1.00000000000000
 20 22 -1
obdef
loc3d
        4.94058460161740              0.67807181314514             70.17810058593750     -1
kind
     25     
    21600          153139     
       12.25000000000000  
 OBS            22
      -1.99228273042585
      -2.92252786421348
       1.00000000000000
 21 23 -1
obdef
loc3d
        4.95423295419494              0.68033176843505              3.71636104583740     -1
kind
     25     
    21600          153139     
       12.25000000000000  
 OBS            23
       0.16925987071737
      -2.96781969518681
       1.00000000000000
 22 24 -1
obdef
loc3d
        4.94926894458696              0.66642585587446             10.91526031494141     -1
kind
     25     
    21600          153139     
       12.25000000000000  
 OBS            24
      -3.91743766369279
      -1.71455591004217
       1.00000000000000
 23 25 -1
obdef
loc3d
        4.96223480186848              0.66700036066835              5.00000000000000     -1
kind
     25     
    21600          153139     
       12.25000000000000  
 OBS            25
      -1.96862396447279
      -2.64474773939639
       1.00000000000000
 24 26 -1
obdef
loc3d
        4.95546148971009              0.67729393735082              6.17724800109863     -1
kind
     25     
    21600          153139     
       12.25000000000000  
 OBS            26
      -1.67011735625858
      -2.58705009845621
       1.00000000000000
 25 27 -1
obdef
loc3d
        4.92652723985629              0.69051382381431            146.04148864746091     -1
kind
     25     
    21600          153139     
       12.25000000000000  
 OBS            27
      -0.19083082128257
      -1.08520214994478
       1.00000000000000
 26 28 -1
obdef
loc3d
        4.96366005344362              0.66920346185787              6.00000000000000     -1
kind
     25     
    21600          153139     
       12.25000000000000  
 OBS            28
       1.39767750450073
       0.04896409663973
       1.00000000000000
 27 29 -1
obdef
loc3d
        4.97052949833720              0.66907739847133              8.84140872955322     -1
kind
     25     
    21600          153139     
       12.25000000000000  
 OBS            29
       1.74507835047872
      -2.16105800104296
       1.00000000000000
 28 30 -1
obdef
loc3d
        4.93505853489354              0.69035668900909            163.38452148437500     -1
kind
     25     
    21600          153139     
       12.25000000000000  
 OBS            30
      -4.08094034067432
      -3.23594401966427
       1.00000000000000
 29 31 -1
obdef
loc3d
        4.93979773523841              0.67259214116167             45.00000000000000     -1
kind
     25     
    21600          153139     
       12.25000000000000  
 OBS            31
      -3.90490858846050
      -2.69527717932635
       1.00000000000000
 30 32 -1
obdef
loc3d
        4.92901815402419              0.68818595396932            126.56063842773440     -1
kind
     25     
    21600          153139     
       12.25000000000000  
 OBS            32
      -3.34929556885397
      -4.42557324393188
       1.00000000000000
 31 33 -1
obdef
loc3d
        4.92864050752959              0.68988490592333            360.09008789062500     -1
kind
     25     
    21600          153139     
       12.25000000000000  
 OBS            33
      -0.20981572774777
      -2.52620086113751
       1.00000000000000
 32 34 -1
obdef
loc3d
        4.94071794293451              0.68880476183725            173.77728271484381     -1
kind
     25     
    21600          153139     
       12.25000000000000  
 OBS            34
      -7.06299519658399
      -3.32820879228985
       1.00000000000000
 33 35 -1
obdef
loc3d
        4.94475069255349              0.67936922784321             17.10044860839844     -1
kind
     25     
    21600          153139     
       12.25000000000000  
 OBS            35
       2.06334343780881
      -3.46271786040906
       1.00000000000000
 34 36 -1
obdef
loc3d
        4.93040524362615              0.68956958577383            472.38653564453119     -1
kind
     25     
    21600          153139     
       12.25000000000000  
 OBS            36
      -1.45227674151404
      -2.93863290004700
       1.00000000000000
 35 37 -1
obdef
loc3d
        4.93438788521233              0.68743777381223            157.39462280273440     -1
kind
     25     
    21600          153139     
       12.25000000000000  
 OBS            37
      -5.27153172270106
      -2.94435556042779
       1.00000000000000
 36 38 -1
obdef
loc3d
        4.93003537520636              0.69083454089469            382.75677490234381     -1
kind
     25     
    21600          153139     
       12.25000000000000  
 OBS            38
      -5.84899475194026
      -2.91417811755668
       1.00000000000000
 37 39 -1
obdef
loc3d
        4.94262489165251              0.68702513034102            130.29710388183591     -1
kind
     25     
    21600          153139     
       12.25000000000000  
 OBS            39
       2.28477055922928
      -1.91174390407644
       1.00000000000000
 38 40 -1
obdef
loc3d
        4.93100113789334              0.68653549583784             94.66114807128906     -1
kind
     25     
    21600          153139     
       12.25000000000000  
 OBS            40
      -4.48484307685079
      -3.53136101104507
       1.00000000000000
 39 41 -1
obdef
loc3d
        4.94000002935902              0.67612888350011             59.69976806640625     -1
kind
     25     
    21600          153139     
       12.25000000000000  
 OBS            41
      -4.09769638202817
      -2.69592934205922
       1.00000000000000
 40 42 -1
obdef
loc3d
        4.94231604692662              0.69077376274482            190.83442687988281     -1
kind
     25     
    21600          153139     
       12.25000000000000  
 OBS            42
      -3.03340749030632
      -2.27305979279067
       1.00000000000000
 41 43 -1
obdef
loc3d
        4.93554247635603              0.69268257167582            131.09960937500000     -1
kind
     25     
    21600          153139     
       12.25000000000000  
 OBS            43
       0.15447421939440
      -3.48258052509429
       1.00000000000000
 42 44 -1
obdef
loc3d
        4.94069913477896              0.68279864123905            131.77731323242190     -1
kind
     25     
    21600          153139     
       12.25000000000000  
 OBS            44
      -6.32009213937063
      -2.63703725060615
       1.00000000000000
 43 45 -1
obdef
loc3d
        4.94367854378329              0.67420565331297             56.55799865722656     -1
kind
     25     
    21600          153139     
       12.25000000000000  
 OBS            45
      -2.62193297353067
      -3.12708942968390
       1.00000000000000
 44 46 -1
obdef
loc3d
        4.93814984943932              0.67457436016830             39.55386734008789     -1
kind
     25     
    21600          153139     
       12.25000000000000  
 OBS            46
      -1.88720107369108
      -3.23669437553701
       1.00000000000000
 45 47 -1
obdef
loc3d
        4.94253566982520              0.68065092526894             48.56933593750000     -1
kind
     25     
    21600          153139     
       12.25000000000000  
 OBS            47
      -3.47390157042580
      -3.61872713186413
       1.00000000000000
 46 48 -1
obdef
loc3d
        4.93593154408741              0.68080949477360             85.35743713378906     -1
kind
     25     
    21600          153139     
       12.25000000000000  
 OBS            48
       1.25218197070698
      -1.42403024281209
       1.00000000000000
 47 49 -1
obdef
loc3d
        4.94758068519446              0.69282395273635            179.51908874511719     -1
kind
     25     
    21600          153139     
       12.25000000000000  
 OBS            49
      -2.43204836883224
      -2.46342029297469
       1.00000000000000
 48 50 -1
obdef
loc3d
        4.93541634697774              0.67261831698898             21.54207611083984     -1
kind
     25     
    21600          153139     
       12.25000000000000  
 OBS            50
       1.14611001921980
      -3.43618142305188
       1.00000000000000
 49 51 -1
obdef
loc3d
        4.93342752395137              0.68533697059699            120.48287200927730     -1
kind
     25     
    21600          153139     
       12.25000000000000  
 OBS            51
      -0.43226395704240
      -3.31103060616046
       1.00000000000000
 50 52 -1
obdef
loc3d
        4.92811551620144              0.69141391763145            189.00242614746091     -1
kind
     25     
    21600          153139     
       12.25000000000000  
 OBS            52
      -2.23175134560783
      -3.04065706923789
       1.00000000000000
 51 53 -1
obdef
loc3d
        4.94328780634786              0.67761918906629             21.61136627197266     -1
kind
     25     
    21600          153139     
       12.25000000000000  
 OBS            53
       1.02789367208475
      -3.58007161234965
       1.00000000000000
 52 54 -1
obdef
loc3d
        4.93617130041664              0.68578341426755            199.41349792480469     -1
kind
     25     
    21600          153139     
       12.25000000000000  
 OBS            54
      -2.88617671019908
      -3.25384914447353
       1.00000000000000
 53 55 -1
obdef
loc3d
        4.94488890698391              0.68151038983677             42.34177017211914     -1
kind
     25     
    21600          153139     
       12.25000000000000  
 OBS            55
      -0.06911494299466
      -3.15383731993993
       1.00000000000000
 54 56 -1
obdef
loc3d
        4.94610769319308              0.67540343249948             44.88281250000000     -1
kind
     25     
    21600          153139     
       12.25000000000000  
 OBS            56
      -3.00882897576135
      -2.12287678563245
       1.00000000000000
 55 57 -1
obdef
loc3d
        4.93098289428918              0.69278368564599            411.59194946289062     -1
kind
     25     
    21600          153139     
       12.25000000000000  
 OBS            57
      -6.07341101661501
      -2.85958577257039
       1.00000000000000
 56 58 -1
obdef
loc3d
        4.93746284305807              0.67295620864423             44.45593643188477     -1
kind
     25     
    21600          153139     
       12.25000000000000  
 OBS            58
      -4.39175532106494
      -3.87926399807566
       1.00000000000000
 57 59 -1
obdef
loc3d
        4.93742549337872              0.68866580079864            241.84100341796881     -1
kind
     25     
    21600          153139     
       12.25000000000000  
 OBS            59
      -0.97237736080093
      -2.75603080538650
       1.00000000000000
 58 60 -1
obdef
loc3d
        4.94310367286119              0.67063823067780             37.30942153930664     -1
kind
     25     
    21600          153139     
       12.25000000000000  
 OBS            60
      -2.99999113021339
      -2.20239615640195
       1.00000000000000
 59 61 -1
obdef
loc3d
        4.94312354358950              0.69286317278749            201.84664916992190     -1
kind
     25     
    21600          153139     
       12.25000000000000  
 OBS            61
      -3.97558596480641
      -0.48517638312734
       1.00000000000000
 60 62 -1
obdef
loc3d
        4.93202293942753              0.69056809921756            124.38476562500000     -1
kind
     25     
    21600          153139     
       12.25000000000000  
 OBS            62
       2.11062506193058
      -1.99477669076237
       1.00000000000000
 61 63 -1
obdef
loc3d
        4.93852899085493              0.69282303339671            210.85327148437500     -1
kind
     25     
    21600          153139     
       12.25000000000000  
 OBS            63
      -6.32499202690574
      -3.81250620767112
       1.00000000000000
 62 64 -1
obdef
loc3d
        4.93925110381924              0.68654477021234            169.40324401855469     -1
kind
     25     
    21600          153139     
       12.25000000000000  
 OBS            64
      -4.16308985312936
      -1.58676950024663
       1.00000000000000
 63 65 -1
obdef
loc3d
        4.94561300163474              0.69021407942450            101.67103576660161     -1
kind
     25     
    21600          153139     
       12.25000000000000  
 OBS            65
      -1.72608842911424
      -2.66405909648375
       1.00000000000000
 64 66 -1
obdef
loc3d
        4.94677761419795              0.66921213830349             30.00000000000000     -1
kind
     25     
    21600          153139     
       12.25000000000000  
 OBS            66
      -2.87214781561095
      -2.24237341975508
       1.00000000000000
 65 67 -1
obdef
loc3d
        4.91464000802058              0.69220313236118            256.98049926757812     -1
kind
     25     
    21600          153139     
       12.25000000000000  
 OBS            67
      -4.24375897388401
      -1.96635234146320
       1.00000000000000
 66 68 -1
obdef
loc3d
        4.91222840493483              0.69213090540308            311.66015625000000     -1
kind
     25     
    21600          153139     
       12.25000000000000  
 OBS            68
      -7.23353525294407
      -5.33651767540896
       1.00000000000000
 67 69 -1
obdef
loc3d
        4.90319820253832              0.69077085029214            558.21520996093750     -1
kind
     25     
    21600          153139     
       12.25000000000000  
 OBS            69
       1.92574607199370
      -1.62782747175115
       1.00000000000000
 68 70 -1
obdef
loc3d
        4.90548367400941              0.68961427180382            340.45385742187500     -1
kind
     25     
    21600          153139     
       12.25000000000000  
 OBS            70
      -4.27949359412589
      -1.50443606508757
       1.00000000000000
 69 71 -1
obdef
loc3d
        4.90182808691748              0.69286665451088            711.58941650390625     -1
kind
     25     
    21600          153139     
       12.25000000000000  
 OBS            71
      -6.10271736483962
      -2.15588732675293
       1.00000000000000
 70 72 -1
obdef
loc3d
        4.92199514385413              0.69211089395115            185.84292602539060     -1
kind
     25     
    21600          153139     
       12.25000000000000  
 OBS            72
      -3.75957675812835
      -1.34398569349825
       1.00000000000000
 71 73 -1
obdef
loc3d
        4.91709198426003              0.69266703903771            205.88345336914060     -1
kind
     25     
    21600          153139     
       12.25000000000000  
 OBS            73
      -4.93133204630682
      -3.08983285843590
       1.00000000000000
 72 74 -1
obdef
loc3d
        4.91305125126208              0.69031483822850            320.48217773437500     -1
kind
     25     
    21600          153139     
       12.25000000000000  
 OBS            74
      -2.38557183133039
      -0.58210787541951
       1.00000000000000
 73 75 -1
obdef
loc3d
        4.90918301095293              0.69233086407935            229.95614624023440     -1
kind
     25     
    21600          153139     
       12.25000000000000  
 OBS            75
      -5.44078632520188
      -4.28668577904158
       1.00000000000000
 74 76 -1
obdef
loc3d
        4.90002894620424              0.69031812013417            840.25653076171875     -1
kind
     25     
    21600          153139     
       12.25000000000000  
 OBS            76
       2.75112971916862
       4.08840222978742
       1.00000000000000
 75 77 -1
obdef
loc3d
        4.90540352515539              0.69194112440599            606.33142089843750     -1
kind
     26     
    21600          153139     
       12.25000000000000  
 OBS            77
       9.55712603513482
       5.80278944795003
       1.00000000000000
 76 78 -1
obdef
loc3d
        4.94546412681761              0.68348353984884             17.75631332397461     -1
kind
     26     
    21600          153139     
       12.25000000000000  
 OBS            78
       6.56996206412707
       7.48849468373642
       1.00000000000000
 77 79 -1
obdef
loc3d
        4.94660974174000              0.67744857875853             29.35406684875488     -1
kind
     26     
    21600          153139     
       12.25000000000000  
 OBS            79
       7.05100687710348
       5.27162159712813
       1.00000000000000
 78 80 -1
obdef
loc3d
        4.94648126630843              0.68652865419204             54.82812500000000     -1
kind
     26     
    21600          153139     
       12.25000000000000  
 OBS            80
       7.37648278337986
       4.79868769861661
       1.00000000000000
 79 81 -1
obdef
loc3d
        4.94445426011379              0.68507566758975             62.61011505126953     -1
kind
     26     
    21600          153139     
       12.25000000000000  
 OBS            81
       5.42514674193802
       7.24659204581147
       1.00000000000000
 80 82 -1
obdef
loc3d
        4.94602055174578              0.68752162087271            134.15721130371091     -1
kind
     26     
    21600          153139     
       12.25000000000000  
 OBS            82
      13.08305764668109
       7.96602836950857
       1.00000000000000
 81 83 -1
obdef
loc3d
        4.94603912728501              0.67254511985829             35.00297546386719     -1
kind
     26     
    21600          153139     
       12.25000000000000  
 OBS            83
       2.64140631556050
       7.87441342342881
       1.00000000000000
 82 84 -1
obdef
loc3d
        4.95877904994953              0.67986585977255             17.04111671447754     -1
kind
     26     
    21600          153139     
       12.25000000000000  
 OBS            84
      12.41227025481131
       8.38699466499425
       1.00000000000000
 83 85 -1
obdef
loc3d
        4.93958042817759              0.69095160998657            226.13127136230469     -1
kind
     26     
    21600          153139     
       12.25000000000000  
 OBS            85
      11.86396435572865
       7.61474131076102
       1.00000000000000
 84 86 -1
obdef
loc3d
        4.95756313665553              0.69181797222864             89.84997558593750     -1
kind
     26     
    21600          153139     
       12.25000000000000  
 OBS            86
       3.12753269041672
       7.57654648940157
       1.00000000000000
 85 87 -1
obdef
loc3d
        4.94078657111844              0.67409210989409             60.81152343750000     -1
kind
     26     
    21600          153139     
       12.25000000000000  
 OBS            87
       8.22478323155700
       9.49349608096085
       1.00000000000000
 86 88 -1
obdef
loc3d
        4.95557846691255              0.67267262139613              1.00000000000000     -1
kind
     26     
    21600          153139     
       12.25000000000000  
 OBS            88
       8.55104535814571
       6.94818911667708
       1.00000000000000
 87 89 -1
obdef
loc3d
        4.93193348448080              0.68856418981073            106.00000000000000     -1
kind
     26     
    21600          153139     
       12.25000000000000  
 OBS            89
       4.35158009093449
       4.79170512939260
       1.00000000000000
 88 90 -1
obdef
loc3d
        4.89970838141578              0.68765245249877            785.09423828125000     -1
kind
     26     
    21600          153139     
       12.25000000000000  
 OBS            90
       5.44522030188819
       7.31277196213430
       1.00000000000000
 89 91 -1
obdef
loc3d
        4.95026814558372              0.68993059237416             93.11567687988281     -1
kind
     26     
    21600          153139     
       12.25000000000000  
 OBS            91
       7.58085605423701
       6.40873852031564
       1.00000000000000
 90 92 -1
obdef
loc3d
        4.94174512165160              0.68484635226999            116.56585693359381     -1
kind
     26     
    21600          153139     
       12.25000000000000  
 OBS            92
       5.59429793511830
       7.92030218150148
       1.00000000000000
 91 93 -1
obdef
loc3d
        4.95420735021482              0.68473663912788             15.00000000000000     -1
kind
     26     
    21600          153139     
       12.25000000000000  
 OBS            93
       0.32169862559433
       5.95366175816012
       1.00000000000000
 92 94 -1
obdef
loc3d
        4.93477042118681              0.68310638816012            118.89588928222661     -1
kind
     26     
    21600          153139     
       12.25000000000000  
 OBS            94
       0.31085234616871
       6.18147288424753
       1.00000000000000
 93 95 -1
obdef
loc3d
        4.93795631029682              0.68276407673392            144.94107055664060     -1
kind
     26     
    21600          153139     
       12.25000000000000  
 OBS            95
       2.98362763643104
       4.74203260027051
       1.00000000000000
 94 96 -1
obdef
loc3d
        4.94001671685736              0.68064929967652             43.67281723022461     -1
kind
     26     
    21600          153139     
       12.25000000000000  
 OBS            96
       9.06878214652881
       6.63748358803209
       1.00000000000000
 95 97 -1
obdef
loc3d
        4.94058460161740              0.67807181314514             70.17810058593750     -1
kind
     26     
    21600          153139     
       12.25000000000000  
 OBS            97
       8.36208183289929
       7.49658021501874
       1.00000000000000
 96 98 -1
obdef
loc3d
        4.95423295419494              0.68033176843505              3.71636104583740     -1
kind
     26     
    21600          153139     
       12.25000000000000  
 OBS            98
       9.48380324521233
       7.55595801816523
       1.00000000000000
 97 99 -1
obdef
loc3d
        4.94926894458696              0.66642585587446             10.91526031494141     -1
kind
     26     
    21600          153139     
       12.25000000000000  
 OBS            99
       5.13334239498095
       6.68924670664073
       1.00000000000000
 98 100 -1
obdef
loc3d
        4.96223480186848              0.66700036066835              5.00000000000000     -1
kind
     26     
    21600          153139     
       12.25000000000000  
 OBS            100
       5.78652383529170
       7.89202342613353
       1.00000000000000
 99 101 -1
obdef
loc3d
        4.95546148971009              0.67729393735082              6.17724800109863     -1
kind
     26     
    21600          153139     
       12.25000000000000  
 OBS            101
       9.43462744443909
       8.91053904870557
       1.00000000000000
 100 102 -1
obdef
loc3d
        4.92652723985629              0.69051382381431            146.04148864746091     -1
kind
     26     
    21600          153139     
       12.25000000000000  
 OBS            102
       6.75188803779672
       6.96543405617556
       1.00000000000000
 101 103 -1
obdef
loc3d
        4.96366005344362              0.66920346185787              6.00000000000000     -1
kind
     26     
    21600          153139     
       12.25000000000000  
 OBS            103
       8.19503290173589
       7.48518457613736
       1.00000000000000
 102 104 -1
obdef
loc3d
        4.97052949833720              0.66907739847133              8.84140872955322     -1
kind
     26     
    21600          153139     
       12.25000000000000  
 OBS            104
       7.88244474659963
       8.67136222101436
       1.00000000000000
 103 105 -1
obdef
loc3d
        4.93505853489354              0.69035668900909            163.38452148437500     -1
kind
     26     
    21600          153139     
       12.25000000000000  
 OBS            105
       9.61544246066364
       7.87467833741988
       1.00000000000000
 104 106 -1
obdef
loc3d
        4.93979773523841              0.67259214116167             45.00000000000000     -1
kind
     26     
    21600          153139     
       12.25000000000000  
 OBS            106
      10.34641743967885
       8.12525483616812
       1.00000000000000
 105 107 -1
obdef
loc3d
        4.92901815402419              0.68818595396932            126.56063842773440     -1
kind
     26     
    21600          153139     
       12.25000000000000  
 OBS            107
       7.17154168415922
       8.36220732096249
       1.00000000000000
 106 108 -1
obdef
loc3d
        4.92864050752959              0.68988490592333            360.09008789062500     -1
kind
     26     
    21600          153139     
       12.25000000000000  
 OBS            108
       5.58096067835544
       6.98524611908809
       1.00000000000000
 107 109 -1
obdef
loc3d
        4.94071794293451              0.68880476183725            173.77728271484381     -1
kind
     26     
    21600          153139     
       12.25000000000000  
 OBS            109
       1.74749705521188
       6.22929682291297
       1.00000000000000
 108 110 -1
obdef
loc3d
        4.94475069255349              0.67936922784321             17.10044860839844     -1
kind
     26     
    21600          153139     
       12.25000000000000  
 OBS            110
       9.07814330323753
       8.34217704312155
       1.00000000000000
 109 111 -1
obdef
loc3d
        4.93040524362615              0.68956958577383            472.38653564453119     -1
kind
     26     
    21600          153139     
       12.25000000000000  
 OBS            111
      11.57791371295885
       8.25674952917770
       1.00000000000000
 110 112 -1
obdef
loc3d
        4.93438788521233              0.68743777381223            157.39462280273440     -1
kind
     26     
    21600          153139     
       12.25000000000000  
 OBS            112
       6.97518745131835
       9.31072411483451
       1.00000000000000
 111 113 -1
obdef
loc3d
        4.93003537520636              0.69083454089469            382.75677490234381     -1
kind
     26     
    21600          153139     
       12.25000000000000  
 OBS            113
       9.22973067205566
       6.82509133803248
       1.00000000000000
 112 114 -1
obdef
loc3d
        4.94262489165251              0.68702513034102            130.29710388183591     -1
kind
     26     
    21600          153139     
       12.25000000000000  
 OBS            114
       4.55100893711347
       6.22609353585443
       1.00000000000000
 113 115 -1
obdef
loc3d
        4.93100113789334              0.68653549583784             94.66114807128906     -1
kind
     26     
    21600          153139     
       12.25000000000000  
 OBS            115
       9.31773749060673
       6.84591903806564
       1.00000000000000
 114 116 -1
obdef
loc3d
        4.94000002935902              0.67612888350011             59.69976806640625     -1
kind
     26     
    21600          153139     
       12.25000000000000  
 OBS            116
       6.60090419796367
       8.66700807049754
       1.00000000000000
 115 117 -1
obdef
loc3d
        4.94231604692662              0.69077376274482            190.83442687988281     -1
kind
     26     
    21600          153139     
       12.25000000000000  
 OBS            117
       9.20858401101610
       8.40026287105323
       1.00000000000000
 116 118 -1
obdef
loc3d
        4.93554247635603              0.69268257167582            131.09960937500000     -1
kind
     26     
    21600          153139     
       12.25000000000000  
 OBS            118
       5.97387896058382
       5.88534649303722
       1.00000000000000
 117 119 -1
obdef
loc3d
        4.94069913477896              0.68279864123905            131.77731323242190     -1
kind
     26     
    21600          153139     
       12.25000000000000  
 OBS            119
       5.15137707539832
       6.85451935039014
       1.00000000000000
 118 120 -1
obdef
loc3d
        4.94367854378329              0.67420565331297             56.55799865722656     -1
kind
     26     
    21600          153139     
       12.25000000000000  
 OBS            120
       6.47735504978069
       7.37971703267794
       1.00000000000000
 119 121 -1
obdef
loc3d
        4.93814984943932              0.67457436016830             39.55386734008789     -1
kind
     26     
    21600          153139     
       12.25000000000000  
 OBS            121
      -3.65800644163473
       5.75798269067027
       1.00000000000000
 120 122 -1
obdef
loc3d
        4.94253566982520              0.68065092526894             48.56933593750000     -1
kind
     26     
    21600          153139     
       12.25000000000000  
 OBS            122
       9.69423001531315
       5.41202850718147
       1.00000000000000
 121 123 -1
obdef
loc3d
        4.93593154408741              0.68080949477360             85.35743713378906     -1
kind
     26     
    21600          153139     
       12.25000000000000  
 OBS            123
       8.52272109290145
       8.80482855301235
       1.00000000000000
 122 124 -1
obdef
loc3d
        4.94758068519446              0.69282395273635            179.51908874511719     -1
kind
     26     
    21600          153139     
       12.25000000000000  
 OBS            124
       7.50894901166821
       6.70461262171949
       1.00000000000000
 123 125 -1
obdef
loc3d
        4.93541634697774              0.67261831698898             21.54207611083984     -1
kind
     26     
    21600          153139     
       12.25000000000000  
 OBS            125
       8.12718937452012
       6.60057836738946
       1.00000000000000
 124 126 -1
obdef
loc3d
        4.93342752395137              0.68533697059699            120.48287200927730     -1
kind
     26     
    21600          153139     
       12.25000000000000  
 OBS            126
       3.57042106472117
      10.49733670591710
       1.00000000000000
 125 127 -1
obdef
loc3d
        4.92811551620144              0.69141391763145            189.00242614746091     -1
kind
     26     
    21600          153139     
       12.25000000000000  
 OBS            127
       4.91333615290975
       6.27766255153332
       1.00000000000000
 126 128 -1
obdef
loc3d
        4.94328780634786              0.67761918906629             21.61136627197266     -1
kind
     26     
    21600          153139     
       12.25000000000000  
 OBS            128
      12.08776885251317
       6.38286297049247
       1.00000000000000
 127 129 -1
obdef
loc3d
        4.93617130041664              0.68578341426755            199.41349792480469     -1
kind
     26     
    21600          153139     
       12.25000000000000  
 OBS            129
       9.18297008528260
       6.73145474462664
       1.00000000000000
 128 130 -1
obdef
loc3d
        4.94488890698391              0.68151038983677             42.34177017211914     -1
kind
     26     
    21600          153139     
       12.25000000000000  
 OBS            130
      11.60470214173716
       7.02617555315552
       1.00000000000000
 129 131 -1
obdef
loc3d
        4.94610769319308              0.67540343249948             44.88281250000000     -1
kind
     26     
    21600          153139     
       12.25000000000000  
 OBS            131
       9.31035107980835
       8.52637573747906
       1.00000000000000
 130 132 -1
obdef
loc3d
        4.93098289428918              0.69278368564599            411.59194946289062     -1
kind
     26     
    21600          153139     
       12.25000000000000  
 OBS            132
       5.26263954728253
       7.44707681966008
       1.00000000000000
 131 133 -1
obdef
loc3d
        4.93746284305807              0.67295620864423             44.45593643188477     -1
kind
     26     
    21600          153139     
       12.25000000000000  
 OBS            133
       9.20450741334677
       9.41775358713688
       1.00000000000000
 132 134 -1
obdef
loc3d
        4.93742549337872              0.68866580079864            241.84100341796881     -1
kind
     26     
    21600          153139     
       12.25000000000000  
 OBS            134
       7.26386321345606
       7.94956925018093
       1.00000000000000
 133 135 -1
obdef
loc3d
        4.94310367286119              0.67063823067780             37.30942153930664     -1
kind
     26     
    21600          153139     
       12.25000000000000  
 OBS            135
       9.07055099991796
       7.91078697024594
       1.00000000000000
 134 136 -1
obdef
loc3d
        4.94312354358950              0.69286317278749            201.84664916992190     -1
kind
     26     
    21600          153139     
       12.25000000000000  
 OBS            136
       5.17932646059319
       6.74442022468695
       1.00000000000000
 135 137 -1
obdef
loc3d
        4.93202293942753              0.69056809921756            124.38476562500000     -1
kind
     26     
    21600          153139     
       12.25000000000000  
 OBS            137
       4.64852462633367
       8.66368142248137
       1.00000000000000
 136 138 -1
obdef
loc3d
        4.93852899085493              0.69282303339671            210.85327148437500     -1
kind
     26     
    21600          153139     
       12.25000000000000  
 OBS            138
      13.31176001550674
       7.25950781269335
       1.00000000000000
 137 139 -1
obdef
loc3d
        4.93925110381924              0.68654477021234            169.40324401855469     -1
kind
     26     
    21600          153139     
       12.25000000000000  
 OBS            139
       5.91849638212955
       6.71223640328454
       1.00000000000000
 138 140 -1
obdef
loc3d
        4.94561300163474              0.69021407942450            101.67103576660161     -1
kind
     26     
    21600          153139     
       12.25000000000000  
 OBS            140
       7.61102309662346
       8.54843553955255
       1.00000000000000
 139 141 -1
obdef
loc3d
        4.94677761419795              0.66921213830349             30.00000000000000     -1
kind
     26     
    21600          153139     
       12.25000000000000  
 OBS            141
       0.81108774119506
       0.17423931041811
       1.00000000000000
 140 142 -1
obdef
loc3d
        4.91464000802058              0.69220313236118            256.98049926757812     -1
kind
     26     
    21600          153139     
       12.25000000000000  
 OBS            142
       2.82721506388990
       4.83357627595800
       1.00000000000000
 141 143 -1
obdef
loc3d
        4.91222840493483              0.69213090540308            311.66015625000000     -1
kind
     26     
    21600          153139     
       12.25000000000000  
 OBS            143
       0.73638174047124
       6.37312552032876
       1.00000000000000
 142 144 -1
obdef
loc3d
        4.90319820253832              0.69077085029214            558.21520996093750     -1
kind
     26     
    21600          153139     
       12.25000000000000  
 OBS            144
      -0.29417726641837
      -1.80408093168044
       1.00000000000000
 143 145 -1
obdef
loc3d
        4.90548367400941              0.68961427180382            340.45385742187500     -1
kind
     26     
    21600          153139     
       12.25000000000000  
 OBS            145
       8.08258777082291
       6.53818430325710
       1.00000000000000
 144 146 -1
obdef
loc3d
        4.90182808691748              0.69286665451088            711.58941650390625     -1
kind
     26     
    21600          153139     
       12.25000000000000  
 OBS            146
       3.47865430953112
       5.99168236271492
       1.00000000000000
 145 147 -1
obdef
loc3d
        4.92199514385413              0.69211089395115            185.84292602539060     -1
kind
     26     
    21600          153139     
       12.25000000000000  
 OBS            147
       7.08794685321093
       3.93420492488859
       1.00000000000000
 146 148 -1
obdef
loc3d
        4.91709198426003              0.69266703903771            205.88345336914060     -1
kind
     26     
    21600          153139     
       12.25000000000000  
 OBS            148
       3.75728066612055
       0.72434504628572
       1.00000000000000
 147 149 -1
obdef
loc3d
        4.91305125126208              0.69031483822850            320.48217773437500     -1
kind
     26     
    21600          153139     
       12.25000000000000  
 OBS            149
       7.39889613603942
       0.82598603444307
       1.00000000000000
 148 150 -1
obdef
loc3d
        4.90918301095293              0.69233086407935            229.95614624023440     -1
kind
     26     
    21600          153139     
       12.25000000000000  
 OBS            150
       4.49752271670195
       4.53344588256162
       1.00000000000000
 149 151 -1
obdef
loc3d
        4.90002894620424              0.69031812013417            840.25653076171875     -1
kind
     26     
    21600          153139     
       12.25000000000000  
 OBS            151
     284.78560366985238
     284.70656151365500
       1.00000000000000
 150 152 -1
obdef
loc3d
        4.90540352515539              0.69194112440599            606.33142089843750     -1
kind
     27     
    21600          153139     
        6.25000000000000  
 OBS            152
     289.86332272734398
     288.15721077762402
       1.00000000000000
 151 153 -1
obdef
loc3d
        4.94546412681761              0.68348353984884             17.75631332397461     -1
kind
     27     
    21600          153139     
        6.25000000000000  
 OBS            153
     287.04710662808503
     287.19807817626997
       1.00000000000000
 152 154 -1
obdef
loc3d
        4.94660974174000              0.67744857875853             29.35406684875488     -1
kind
     27     
    21600          153139     
        6.25000000000000  
 OBS            154
     287.58977756836953
     287.69638062090598
       1.00000000000000
 153 155 -1
obdef
loc3d
        4.94648126630843              0.68652865419204             54.82812500000000     -1
kind
     27     
    21600          153139     
        6.25000000000000  
 OBS            155
     287.21188063839816
     288.10413834079401
       1.00000000000000
 154 156 -1
obdef
loc3d
        4.94445426011379              0.68507566758975             62.61011505126953     -1
kind
     27     
    21600          153139     
        6.25000000000000  
 OBS            156
     285.78304052707227
     287.47654759868698
       1.00000000000000
 155 157 -1
obdef
loc3d
        4.94602055174578              0.68752162087271            134.15721130371091     -1
kind
     27     
    21600          153139     
        6.25000000000000  
 OBS            157
     289.43610604183550
     289.10035659569502
       1.00000000000000
 156 158 -1
obdef
loc3d
        4.94603912728501              0.67254511985829             35.00297546386719     -1
kind
     27     
    21600          153139     
        6.25000000000000  
 OBS            158
     288.95318843172851
     288.60995987827698
       1.00000000000000
 157 159 -1
obdef
loc3d
        4.95877904994953              0.67986585977255             17.04111671447754     -1
kind
     27     
    21600          153139     
        6.25000000000000  
 OBS            159
     288.18583184436795
     287.11527480402600
       1.00000000000000
 158 160 -1
obdef
loc3d
        4.93958042817759              0.69095160998657            226.13127136230469     -1
kind
     27     
    21600          153139     
        6.25000000000000  
 OBS            160
     287.32959539084970
     287.74287699362299
       1.00000000000000
 159 161 -1
obdef
loc3d
        4.95756313665553              0.69181797222864             89.84997558593750     -1
kind
     27     
    21600          153139     
        6.25000000000000  
 OBS            161
     289.25979682698585
     288.85400051194102
       1.00000000000000
 160 162 -1
obdef
loc3d
        4.94078657111844              0.67409210989409             60.81152343750000     -1
kind
     27     
    21600          153139     
        6.25000000000000  
 OBS            162
     290.04893690188987
     289.30180168613600
       1.00000000000000
 161 163 -1
obdef
loc3d
        4.95557846691255              0.67267262139613              1.00000000000000     -1
kind
     27     
    21600          153139     
        6.25000000000000  
 OBS            163
     287.99566191532665
     288.21677714972702
       1.00000000000000
 162 164 -1
obdef
loc3d
        4.93193348448080              0.68856418981073            106.00000000000000     -1
kind
     27     
    21600          153139     
        6.25000000000000  
 OBS            164
     285.07638052792424
     283.97952705993401
       1.00000000000000
 163 165 -1
obdef
loc3d
        4.89970838141578              0.68765245249877            785.09423828125000     -1
kind
     27     
    21600          153139     
        6.25000000000000  
 OBS            165
     286.41875327375237
     287.15488352496601
       1.00000000000000
 164 166 -1
obdef
loc3d
        4.95026814558372              0.68993059237416             93.11567687988281     -1
kind
     27     
    21600          153139     
        6.25000000000000  
 OBS            166
     285.84485538983097
     287.80040325166698
       1.00000000000000
 165 167 -1
obdef
loc3d
        4.94174512165160              0.68484635226999            116.56585693359381     -1
kind
     27     
    21600          153139     
        6.25000000000000  
 OBS            167
     289.27170879744898
     288.46367818534202
       1.00000000000000
 166 168 -1
obdef
loc3d
        4.95420735021482              0.68473663912788             15.00000000000000     -1
kind
     27     
    21600          153139     
        6.25000000000000  
 OBS            168
     288.20779623493797
     288.20952259546499
       1.00000000000000
 167 169 -1
obdef
loc3d
        4.93477042118681              0.68310638816012            118.89588928222661     -1
kind
     27     
    21600          153139     
        6.25000000000000  
 OBS            169
     285.88800363877647
     287.66992163552601
       1.00000000000000
 168 170 -1
obdef
loc3d
        4.93795631029682              0.68276407673392            144.94107055664060     -1
kind
     27     
    21600          153139     
        6.25000000000000  
 OBS            170
     288.00189956385947
     288.24870783144098
       1.00000000000000
 169 171 -1
obdef
loc3d
        4.94001671685736              0.68064929967652             43.67281723022461     -1
kind
     27     
    21600          153139     
        6.25000000000000  
 OBS            171
     289.26086790049123
     288.49954449010602
       1.00000000000000
 170 172 -1
obdef
loc3d
        4.94058460161740              0.67807181314514             70.17810058593750     -1
kind
     27     
    21600          153139     
        6.25000000000000  
 OBS            172
     290.58232258361375
     288.68138183498002
       1.00000000000000
 171 173 -1
obdef
loc3d
        4.95423295419494              0.68033176843505              3.71636104583740     -1
kind
     27     
    21600          153139     
        6.25000000000000  
 OBS            173
     289.91131162336393
     289.01154829237203
       1.00000000000000
 172 174 -1
obdef
loc3d
        4.94926894458696              0.66642585587446             10.91526031494141     -1
kind
     27     
    21600          153139     
        6.25000000000000  
 OBS            174
     289.97482145959134
     289.10561214608600
       1.00000000000000
 173 175 -1
obdef
loc3d
        4.96223480186848              0.66700036066835              5.00000000000000     -1
kind
     27     
    21600          153139     
        6.25000000000000  
 OBS            175
     288.58194459690077
     288.88641360591998
       1.00000000000000
 174 176 -1
obdef
loc3d
        4.95546148971009              0.67729393735082              6.17724800109863     -1
kind
     27     
    21600          153139     
        6.25000000000000  
 OBS            176
     289.27707434053337
     287.93986351065303
       1.00000000000000
 175 177 -1
obdef
loc3d
        4.92652723985629              0.69051382381431            146.04148864746091     -1
kind
     27     
    21600          153139     
        6.25000000000000  
 OBS            177
     288.95375906057444
     288.84965910519799
       1.00000000000000
 176 178 -1
obdef
loc3d
        4.96366005344362              0.66920346185787              6.00000000000000     -1
kind
     27     
    21600          153139     
        6.25000000000000  
 OBS            178
     287.50923647590918
     288.02383191002298
       1.00000000000000
 177 179 -1
obdef
loc3d
        4.97052949833720              0.66907739847133              8.84140872955322     -1
kind
     27     
    21600          153139     
        6.25000000000000  
 OBS            179
     289.32259084081585
     287.73511377049300
       1.00000000000000
 178 180 -1
obdef
loc3d
        4.93505853489354              0.69035668900909            163.38452148437500     -1
kind
     27     
    21600          153139     
        6.25000000000000  
 OBS            180
     291.28361316217814
     288.96466836449798
       1.00000000000000
 179 181 -1
obdef
loc3d
        4.93979773523841              0.67259214116167             45.00000000000000     -1
kind
     27     
    21600          153139     
        6.25000000000000  
 OBS            181
     286.61042316850296
     287.67960149602800
       1.00000000000000
 180 182 -1
obdef
loc3d
        4.92901815402419              0.68818595396932            126.56063842773440     -1
kind
     27     
    21600          153139     
        6.25000000000000  
 OBS            182
     285.91357427737938
     286.37663394762802
       1.00000000000000
 181 183 -1
obdef
loc3d
        4.92864050752959              0.68988490592333            360.09008789062500     -1
kind
     27     
    21600          153139     
        6.25000000000000  
 OBS            183
     286.48958641154655
     287.38095312610102
       1.00000000000000
 182 184 -1
obdef
loc3d
        4.94071794293451              0.68880476183725            173.77728271484381     -1
kind
     27     
    21600          153139     
        6.25000000000000  
 OBS            184
     288.07015491400722
     288.41534225942502
       1.00000000000000
 183 185 -1
obdef
loc3d
        4.94475069255349              0.67936922784321             17.10044860839844     -1
kind
     27     
    21600          153139     
        6.25000000000000  
 OBS            185
     285.58487016128277
     286.56515731484501
       1.00000000000000
 184 186 -1
obdef
loc3d
        4.93040524362615              0.68956958577383            472.38653564453119     -1
kind
     27     
    21600          153139     
        6.25000000000000  
 OBS            186
     287.70209123721946
     287.83314340329099
       1.00000000000000
 185 187 -1
obdef
loc3d
        4.93438788521233              0.68743777381223            157.39462280273440     -1
kind
     27     
    21600          153139     
        6.25000000000000  
 OBS            187
     287.36608907530547
     286.65498054353299
       1.00000000000000
 186 188 -1
obdef
loc3d
        4.93003537520636              0.69083454089469            382.75677490234381     -1
kind
     27     
    21600          153139     
        6.25000000000000  
 OBS            188
     286.44609793422165
     287.44787544322003
       1.00000000000000
 187 189 -1
obdef
loc3d
        4.94262489165251              0.68702513034102            130.29710388183591     -1
kind
     27     
    21600          153139     
        6.25000000000000  
 OBS            189
     288.39794147958554
     288.11842733566402
       1.00000000000000
 188 190 -1
obdef
loc3d
        4.93100113789334              0.68653549583784             94.66114807128906     -1
kind
     27     
    21600          153139     
        6.25000000000000  
 OBS            190
     289.15753626054743
     288.90523950325297
       1.00000000000000
 189 191 -1
obdef
loc3d
        4.94000002935902              0.67612888350011             59.69976806640625     -1
kind
     27     
    21600          153139     
        6.25000000000000  
 OBS            191
     288.64768368135407
     286.93646881700403
       1.00000000000000
 190 192 -1
obdef
loc3d
        4.94231604692662              0.69077376274482            190.83442687988281     -1
kind
     27     
    21600          153139     
        6.25000000000000  
 OBS            192
     288.16981409073128
     287.77905802055801
       1.00000000000000
 191 193 -1
obdef
loc3d
        4.93554247635603              0.69268257167582            131.09960937500000     -1
kind
     27     
    21600          153139     
        6.25000000000000  
 OBS            193
     287.21240304382502
     287.78093106788702
       1.00000000000000
 192 194 -1
obdef
loc3d
        4.94069913477896              0.68279864123905            131.77731323242190     -1
kind
     27     
    21600          153139     
        6.25000000000000  
 OBS            194
     288.72276079441787
     288.75092589017697
       1.00000000000000
 193 195 -1
obdef
loc3d
        4.94367854378329              0.67420565331297             56.55799865722656     -1
kind
     27     
    21600          153139     
        6.25000000000000  
 OBS            195
     289.30350222557314
     289.09232276799003
       1.00000000000000
 194 196 -1
obdef
loc3d
        4.93814984943932              0.67457436016830             39.55386734008789     -1
kind
     27     
    21600          153139     
        6.25000000000000  
 OBS            196
     287.82493054899334
     288.38000681640398
       1.00000000000000
 195 197 -1
obdef
loc3d
        4.94253566982520              0.68065092526894             48.56933593750000     -1
kind
     27     
    21600          153139     
        6.25000000000000  
 OBS            197
     289.53008919101882
     288.12792363786502
       1.00000000000000
 196 198 -1
obdef
loc3d
        4.93593154408741              0.68080949477360             85.35743713378906     -1
kind
     27     
    21600          153139     
        6.25000000000000  
 OBS            198
     287.42343865645159
     286.63789167316003
       1.00000000000000
 197 199 -1
obdef
loc3d
        4.94758068519446              0.69282395273635            179.51908874511719     -1
kind
     27     
    21600          153139     
        6.25000000000000  
 OBS            199
     290.06668524424003
     289.25354541409399
       1.00000000000000
 198 200 -1
obdef
loc3d
        4.93541634697774              0.67261831698898             21.54207611083984     -1
kind
     27     
    21600          153139     
        6.25000000000000  
 OBS            200
     285.99117964175076
     288.02190677320698
       1.00000000000000
 199 201 -1
obdef
loc3d
        4.93342752395137              0.68533697059699            120.48287200927730     -1
kind
     27     
    21600          153139     
        6.25000000000000  
 OBS            201
     288.99038136745725
     287.69332606910001
       1.00000000000000
 200 202 -1
obdef
loc3d
        4.92811551620144              0.69141391763145            189.00242614746091     -1
kind
     27     
    21600          153139     
        6.25000000000000  
 OBS            202
     289.15022361269104
     288.80327809386802
       1.00000000000000
 201 203 -1
obdef
loc3d
        4.94328780634786              0.67761918906629             21.61136627197266     -1
kind
     27     
    21600          153139     
        6.25000000000000  
 OBS            203
     289.21222637616734
     287.12675522566701
       1.00000000000000
 202 204 -1
obdef
loc3d
        4.93617130041664              0.68578341426755            199.41349792480469     -1
kind
     27     
    21600          153139     
        6.25000000000000  
 OBS            204
     287.62839913770102
     288.23545879600800
       1.00000000000000
 203 205 -1
obdef
loc3d
        4.94488890698391              0.68151038983677             42.34177017211914     -1
kind
     27     
    21600          153139     
        6.25000000000000  
 OBS            205
     289.24499035716258
     288.59241223774200
       1.00000000000000
 204 206 -1
obdef
loc3d
        4.94610769319308              0.67540343249948             44.88281250000000     -1
kind
     27     
    21600          153139     
        6.25000000000000  
 OBS            206
     286.04141270025821
     285.53409641027002
       1.00000000000000
 205 207 -1
obdef
loc3d
        4.93098289428918              0.69278368564599            411.59194946289062     -1
kind
     27     
    21600          153139     
        6.25000000000000  
 OBS            207
     289.25612047230885
     289.08375488511302
       1.00000000000000
 206 208 -1
obdef
loc3d
        4.93746284305807              0.67295620864423             44.45593643188477     -1
kind
     27     
    21600          153139     
        6.25000000000000  
 OBS            208
     288.51247463138333
     287.07465220094502
       1.00000000000000
 207 209 -1
obdef
loc3d
        4.93742549337872              0.68866580079864            241.84100341796881     -1
kind
     27     
    21600          153139     
        6.25000000000000  
 OBS            209
     288.10277524183169
     289.10371586720498
       1.00000000000000
 208 210 -1
obdef
loc3d
        4.94310367286119              0.67063823067780             37.30942153930664     -1
kind
     27     
    21600          153139     
        6.25000000000000  
 OBS            210
     286.22321275673659
     286.70613036295401
       1.00000000000000
 209 211 -1
obdef
loc3d
        4.94312354358950              0.69286317278749            201.84664916992190     -1
kind
     27     
    21600          153139     
        6.25000000000000  
 OBS            211
     286.64904533439670
     287.84348069013299
       1.00000000000000
 210 212 -1
obdef
loc3d
        4.93202293942753              0.69056809921756            124.38476562500000     -1
kind
     27     
    21600          153139     
        6.25000000000000  
 OBS            212
     287.50448414409766
     287.23532671778003
       1.00000000000000
 211 213 -1
obdef
loc3d
        4.93852899085493              0.69282303339671            210.85327148437500     -1
kind
     27     
    21600          153139     
        6.25000000000000  
 OBS            213
     287.94217469617564
     287.38404469841100
       1.00000000000000
 212 214 -1
obdef
loc3d
        4.93925110381924              0.68654477021234            169.40324401855469     -1
kind
     27     
    21600          153139     
        6.25000000000000  
 OBS            214
     288.18522197308221
     287.57063492055102
       1.00000000000000
 213 215 -1
obdef
loc3d
        4.94561300163474              0.69021407942450            101.67103576660161     -1
kind
     27     
    21600          153139     
        6.25000000000000  
 OBS            215
     289.75278562812815
     289.41670665920901
       1.00000000000000
 214 216 -1
obdef
loc3d
        4.94677761419795              0.66921213830349             30.00000000000000     -1
kind
     27     
    21600          153139     
        6.25000000000000  
 OBS            216
     287.46221486876192
     287.13410575157502
       1.00000000000000
 215 217 -1
obdef
loc3d
        4.91464000802058              0.69220313236118            256.98049926757812     -1
kind
     27     
    21600          153139     
        6.25000000000000  
 OBS            217
     285.31299869413209
     287.06060498440002
       1.00000000000000
 216 218 -1
obdef
loc3d
        4.91222840493483              0.69213090540308            311.66015625000000     -1
kind
     27     
    21600          153139     
        6.25000000000000  
 OBS            218
     283.65325892873847
     283.65151257166798
       1.00000000000000
 217 219 -1
obdef
loc3d
        4.90319820253832              0.69077085029214            558.21520996093750     -1
kind
     27     
    21600          153139     
        6.25000000000000  
 OBS            219
     285.71876393404290
     285.77950075061398
       1.00000000000000
 218 220 -1
obdef
loc3d
        4.90548367400941              0.68961427180382            340.45385742187500     -1
kind
     27     
    21600          153139     
        6.25000000000000  
 OBS            220
     284.56834278973133
     284.55785152549697
       1.00000000000000
 219 221 -1
obdef
loc3d
        4.90182808691748              0.69286665451088            711.58941650390625     -1
kind
     27     
    21600          153139     
        6.25000000000000  
 OBS            221
     287.51870447897869
     287.30821038951302
       1.00000000000000
 220 222 -1
obdef
loc3d
        4.92199514385413              0.69211089395115            185.84292602539060     -1
kind
     27     
    21600          153139     
        6.25000000000000  
 OBS            222
     287.63207601363342
     287.17429635805701
       1.00000000000000
 221 223 -1
obdef
loc3d
        4.91709198426003              0.69266703903771            205.88345336914060     -1
kind
     27     
    21600          153139     
        6.25000000000000  
 OBS            223
     285.21343112123560
     286.85789204461798
       1.00000000000000
 222 224 -1
obdef
loc3d
        4.91305125126208              0.69031483822850            320.48217773437500     -1
kind
     27     
    21600          153139     
        6.25000000000000  
 OBS            224
     288.08069254301665
     287.25723856725398
       1.00000000000000
 223 225 -1
obdef
loc3d
        4.90918301095293              0.69233086407935            229.95614624023440     -1
kind
     27     
    21600          153139     
        6.25000000000000  
 OBS            225
     282.19394966861029
     283.66500675282299
       1.00000000000000
 224 -1 -1
obdef
loc3d
        4.90002894620424              0.69031812013417            840.25653076171875     -1
kind
     27     
    21600          153139     
        6.25000000000000  
