 obs_sequence
obs_kind_definitions
       3
    25          LAND_SFC_U_WIND_COMPONENT   
    26          LAND_SFC_V_WIND_COMPONENT   
    27          LAND_SFC_TEMPERATURE   
  num_copies:            2  num_qc:            1
 num_obs:       225  max_num_obs:       225
observations
truth
QC radar
  first:            1  last:       225
 OBS            1
      -1.68360216176100
       0.31946285896493
       1.00000000000000
 -1 2 -1
obdef
loc3d
        4.90540352515539              0.69194112440599            606.33142089843750     -1
kind
     25     
    14400          153964     
       12.25000000000000  
 OBS            2
       1.65151526442780
       0.57300625784440
       1.00000000000000
 1 3 -1
obdef
loc3d
        4.94546412681761              0.68348353984884             17.75631332397461     -1
kind
     25     
    14400          153964     
       12.25000000000000  
 OBS            3
       0.22175065187167
       1.50513224754207
       1.00000000000000
 2 4 -1
obdef
loc3d
        4.94660974174000              0.67744857875853             29.35406684875488     -1
kind
     25     
    14400          153964     
       12.25000000000000  
 OBS            4
      -3.79269235058748
      -0.29939039335646
       1.00000000000000
 3 5 -1
obdef
loc3d
        4.94648126630843              0.68652865419204             54.82812500000000     -1
kind
     25     
    14400          153964     
       12.25000000000000  
 OBS            5
       2.63338977857830
      -0.26758587278863
       1.00000000000000
 4 6 -1
obdef
loc3d
        4.94445426011379              0.68507566758975             62.61011505126953     -1
kind
     25     
    14400          153964     
       12.25000000000000  
 OBS            6
      -3.73624996406736
      -0.68381300260134
       1.00000000000000
 5 7 -1
obdef
loc3d
        4.94602055174578              0.68752162087271            134.15721130371091     -1
kind
     25     
    14400          153964     
       12.25000000000000  
 OBS            7
       1.57870970495128
      -0.35172170889780
       1.00000000000000
 6 8 -1
obdef
loc3d
        4.94603912728501              0.67254511985829             35.00297546386719     -1
kind
     25     
    14400          153964     
       12.25000000000000  
 OBS            8
       2.13977916488143
      -1.79924807110598
       1.00000000000000
 7 9 -1
obdef
loc3d
        4.95877904994953              0.67986585977255             17.04111671447754     -1
kind
     25     
    14400          153964     
       12.25000000000000  
 OBS            9
      -1.62902903312350
      -1.35229571413036
       1.00000000000000
 8 10 -1
obdef
loc3d
        4.93958042817759              0.69095160998657            226.13127136230469     -1
kind
     25     
    14400          153964     
       12.25000000000000  
 OBS            10
      -5.86262636413426
      -0.11122535299528
       1.00000000000000
 9 11 -1
obdef
loc3d
        4.95756313665553              0.69181797222864             89.84997558593750     -1
kind
     25     
    14400          153964     
       12.25000000000000  
 OBS            11
      -1.45373876470506
       0.30697407431746
       1.00000000000000
 10 12 -1
obdef
loc3d
        4.94078657111844              0.67409210989409             60.81152343750000     -1
kind
     25     
    14400          153964     
       12.25000000000000  
 OBS            12
      -5.87791379818610
      -1.32654921220706
       1.00000000000000
 11 13 -1
obdef
loc3d
        4.95557846691255              0.67267262139613              1.00000000000000     -1
kind
     25     
    14400          153964     
       12.25000000000000  
 OBS            13
       1.83024780726190
      -0.06228705455898
       1.00000000000000
 12 14 -1
obdef
loc3d
        4.93193348448080              0.68856418981073            106.00000000000000     -1
kind
     25     
    14400          153964     
       12.25000000000000  
 OBS            14
       4.33059919574062
       1.09540746518236
       1.00000000000000
 13 15 -1
obdef
loc3d
        4.89970838141578              0.68765245249877            785.09423828125000     -1
kind
     25     
    14400          153964     
       12.25000000000000  
 OBS            15
       5.15237297904721
       0.44086750471994
       1.00000000000000
 14 16 -1
obdef
loc3d
        4.95026814558372              0.68993059237416             93.11567687988281     -1
kind
     25     
    14400          153964     
       12.25000000000000  
 OBS            16
       1.92837662686800
      -0.31210656776614
       1.00000000000000
 15 17 -1
obdef
loc3d
        4.94174512165160              0.68484635226999            116.56585693359381     -1
kind
     25     
    14400          153964     
       12.25000000000000  
 OBS            17
      -0.60646262688674
       1.23641260356395
       1.00000000000000
 16 18 -1
obdef
loc3d
        4.95420735021482              0.68473663912788             15.00000000000000     -1
kind
     25     
    14400          153964     
       12.25000000000000  
 OBS            18
      -2.02892028561375
      -2.83595587689303
       1.00000000000000
 17 19 -1
obdef
loc3d
        4.93477042118681              0.68310638816012            118.89588928222661     -1
kind
     25     
    14400          153964     
       12.25000000000000  
 OBS            19
      -4.87444086871511
      -1.30039031348351
       1.00000000000000
 18 20 -1
obdef
loc3d
        4.93795631029682              0.68276407673392            144.94107055664060     -1
kind
     25     
    14400          153964     
       12.25000000000000  
 OBS            20
       3.67790504934395
      -0.57629928575572
       1.00000000000000
 19 21 -1
obdef
loc3d
        4.94001671685736              0.68064929967652             43.67281723022461     -1
kind
     25     
    14400          153964     
       12.25000000000000  
 OBS            21
      -1.03765143387506
      -0.28998865387373
       1.00000000000000
 20 22 -1
obdef
loc3d
        4.94058460161740              0.67807181314514             70.17810058593750     -1
kind
     25     
    14400          153964     
       12.25000000000000  
 OBS            22
       1.08677684066675
      -1.04531882808920
       1.00000000000000
 21 23 -1
obdef
loc3d
        4.95423295419494              0.68033176843505              3.71636104583740     -1
kind
     25     
    14400          153964     
       12.25000000000000  
 OBS            23
      -0.89368878664312
       0.88062763088377
       1.00000000000000
 22 24 -1
obdef
loc3d
        4.94926894458696              0.66642585587446             10.91526031494141     -1
kind
     25     
    14400          153964     
       12.25000000000000  
 OBS            24
      -4.16641334692974
      -1.27331126633708
       1.00000000000000
 23 25 -1
obdef
loc3d
        4.96223480186848              0.66700036066835              5.00000000000000     -1
kind
     25     
    14400          153964     
       12.25000000000000  
 OBS            25
       0.11331212122312
      -1.41184060040895
       1.00000000000000
 24 26 -1
obdef
loc3d
        4.95546148971009              0.67729393735082              6.17724800109863     -1
kind
     25     
    14400          153964     
       12.25000000000000  
 OBS            26
      -0.93777757847219
       0.07160060608743
       1.00000000000000
 25 27 -1
obdef
loc3d
        4.92652723985629              0.69051382381431            146.04148864746091     -1
kind
     25     
    14400          153964     
       12.25000000000000  
 OBS            27
       2.08149224864533
      -1.39697469046395
       1.00000000000000
 26 28 -1
obdef
loc3d
        4.96366005344362              0.66920346185787              6.00000000000000     -1
kind
     25     
    14400          153964     
       12.25000000000000  
 OBS            28
      -7.54168860550634
      -2.23157770149363
       1.00000000000000
 27 29 -1
obdef
loc3d
        4.97052949833720              0.66907739847133              8.84140872955322     -1
kind
     25     
    14400          153964     
       12.25000000000000  
 OBS            29
      -6.91259366086352
      -2.05946107080069
       1.00000000000000
 28 30 -1
obdef
loc3d
        4.93505853489354              0.69035668900909            163.38452148437500     -1
kind
     25     
    14400          153964     
       12.25000000000000  
 OBS            30
      -3.37806088274910
      -0.93413978424311
       1.00000000000000
 29 31 -1
obdef
loc3d
        4.93979773523841              0.67259214116167             45.00000000000000     -1
kind
     25     
    14400          153964     
       12.25000000000000  
 OBS            31
       3.07241810667265
      -0.65910963341629
       1.00000000000000
 30 32 -1
obdef
loc3d
        4.92901815402419              0.68818595396932            126.56063842773440     -1
kind
     25     
    14400          153964     
       12.25000000000000  
 OBS            32
      -7.12232355341422
      -3.32315806223490
       1.00000000000000
 31 33 -1
obdef
loc3d
        4.92864050752959              0.68988490592333            360.09008789062500     -1
kind
     25     
    14400          153964     
       12.25000000000000  
 OBS            33
      -4.25807941078204
      -0.66333250745772
       1.00000000000000
 32 34 -1
obdef
loc3d
        4.94071794293451              0.68880476183725            173.77728271484381     -1
kind
     25     
    14400          153964     
       12.25000000000000  
 OBS            34
      -2.89543114500869
       1.01127972138455
       1.00000000000000
 33 35 -1
obdef
loc3d
        4.94475069255349              0.67936922784321             17.10044860839844     -1
kind
     25     
    14400          153964     
       12.25000000000000  
 OBS            35
      -6.03512778016372
      -3.98823408522167
       1.00000000000000
 34 36 -1
obdef
loc3d
        4.93040524362615              0.68956958577383            472.38653564453119     -1
kind
     25     
    14400          153964     
       12.25000000000000  
 OBS            36
      -1.03631772979417
      -1.76953897412706
       1.00000000000000
 35 37 -1
obdef
loc3d
        4.93438788521233              0.68743777381223            157.39462280273440     -1
kind
     25     
    14400          153964     
       12.25000000000000  
 OBS            37
      -4.66357592375522
      -1.55632307316368
       1.00000000000000
 36 38 -1
obdef
loc3d
        4.93003537520636              0.69083454089469            382.75677490234381     -1
kind
     25     
    14400          153964     
       12.25000000000000  
 OBS            38
       2.42124372023410
      -1.06336990198597
       1.00000000000000
 37 39 -1
obdef
loc3d
        4.94262489165251              0.68702513034102            130.29710388183591     -1
kind
     25     
    14400          153964     
       12.25000000000000  
 OBS            39
      -4.00675457940335
      -1.23136757636870
       1.00000000000000
 38 40 -1
obdef
loc3d
        4.93100113789334              0.68653549583784             94.66114807128906     -1
kind
     25     
    14400          153964     
       12.25000000000000  
 OBS            40
      -3.47776110744998
      -0.75036237889242
       1.00000000000000
 39 41 -1
obdef
loc3d
        4.94000002935902              0.67612888350011             59.69976806640625     -1
kind
     25     
    14400          153964     
       12.25000000000000  
 OBS            41
      -0.00995064586607
       1.26186900446526
       1.00000000000000
 40 42 -1
obdef
loc3d
        4.94231604692662              0.69077376274482            190.83442687988281     -1
kind
     25     
    14400          153964     
       12.25000000000000  
 OBS            42
      -1.41375168790834
      -2.59450437420837
       1.00000000000000
 41 43 -1
obdef
loc3d
        4.93554247635603              0.69268257167582            131.09960937500000     -1
kind
     25     
    14400          153964     
       12.25000000000000  
 OBS            43
       1.59127872994561
      -0.64958202500993
       1.00000000000000
 42 44 -1
obdef
loc3d
        4.94069913477896              0.68279864123905            131.77731323242190     -1
kind
     25     
    14400          153964     
       12.25000000000000  
 OBS            44
       0.98925352369185
       1.76594589284027
       1.00000000000000
 43 45 -1
obdef
loc3d
        4.94367854378329              0.67420565331297             56.55799865722656     -1
kind
     25     
    14400          153964     
       12.25000000000000  
 OBS            45
      -4.95169018678027
      -1.35280951292176
       1.00000000000000
 44 46 -1
obdef
loc3d
        4.93814984943932              0.67457436016830             39.55386734008789     -1
kind
     25     
    14400          153964     
       12.25000000000000  
 OBS            46
      -3.15086175235556
       0.52183616325126
       1.00000000000000
 45 47 -1
obdef
loc3d
        4.94253566982520              0.68065092526894             48.56933593750000     -1
kind
     25     
    14400          153964     
       12.25000000000000  
 OBS            47
      -6.63263589921129
      -2.22690103150363
       1.00000000000000
 46 48 -1
obdef
loc3d
        4.93593154408741              0.68080949477360             85.35743713378906     -1
kind
     25     
    14400          153964     
       12.25000000000000  
 OBS            48
      -1.48896631628970
       0.24061545086920
       1.00000000000000
 47 49 -1
obdef
loc3d
        4.94758068519446              0.69282395273635            179.51908874511719     -1
kind
     25     
    14400          153964     
       12.25000000000000  
 OBS            49
      -3.26763760301636
      -1.07871571804973
       1.00000000000000
 48 50 -1
obdef
loc3d
        4.93541634697774              0.67261831698898             21.54207611083984     -1
kind
     25     
    14400          153964     
       12.25000000000000  
 OBS            50
      -5.66753440902168
      -3.22525607419577
       1.00000000000000
 49 51 -1
obdef
loc3d
        4.93342752395137              0.68533697059699            120.48287200927730     -1
kind
     25     
    14400          153964     
       12.25000000000000  
 OBS            51
       0.19587458369400
       2.02586692732470
       1.00000000000000
 50 52 -1
obdef
loc3d
        4.92811551620144              0.69141391763145            189.00242614746091     -1
kind
     25     
    14400          153964     
       12.25000000000000  
 OBS            52
       2.36747454461600
       1.61352629640741
       1.00000000000000
 51 53 -1
obdef
loc3d
        4.94328780634786              0.67761918906629             21.61136627197266     -1
kind
     25     
    14400          153964     
       12.25000000000000  
 OBS            53
      -4.04775099826127
      -2.04854114923545
       1.00000000000000
 52 54 -1
obdef
loc3d
        4.93617130041664              0.68578341426755            199.41349792480469     -1
kind
     25     
    14400          153964     
       12.25000000000000  
 OBS            54
       2.34669520105236
       0.21415362291954
       1.00000000000000
 53 55 -1
obdef
loc3d
        4.94488890698391              0.68151038983677             42.34177017211914     -1
kind
     25     
    14400          153964     
       12.25000000000000  
 OBS            55
      -2.90647485375867
       1.11294915801232
       1.00000000000000
 54 56 -1
obdef
loc3d
        4.94610769319308              0.67540343249948             44.88281250000000     -1
kind
     25     
    14400          153964     
       12.25000000000000  
 OBS            56
      -3.38381502796214
      -1.69826482775341
       1.00000000000000
 55 57 -1
obdef
loc3d
        4.93098289428918              0.69278368564599            411.59194946289062     -1
kind
     25     
    14400          153964     
       12.25000000000000  
 OBS            57
       0.69833051445264
      -0.86348651223346
       1.00000000000000
 56 58 -1
obdef
loc3d
        4.93746284305807              0.67295620864423             44.45593643188477     -1
kind
     25     
    14400          153964     
       12.25000000000000  
 OBS            58
      -0.85889177540156
      -1.92654013462565
       1.00000000000000
 57 59 -1
obdef
loc3d
        4.93742549337872              0.68866580079864            241.84100341796881     -1
kind
     25     
    14400          153964     
       12.25000000000000  
 OBS            59
      -1.13683068499842
       0.19507761239585
       1.00000000000000
 58 60 -1
obdef
loc3d
        4.94310367286119              0.67063823067780             37.30942153930664     -1
kind
     25     
    14400          153964     
       12.25000000000000  
 OBS            60
       0.77007473290145
       1.46948256608134
       1.00000000000000
 59 61 -1
obdef
loc3d
        4.94312354358950              0.69286317278749            201.84664916992190     -1
kind
     25     
    14400          153964     
       12.25000000000000  
 OBS            61
       0.78508682541809
      -0.29939992093105
       1.00000000000000
 60 62 -1
obdef
loc3d
        4.93202293942753              0.69056809921756            124.38476562500000     -1
kind
     25     
    14400          153964     
       12.25000000000000  
 OBS            62
       2.23901607680392
      -2.83383682010446
       1.00000000000000
 61 63 -1
obdef
loc3d
        4.93852899085493              0.69282303339671            210.85327148437500     -1
kind
     25     
    14400          153964     
       12.25000000000000  
 OBS            63
       0.21692679004554
      -1.33915331116474
       1.00000000000000
 62 64 -1
obdef
loc3d
        4.93925110381924              0.68654477021234            169.40324401855469     -1
kind
     25     
    14400          153964     
       12.25000000000000  
 OBS            64
       0.77599893334106
       0.97069981129673
       1.00000000000000
 63 65 -1
obdef
loc3d
        4.94561300163474              0.69021407942450            101.67103576660161     -1
kind
     25     
    14400          153964     
       12.25000000000000  
 OBS            65
      -3.68622453378952
       0.18060371001288
       1.00000000000000
 64 66 -1
obdef
loc3d
        4.94677761419795              0.66921213830349             30.00000000000000     -1
kind
     25     
    14400          153964     
       12.25000000000000  
 OBS            66
      -2.69955063397410
      -1.43126699987570
       1.00000000000000
 65 67 -1
obdef
loc3d
        4.91464000802058              0.69220313236118            256.98049926757812     -1
kind
     25     
    14400          153964     
       12.25000000000000  
 OBS            67
      -0.55758089494179
      -1.57639627950760
       1.00000000000000
 66 68 -1
obdef
loc3d
        4.91222840493483              0.69213090540308            311.66015625000000     -1
kind
     25     
    14400          153964     
       12.25000000000000  
 OBS            68
       1.41961226107463
       1.01113869664057
       1.00000000000000
 67 69 -1
obdef
loc3d
        4.90319820253832              0.69077085029214            558.21520996093750     -1
kind
     25     
    14400          153964     
       12.25000000000000  
 OBS            69
       2.77234028527174
       0.72849207305084
       1.00000000000000
 68 70 -1
obdef
loc3d
        4.90548367400941              0.68961427180382            340.45385742187500     -1
kind
     25     
    14400          153964     
       12.25000000000000  
 OBS            70
       0.87173221648951
       0.54477013438462
       1.00000000000000
 69 71 -1
obdef
loc3d
        4.90182808691748              0.69286665451088            711.58941650390625     -1
kind
     25     
    14400          153964     
       12.25000000000000  
 OBS            71
      -2.89427806736136
      -2.25902001326605
       1.00000000000000
 70 72 -1
obdef
loc3d
        4.92199514385413              0.69211089395115            185.84292602539060     -1
kind
     25     
    14400          153964     
       12.25000000000000  
 OBS            72
      -3.23947004470467
       1.47311513252753
       1.00000000000000
 71 73 -1
obdef
loc3d
        4.91709198426003              0.69266703903771            205.88345336914060     -1
kind
     25     
    14400          153964     
       12.25000000000000  
 OBS            73
      -2.50942875061593
      -1.79652500262448
       1.00000000000000
 72 74 -1
obdef
loc3d
        4.91305125126208              0.69031483822850            320.48217773437500     -1
kind
     25     
    14400          153964     
       12.25000000000000  
 OBS            74
       2.47366300995801
       0.47768962372139
       1.00000000000000
 73 75 -1
obdef
loc3d
        4.90918301095293              0.69233086407935            229.95614624023440     -1
kind
     25     
    14400          153964     
       12.25000000000000  
 OBS            75
       1.93604165858519
       1.25445312708967
       1.00000000000000
 74 76 -1
obdef
loc3d
        4.90002894620424              0.69031812013417            840.25653076171875     -1
kind
     25     
    14400          153964     
       12.25000000000000  
 OBS            76
      -0.38367958583130
       0.55351109109301
       1.00000000000000
 75 77 -1
obdef
loc3d
        4.90540352515539              0.69194112440599            606.33142089843750     -1
kind
     26     
    14400          153964     
       12.25000000000000  
 OBS            77
      -3.43218007091580
       0.50819533797362
       1.00000000000000
 76 78 -1
obdef
loc3d
        4.94546412681761              0.68348353984884             17.75631332397461     -1
kind
     26     
    14400          153964     
       12.25000000000000  
 OBS            78
      -0.87268313812963
       0.55336268312928
       1.00000000000000
 77 79 -1
obdef
loc3d
        4.94660974174000              0.67744857875853             29.35406684875488     -1
kind
     26     
    14400          153964     
       12.25000000000000  
 OBS            79
       1.46719967176474
       1.66713416523408
       1.00000000000000
 78 80 -1
obdef
loc3d
        4.94648126630843              0.68652865419204             54.82812500000000     -1
kind
     26     
    14400          153964     
       12.25000000000000  
 OBS            80
      -2.24807648410512
       0.69992536914615
       1.00000000000000
 79 81 -1
obdef
loc3d
        4.94445426011379              0.68507566758975             62.61011505126953     -1
kind
     26     
    14400          153964     
       12.25000000000000  
 OBS            81
       6.19609239219462
       2.85260184965140
       1.00000000000000
 80 82 -1
obdef
loc3d
        4.94602055174578              0.68752162087271            134.15721130371091     -1
kind
     26     
    14400          153964     
       12.25000000000000  
 OBS            82
       5.83416324830789
       1.64957533705634
       1.00000000000000
 81 83 -1
obdef
loc3d
        4.94603912728501              0.67254511985829             35.00297546386719     -1
kind
     26     
    14400          153964     
       12.25000000000000  
 OBS            83
       1.96328470234099
       3.34658853314903
       1.00000000000000
 82 84 -1
obdef
loc3d
        4.95877904994953              0.67986585977255             17.04111671447754     -1
kind
     26     
    14400          153964     
       12.25000000000000  
 OBS            84
      -0.15817093683943
       1.54942530770924
       1.00000000000000
 83 85 -1
obdef
loc3d
        4.93958042817759              0.69095160998657            226.13127136230469     -1
kind
     26     
    14400          153964     
       12.25000000000000  
 OBS            85
      -2.22094882673811
       0.85193396680665
       1.00000000000000
 84 86 -1
obdef
loc3d
        4.95756313665553              0.69181797222864             89.84997558593750     -1
kind
     26     
    14400          153964     
       12.25000000000000  
 OBS            86
      -1.66593396638109
      -1.76473702293138
       1.00000000000000
 85 87 -1
obdef
loc3d
        4.94078657111844              0.67409210989409             60.81152343750000     -1
kind
     26     
    14400          153964     
       12.25000000000000  
 OBS            87
       1.84238461084664
       2.78667254288299
       1.00000000000000
 86 88 -1
obdef
loc3d
        4.95557846691255              0.67267262139613              1.00000000000000     -1
kind
     26     
    14400          153964     
       12.25000000000000  
 OBS            88
       1.74859004941489
      -0.76894082815055
       1.00000000000000
 87 89 -1
obdef
loc3d
        4.93193348448080              0.68856418981073            106.00000000000000     -1
kind
     26     
    14400          153964     
       12.25000000000000  
 OBS            89
      -0.43064295521850
      -1.71363701208773
       1.00000000000000
 88 90 -1
obdef
loc3d
        4.89970838141578              0.68765245249877            785.09423828125000     -1
kind
     26     
    14400          153964     
       12.25000000000000  
 OBS            90
       0.91864523275368
       1.59458881409408
       1.00000000000000
 89 91 -1
obdef
loc3d
        4.95026814558372              0.68993059237416             93.11567687988281     -1
kind
     26     
    14400          153964     
       12.25000000000000  
 OBS            91
       2.85083360418436
       2.23505360144799
       1.00000000000000
 90 92 -1
obdef
loc3d
        4.94174512165160              0.68484635226999            116.56585693359381     -1
kind
     26     
    14400          153964     
       12.25000000000000  
 OBS            92
      -4.73144749199064
       1.12604892547983
       1.00000000000000
 91 93 -1
obdef
loc3d
        4.95420735021482              0.68473663912788             15.00000000000000     -1
kind
     26     
    14400          153964     
       12.25000000000000  
 OBS            93
       1.26858798542995
       2.00401139828436
       1.00000000000000
 92 94 -1
obdef
loc3d
        4.93477042118681              0.68310638816012            118.89588928222661     -1
kind
     26     
    14400          153964     
       12.25000000000000  
 OBS            94
      -0.79629766278761
       1.60119472800429
       1.00000000000000
 93 95 -1
obdef
loc3d
        4.93795631029682              0.68276407673392            144.94107055664060     -1
kind
     26     
    14400          153964     
       12.25000000000000  
 OBS            95
      -0.73265010524252
       0.19587538818795
       1.00000000000000
 94 96 -1
obdef
loc3d
        4.94001671685736              0.68064929967652             43.67281723022461     -1
kind
     26     
    14400          153964     
       12.25000000000000  
 OBS            96
      -1.90220612617598
      -1.15483318923268
       1.00000000000000
 95 97 -1
obdef
loc3d
        4.94058460161740              0.67807181314514             70.17810058593750     -1
kind
     26     
    14400          153964     
       12.25000000000000  
 OBS            97
       6.19101176248183
       2.62762674577786
       1.00000000000000
 96 98 -1
obdef
loc3d
        4.95423295419494              0.68033176843505              3.71636104583740     -1
kind
     26     
    14400          153964     
       12.25000000000000  
 OBS            98
       0.95676223421446
       2.71922611748392
       1.00000000000000
 97 99 -1
obdef
loc3d
        4.94926894458696              0.66642585587446             10.91526031494141     -1
kind
     26     
    14400          153964     
       12.25000000000000  
 OBS            99
       1.91386209711288
       2.09950779330966
       1.00000000000000
 98 100 -1
obdef
loc3d
        4.96223480186848              0.66700036066835              5.00000000000000     -1
kind
     26     
    14400          153964     
       12.25000000000000  
 OBS            100
       1.68949716003217
       3.14325195374913
       1.00000000000000
 99 101 -1
obdef
loc3d
        4.95546148971009              0.67729393735082              6.17724800109863     -1
kind
     26     
    14400          153964     
       12.25000000000000  
 OBS            101
      -0.38981439071566
       0.29676709727127
       1.00000000000000
 100 102 -1
obdef
loc3d
        4.92652723985629              0.69051382381431            146.04148864746091     -1
kind
     26     
    14400          153964     
       12.25000000000000  
 OBS            102
      -0.98658576943348
       2.02947400214279
       1.00000000000000
 101 103 -1
obdef
loc3d
        4.96366005344362              0.66920346185787              6.00000000000000     -1
kind
     26     
    14400          153964     
       12.25000000000000  
 OBS            103
       7.68904319620492
       2.83178602480619
       1.00000000000000
 102 104 -1
obdef
loc3d
        4.97052949833720              0.66907739847133              8.84140872955322     -1
kind
     26     
    14400          153964     
       12.25000000000000  
 OBS            104
       2.69119097618938
       2.06221194698469
       1.00000000000000
 103 105 -1
obdef
loc3d
        4.93505853489354              0.69035668900909            163.38452148437500     -1
kind
     26     
    14400          153964     
       12.25000000000000  
 OBS            105
       1.44650493857323
      -0.21839381658742
       1.00000000000000
 104 106 -1
obdef
loc3d
        4.93979773523841              0.67259214116167             45.00000000000000     -1
kind
     26     
    14400          153964     
       12.25000000000000  
 OBS            106
       0.89141288521182
       0.84729073947123
       1.00000000000000
 105 107 -1
obdef
loc3d
        4.92901815402419              0.68818595396932            126.56063842773440     -1
kind
     26     
    14400          153964     
       12.25000000000000  
 OBS            107
       2.85237850479354
       1.91295730382300
       1.00000000000000
 106 108 -1
obdef
loc3d
        4.92864050752959              0.68988490592333            360.09008789062500     -1
kind
     26     
    14400          153964     
       12.25000000000000  
 OBS            108
       5.76425747934609
       1.69782647534305
       1.00000000000000
 107 109 -1
obdef
loc3d
        4.94071794293451              0.68880476183725            173.77728271484381     -1
kind
     26     
    14400          153964     
       12.25000000000000  
 OBS            109
      -1.22862554907518
      -0.67844779406197
       1.00000000000000
 108 110 -1
obdef
loc3d
        4.94475069255349              0.67936922784321             17.10044860839844     -1
kind
     26     
    14400          153964     
       12.25000000000000  
 OBS            110
       1.14073650316798
       2.69221498021514
       1.00000000000000
 109 111 -1
obdef
loc3d
        4.93040524362615              0.68956958577383            472.38653564453119     -1
kind
     26     
    14400          153964     
       12.25000000000000  
 OBS            111
       2.55462868152822
       3.12398144818561
       1.00000000000000
 110 112 -1
obdef
loc3d
        4.93438788521233              0.68743777381223            157.39462280273440     -1
kind
     26     
    14400          153964     
       12.25000000000000  
 OBS            112
      -3.42868907265245
       1.46813389840649
       1.00000000000000
 111 113 -1
obdef
loc3d
        4.93003537520636              0.69083454089469            382.75677490234381     -1
kind
     26     
    14400          153964     
       12.25000000000000  
 OBS            113
       1.48826282989039
       1.66906624272429
       1.00000000000000
 112 114 -1
obdef
loc3d
        4.94262489165251              0.68702513034102            130.29710388183591     -1
kind
     26     
    14400          153964     
       12.25000000000000  
 OBS            114
       1.38689180935363
       1.72948138401375
       1.00000000000000
 113 115 -1
obdef
loc3d
        4.93100113789334              0.68653549583784             94.66114807128906     -1
kind
     26     
    14400          153964     
       12.25000000000000  
 OBS            115
       1.02656207105810
      -1.63657858148155
       1.00000000000000
 114 116 -1
obdef
loc3d
        4.94000002935902              0.67612888350011             59.69976806640625     -1
kind
     26     
    14400          153964     
       12.25000000000000  
 OBS            116
       0.92376757589307
      -0.04206650935859
       1.00000000000000
 115 117 -1
obdef
loc3d
        4.94231604692662              0.69077376274482            190.83442687988281     -1
kind
     26     
    14400          153964     
       12.25000000000000  
 OBS            117
      -0.99814435791891
       2.99995212689426
       1.00000000000000
 116 118 -1
obdef
loc3d
        4.93554247635603              0.69268257167582            131.09960937500000     -1
kind
     26     
    14400          153964     
       12.25000000000000  
 OBS            118
      -1.08905415783180
       0.82136439407800
       1.00000000000000
 117 119 -1
obdef
loc3d
        4.94069913477896              0.68279864123905            131.77731323242190     -1
kind
     26     
    14400          153964     
       12.25000000000000  
 OBS            119
      -7.35208446749403
      -0.85444598286489
       1.00000000000000
 118 120 -1
obdef
loc3d
        4.94367854378329              0.67420565331297             56.55799865722656     -1
kind
     26     
    14400          153964     
       12.25000000000000  
 OBS            120
      -2.38746497267635
      -0.47389268059335
       1.00000000000000
 119 121 -1
obdef
loc3d
        4.93814984943932              0.67457436016830             39.55386734008789     -1
kind
     26     
    14400          153964     
       12.25000000000000  
 OBS            121
       1.77412015706199
      -0.85031945648458
       1.00000000000000
 120 122 -1
obdef
loc3d
        4.94253566982520              0.68065092526894             48.56933593750000     -1
kind
     26     
    14400          153964     
       12.25000000000000  
 OBS            122
       1.56038191274136
       0.48575008608877
       1.00000000000000
 121 123 -1
obdef
loc3d
        4.93593154408741              0.68080949477360             85.35743713378906     -1
kind
     26     
    14400          153964     
       12.25000000000000  
 OBS            123
      -6.23785426604007
       1.34204166068408
       1.00000000000000
 122 124 -1
obdef
loc3d
        4.94758068519446              0.69282395273635            179.51908874511719     -1
kind
     26     
    14400          153964     
       12.25000000000000  
 OBS            124
      -1.41790024603414
      -1.25232090287907
       1.00000000000000
 123 125 -1
obdef
loc3d
        4.93541634697774              0.67261831698898             21.54207611083984     -1
kind
     26     
    14400          153964     
       12.25000000000000  
 OBS            125
       2.08085457112987
       3.41990909232286
       1.00000000000000
 124 126 -1
obdef
loc3d
        4.93342752395137              0.68533697059699            120.48287200927730     -1
kind
     26     
    14400          153964     
       12.25000000000000  
 OBS            126
       1.17102520408928
       0.20005654537345
       1.00000000000000
 125 127 -1
obdef
loc3d
        4.92811551620144              0.69141391763145            189.00242614746091     -1
kind
     26     
    14400          153964     
       12.25000000000000  
 OBS            127
      -3.25684354434418
      -1.56618189105225
       1.00000000000000
 126 128 -1
obdef
loc3d
        4.94328780634786              0.67761918906629             21.61136627197266     -1
kind
     26     
    14400          153964     
       12.25000000000000  
 OBS            128
       4.37162389074488
       3.37429896404154
       1.00000000000000
 127 129 -1
obdef
loc3d
        4.93617130041664              0.68578341426755            199.41349792480469     -1
kind
     26     
    14400          153964     
       12.25000000000000  
 OBS            129
      -0.85499054991353
       0.15201045766076
       1.00000000000000
 128 130 -1
obdef
loc3d
        4.94488890698391              0.68151038983677             42.34177017211914     -1
kind
     26     
    14400          153964     
       12.25000000000000  
 OBS            130
      -2.46493878556918
      -0.62165257370078
       1.00000000000000
 129 131 -1
obdef
loc3d
        4.94610769319308              0.67540343249948             44.88281250000000     -1
kind
     26     
    14400          153964     
       12.25000000000000  
 OBS            131
      -0.58618520066157
       2.16042985252435
       1.00000000000000
 130 132 -1
obdef
loc3d
        4.93098289428918              0.69278368564599            411.59194946289062     -1
kind
     26     
    14400          153964     
       12.25000000000000  
 OBS            132
      -4.53319513887020
      -1.14755691218399
       1.00000000000000
 131 133 -1
obdef
loc3d
        4.93746284305807              0.67295620864423             44.45593643188477     -1
kind
     26     
    14400          153964     
       12.25000000000000  
 OBS            133
      -0.22728267934339
       2.93050847166027
       1.00000000000000
 132 134 -1
obdef
loc3d
        4.93742549337872              0.68866580079864            241.84100341796881     -1
kind
     26     
    14400          153964     
       12.25000000000000  
 OBS            134
       2.24463352864307
       2.34024190663187
       1.00000000000000
 133 135 -1
obdef
loc3d
        4.94310367286119              0.67063823067780             37.30942153930664     -1
kind
     26     
    14400          153964     
       12.25000000000000  
 OBS            135
       2.96883914657823
       2.70146293640246
       1.00000000000000
 134 136 -1
obdef
loc3d
        4.94312354358950              0.69286317278749            201.84664916992190     -1
kind
     26     
    14400          153964     
       12.25000000000000  
 OBS            136
      -1.20104245871690
      -0.47912044340863
       1.00000000000000
 135 137 -1
obdef
loc3d
        4.93202293942753              0.69056809921756            124.38476562500000     -1
kind
     26     
    14400          153964     
       12.25000000000000  
 OBS            137
       2.71702827245435
       2.93829350788672
       1.00000000000000
 136 138 -1
obdef
loc3d
        4.93852899085493              0.69282303339671            210.85327148437500     -1
kind
     26     
    14400          153964     
       12.25000000000000  
 OBS            138
       3.51015072585215
       3.20341118871113
       1.00000000000000
 137 139 -1
obdef
loc3d
        4.93925110381924              0.68654477021234            169.40324401855469     -1
kind
     26     
    14400          153964     
       12.25000000000000  
 OBS            139
       3.43684645275360
       1.19171155362915
       1.00000000000000
 138 140 -1
obdef
loc3d
        4.94561300163474              0.69021407942450            101.67103576660161     -1
kind
     26     
    14400          153964     
       12.25000000000000  
 OBS            140
       2.46802041437965
       2.37736780880732
       1.00000000000000
 139 141 -1
obdef
loc3d
        4.94677761419795              0.66921213830349             30.00000000000000     -1
kind
     26     
    14400          153964     
       12.25000000000000  
 OBS            141
       1.19966746291229
      -0.01388743222506
       1.00000000000000
 140 142 -1
obdef
loc3d
        4.91464000802058              0.69220313236118            256.98049926757812     -1
kind
     26     
    14400          153964     
       12.25000000000000  
 OBS            142
      -1.74891081751995
       0.82084060472255
       1.00000000000000
 141 143 -1
obdef
loc3d
        4.91222840493483              0.69213090540308            311.66015625000000     -1
kind
     26     
    14400          153964     
       12.25000000000000  
 OBS            143
      -2.68158958910302
      -0.25979654628531
       1.00000000000000
 142 144 -1
obdef
loc3d
        4.90319820253832              0.69077085029214            558.21520996093750     -1
kind
     26     
    14400          153964     
       12.25000000000000  
 OBS            144
      -4.33537059901465
      -0.67013366582527
       1.00000000000000
 143 145 -1
obdef
loc3d
        4.90548367400941              0.68961427180382            340.45385742187500     -1
kind
     26     
    14400          153964     
       12.25000000000000  
 OBS            145
      -0.36731968295620
       1.06649032336544
       1.00000000000000
 144 146 -1
obdef
loc3d
        4.90182808691748              0.69286665451088            711.58941650390625     -1
kind
     26     
    14400          153964     
       12.25000000000000  
 OBS            146
       3.80424992172162
       1.08809245801673
       1.00000000000000
 145 147 -1
obdef
loc3d
        4.92199514385413              0.69211089395115            185.84292602539060     -1
kind
     26     
    14400          153964     
       12.25000000000000  
 OBS            147
       1.98855498834410
       1.92353328014017
       1.00000000000000
 146 148 -1
obdef
loc3d
        4.91709198426003              0.69266703903771            205.88345336914060     -1
kind
     26     
    14400          153964     
       12.25000000000000  
 OBS            148
       0.51329118923103
       0.25267011699379
       1.00000000000000
 147 149 -1
obdef
loc3d
        4.91305125126208              0.69031483822850            320.48217773437500     -1
kind
     26     
    14400          153964     
       12.25000000000000  
 OBS            149
      -1.06603902400992
      -1.15567100819751
       1.00000000000000
 148 150 -1
obdef
loc3d
        4.90918301095293              0.69233086407935            229.95614624023440     -1
kind
     26     
    14400          153964     
       12.25000000000000  
 OBS            150
       1.42156365223408
       0.39044364385251
       1.00000000000000
 149 151 -1
obdef
loc3d
        4.90002894620424              0.69031812013417            840.25653076171875     -1
kind
     26     
    14400          153964     
       12.25000000000000  
 OBS            151
     294.45106860002028
     293.70586630340000
       1.00000000000000
 150 152 -1
obdef
loc3d
        4.90540352515539              0.69194112440599            606.33142089843750     -1
kind
     27     
    14400          153964     
        6.25000000000000  
 OBS            152
     295.16678556661532
     296.41653604823699
       1.00000000000000
 151 153 -1
obdef
loc3d
        4.94546412681761              0.68348353984884             17.75631332397461     -1
kind
     27     
    14400          153964     
        6.25000000000000  
 OBS            153
     296.43787517782641
     297.17919606726502
       1.00000000000000
 152 154 -1
obdef
loc3d
        4.94660974174000              0.67744857875853             29.35406684875488     -1
kind
     27     
    14400          153964     
        6.25000000000000  
 OBS            154
     295.50482194060379
     296.50291527998297
       1.00000000000000
 153 155 -1
obdef
loc3d
        4.94648126630843              0.68652865419204             54.82812500000000     -1
kind
     27     
    14400          153964     
        6.25000000000000  
 OBS            155
     295.41660208155577
     296.73718831256201
       1.00000000000000
 154 156 -1
obdef
loc3d
        4.94445426011379              0.68507566758975             62.61011505126953     -1
kind
     27     
    14400          153964     
        6.25000000000000  
 OBS            156
     296.37566996557933
     295.91595425961901
       1.00000000000000
 155 157 -1
obdef
loc3d
        4.94602055174578              0.68752162087271            134.15721130371091     -1
kind
     27     
    14400          153964     
        6.25000000000000  
 OBS            157
     297.97862879353903
     296.22668585421400
       1.00000000000000
 156 158 -1
obdef
loc3d
        4.94603912728501              0.67254511985829             35.00297546386719     -1
kind
     27     
    14400          153964     
        6.25000000000000  
 OBS            158
     295.97139774920981
     296.47317524187400
       1.00000000000000
 157 159 -1
obdef
loc3d
        4.95877904994953              0.67986585977255             17.04111671447754     -1
kind
     27     
    14400          153964     
        6.25000000000000  
 OBS            159
     296.05186863873757
     295.75980636257998
       1.00000000000000
 158 160 -1
obdef
loc3d
        4.93958042817759              0.69095160998657            226.13127136230469     -1
kind
     27     
    14400          153964     
        6.25000000000000  
 OBS            160
     295.90155568398580
     295.68550241261300
       1.00000000000000
 159 161 -1
obdef
loc3d
        4.95756313665553              0.69181797222864             89.84997558593750     -1
kind
     27     
    14400          153964     
        6.25000000000000  
 OBS            161
     295.38974835405111
     296.17544742600398
       1.00000000000000
 160 162 -1
obdef
loc3d
        4.94078657111844              0.67409210989409             60.81152343750000     -1
kind
     27     
    14400          153964     
        6.25000000000000  
 OBS            162
     295.05970526396823
     296.63067635606700
       1.00000000000000
 161 163 -1
obdef
loc3d
        4.95557846691255              0.67267262139613              1.00000000000000     -1
kind
     27     
    14400          153964     
        6.25000000000000  
 OBS            163
     295.18760458071347
     295.86822422374900
       1.00000000000000
 162 164 -1
obdef
loc3d
        4.93193348448080              0.68856418981073            106.00000000000000     -1
kind
     27     
    14400          153964     
        6.25000000000000  
 OBS            164
     290.67485703795239
     291.75271190694798
       1.00000000000000
 163 165 -1
obdef
loc3d
        4.89970838141578              0.68765245249877            785.09423828125000     -1
kind
     27     
    14400          153964     
        6.25000000000000  
 OBS            165
     293.72613569239832
     295.19725620320702
       1.00000000000000
 164 166 -1
obdef
loc3d
        4.95026814558372              0.68993059237416             93.11567687988281     -1
kind
     27     
    14400          153964     
        6.25000000000000  
 OBS            166
     296.66180009812103
     296.06292726123002
       1.00000000000000
 165 167 -1
obdef
loc3d
        4.94174512165160              0.68484635226999            116.56585693359381     -1
kind
     27     
    14400          153964     
        6.25000000000000  
 OBS            167
     297.09688410524967
     296.19903096993801
       1.00000000000000
 166 168 -1
obdef
loc3d
        4.95420735021482              0.68473663912788             15.00000000000000     -1
kind
     27     
    14400          153964     
        6.25000000000000  
 OBS            168
     294.93345381653813
     295.93699165565499
       1.00000000000000
 167 169 -1
obdef
loc3d
        4.93477042118681              0.68310638816012            118.89588928222661     -1
kind
     27     
    14400          153964     
        6.25000000000000  
 OBS            169
     296.21702443597866
     295.60166019197402
       1.00000000000000
 168 170 -1
obdef
loc3d
        4.93795631029682              0.68276407673392            144.94107055664060     -1
kind
     27     
    14400          153964     
        6.25000000000000  
 OBS            170
     296.29756064362084
     296.32150200815897
       1.00000000000000
 169 171 -1
obdef
loc3d
        4.94001671685736              0.68064929967652             43.67281723022461     -1
kind
     27     
    14400          153964     
        6.25000000000000  
 OBS            171
     292.82615842653513
     296.21223532001000
       1.00000000000000
 170 172 -1
obdef
loc3d
        4.94058460161740              0.67807181314514             70.17810058593750     -1
kind
     27     
    14400          153964     
        6.25000000000000  
 OBS            172
     294.53413197636388
     295.95523217425801
       1.00000000000000
 171 173 -1
obdef
loc3d
        4.95423295419494              0.68033176843505              3.71636104583740     -1
kind
     27     
    14400          153964     
        6.25000000000000  
 OBS            173
     295.36428472542377
     297.37333447270299
       1.00000000000000
 172 174 -1
obdef
loc3d
        4.94926894458696              0.66642585587446             10.91526031494141     -1
kind
     27     
    14400          153964     
        6.25000000000000  
 OBS            174
     295.36973855123023
     297.37173439782498
       1.00000000000000
 173 175 -1
obdef
loc3d
        4.96223480186848              0.66700036066835              5.00000000000000     -1
kind
     27     
    14400          153964     
        6.25000000000000  
 OBS            175
     296.07154907270603
     296.85464244220498
       1.00000000000000
 174 176 -1
obdef
loc3d
        4.95546148971009              0.67729393735082              6.17724800109863     -1
kind
     27     
    14400          153964     
        6.25000000000000  
 OBS            176
     294.82756193037676
     296.49399063983998
       1.00000000000000
 175 177 -1
obdef
loc3d
        4.92652723985629              0.69051382381431            146.04148864746091     -1
kind
     27     
    14400          153964     
        6.25000000000000  
 OBS            177
     295.76237770238470
     296.69772927960599
       1.00000000000000
 176 178 -1
obdef
loc3d
        4.96366005344362              0.66920346185787              6.00000000000000     -1
kind
     27     
    14400          153964     
        6.25000000000000  
 OBS            178
     295.91362704204982
     295.65428802087700
       1.00000000000000
 177 179 -1
obdef
loc3d
        4.97052949833720              0.66907739847133              8.84140872955322     -1
kind
     27     
    14400          153964     
        6.25000000000000  
 OBS            179
     296.25154533865015
     295.22337290192002
       1.00000000000000
 178 180 -1
obdef
loc3d
        4.93505853489354              0.69035668900909            163.38452148437500     -1
kind
     27     
    14400          153964     
        6.25000000000000  
 OBS            180
     296.16520612021321
     296.11527039716600
       1.00000000000000
 179 181 -1
obdef
loc3d
        4.93979773523841              0.67259214116167             45.00000000000000     -1
kind
     27     
    14400          153964     
        6.25000000000000  
 OBS            181
     295.59555165017190
     295.55789956493601
       1.00000000000000
 180 182 -1
obdef
loc3d
        4.92901815402419              0.68818595396932            126.56063842773440     -1
kind
     27     
    14400          153964     
        6.25000000000000  
 OBS            182
     294.51591104399176
     294.86691875011297
       1.00000000000000
 181 183 -1
obdef
loc3d
        4.92864050752959              0.68988490592333            360.09008789062500     -1
kind
     27     
    14400          153964     
        6.25000000000000  
 OBS            183
     294.87398452548769
     295.29623717908697
       1.00000000000000
 182 184 -1
obdef
loc3d
        4.94071794293451              0.68880476183725            173.77728271484381     -1
kind
     27     
    14400          153964     
        6.25000000000000  
 OBS            184
     296.74506948410749
     296.63142211735300
       1.00000000000000
 183 185 -1
obdef
loc3d
        4.94475069255349              0.67936922784321             17.10044860839844     -1
kind
     27     
    14400          153964     
        6.25000000000000  
 OBS            185
     294.02203178685829
     294.87710831631398
       1.00000000000000
 184 186 -1
obdef
loc3d
        4.93040524362615              0.68956958577383            472.38653564453119     -1
kind
     27     
    14400          153964     
        6.25000000000000  
 OBS            186
     295.07869523389007
     295.11542963918401
       1.00000000000000
 185 187 -1
obdef
loc3d
        4.93438788521233              0.68743777381223            157.39462280273440     -1
kind
     27     
    14400          153964     
        6.25000000000000  
 OBS            187
     294.71451665534573
     294.95646939099902
       1.00000000000000
 186 188 -1
obdef
loc3d
        4.93003537520636              0.69083454089469            382.75677490234381     -1
kind
     27     
    14400          153964     
        6.25000000000000  
 OBS            188
     296.21517511248237
     295.94252162446099
       1.00000000000000
 187 189 -1
obdef
loc3d
        4.94262489165251              0.68702513034102            130.29710388183591     -1
kind
     27     
    14400          153964     
        6.25000000000000  
 OBS            189
     296.99660088686272
     295.43458829856002
       1.00000000000000
 188 190 -1
obdef
loc3d
        4.93100113789334              0.68653549583784             94.66114807128906     -1
kind
     27     
    14400          153964     
        6.25000000000000  
 OBS            190
     297.71441344070246
     296.45410335472201
       1.00000000000000
 189 191 -1
obdef
loc3d
        4.94000002935902              0.67612888350011             59.69976806640625     -1
kind
     27     
    14400          153964     
        6.25000000000000  
 OBS            191
     295.65149345105101
     295.00704872365901
       1.00000000000000
 190 192 -1
obdef
loc3d
        4.94231604692662              0.69077376274482            190.83442687988281     -1
kind
     27     
    14400          153964     
        6.25000000000000  
 OBS            192
     295.38235774993018
     295.82799332063797
       1.00000000000000
 191 193 -1
obdef
loc3d
        4.93554247635603              0.69268257167582            131.09960937500000     -1
kind
     27     
    14400          153964     
        6.25000000000000  
 OBS            193
     295.35684767058115
     295.86906948970199
       1.00000000000000
 192 194 -1
obdef
loc3d
        4.94069913477896              0.68279864123905            131.77731323242190     -1
kind
     27     
    14400          153964     
        6.25000000000000  
 OBS            194
     296.00012199956171
     295.98204977968697
       1.00000000000000
 193 195 -1
obdef
loc3d
        4.94367854378329              0.67420565331297             56.55799865722656     -1
kind
     27     
    14400          153964     
        6.25000000000000  
 OBS            195
     296.95652293437746
     296.69652315483802
       1.00000000000000
 194 196 -1
obdef
loc3d
        4.93814984943932              0.67457436016830             39.55386734008789     -1
kind
     27     
    14400          153964     
        6.25000000000000  
 OBS            196
     296.59664416040391
     295.99981090727101
       1.00000000000000
 195 197 -1
obdef
loc3d
        4.94253566982520              0.68065092526894             48.56933593750000     -1
kind
     27     
    14400          153964     
        6.25000000000000  
 OBS            197
     295.40349809842411
     296.00916176801002
       1.00000000000000
 196 198 -1
obdef
loc3d
        4.93593154408741              0.68080949477360             85.35743713378906     -1
kind
     27     
    14400          153964     
        6.25000000000000  
 OBS            198
     294.67242319807059
     294.65353156869799
       1.00000000000000
 197 199 -1
obdef
loc3d
        4.94758068519446              0.69282395273635            179.51908874511719     -1
kind
     27     
    14400          153964     
        6.25000000000000  
 OBS            199
     295.21128474279186
     295.95590465685598
       1.00000000000000
 198 200 -1
obdef
loc3d
        4.93541634697774              0.67261831698898             21.54207611083984     -1
kind
     27     
    14400          153964     
        6.25000000000000  
 OBS            200
     295.85145373466656
     295.66951304539703
       1.00000000000000
 199 201 -1
obdef
loc3d
        4.93342752395137              0.68533697059699            120.48287200927730     -1
kind
     27     
    14400          153964     
        6.25000000000000  
 OBS            201
     296.74348091741103
     296.54875801858498
       1.00000000000000
 200 202 -1
obdef
loc3d
        4.92811551620144              0.69141391763145            189.00242614746091     -1
kind
     27     
    14400          153964     
        6.25000000000000  
 OBS            202
     298.07418408844671
     296.61672945991597
       1.00000000000000
 201 203 -1
obdef
loc3d
        4.94328780634786              0.67761918906629             21.61136627197266     -1
kind
     27     
    14400          153964     
        6.25000000000000  
 OBS            203
     295.17938122539420
     295.17415506716998
       1.00000000000000
 202 204 -1
obdef
loc3d
        4.93617130041664              0.68578341426755            199.41349792480469     -1
kind
     27     
    14400          153964     
        6.25000000000000  
 OBS            204
     297.60143398618811
     296.18370021905099
       1.00000000000000
 203 205 -1
obdef
loc3d
        4.94488890698391              0.68151038983677             42.34177017211914     -1
kind
     27     
    14400          153964     
        6.25000000000000  
 OBS            205
     295.19658589438876
     296.43696502004099
       1.00000000000000
 204 206 -1
obdef
loc3d
        4.94610769319308              0.67540343249948             44.88281250000000     -1
kind
     27     
    14400          153964     
        6.25000000000000  
 OBS            206
     293.83988070079590
     293.26034608462697
       1.00000000000000
 205 207 -1
obdef
loc3d
        4.93098289428918              0.69278368564599            411.59194946289062     -1
kind
     27     
    14400          153964     
        6.25000000000000  
 OBS            207
     295.55271652543985
     295.95979273358103
       1.00000000000000
 206 208 -1
obdef
loc3d
        4.93746284305807              0.67295620864423             44.45593643188477     -1
kind
     27     
    14400          153964     
        6.25000000000000  
 OBS            208
     293.21286318461711
     294.61833009899800
       1.00000000000000
 207 209 -1
obdef
loc3d
        4.93742549337872              0.68866580079864            241.84100341796881     -1
kind
     27     
    14400          153964     
        6.25000000000000  
 OBS            209
     297.57062349800123
     296.03563364803000
       1.00000000000000
 208 210 -1
obdef
loc3d
        4.94310367286119              0.67063823067780             37.30942153930664     -1
kind
     27     
    14400          153964     
        6.25000000000000  
 OBS            210
     294.35991395341432
     294.83711692789097
       1.00000000000000
 209 211 -1
obdef
loc3d
        4.94312354358950              0.69286317278749            201.84664916992190     -1
kind
     27     
    14400          153964     
        6.25000000000000  
 OBS            211
     296.26761139644628
     296.23087569594998
       1.00000000000000
 210 212 -1
obdef
loc3d
        4.93202293942753              0.69056809921756            124.38476562500000     -1
kind
     27     
    14400          153964     
        6.25000000000000  
 OBS            212
     295.03965935047540
     295.17587444911601
       1.00000000000000
 211 213 -1
obdef
loc3d
        4.93852899085493              0.69282303339671            210.85327148437500     -1
kind
     27     
    14400          153964     
        6.25000000000000  
 OBS            213
     295.55047933094909
     295.64865950500399
       1.00000000000000
 212 214 -1
obdef
loc3d
        4.93925110381924              0.68654477021234            169.40324401855469     -1
kind
     27     
    14400          153964     
        6.25000000000000  
 OBS            214
     295.77429501306676
     295.56681711789099
       1.00000000000000
 213 215 -1
obdef
loc3d
        4.94561300163474              0.69021407942450            101.67103576660161     -1
kind
     27     
    14400          153964     
        6.25000000000000  
 OBS            215
     294.71754020014538
     296.35709421650898
       1.00000000000000
 214 216 -1
obdef
loc3d
        4.94677761419795              0.66921213830349             30.00000000000000     -1
kind
     27     
    14400          153964     
        6.25000000000000  
 OBS            216
     296.59496101056249
     295.28340856210400
       1.00000000000000
 215 217 -1
obdef
loc3d
        4.91464000802058              0.69220313236118            256.98049926757812     -1
kind
     27     
    14400          153964     
        6.25000000000000  
 OBS            217
     294.43141400305950
     295.34196352500300
       1.00000000000000
 216 218 -1
obdef
loc3d
        4.91222840493483              0.69213090540308            311.66015625000000     -1
kind
     27     
    14400          153964     
        6.25000000000000  
 OBS            218
     295.21014916805063
     292.55516470624201
       1.00000000000000
 217 219 -1
obdef
loc3d
        4.90319820253832              0.69077085029214            558.21520996093750     -1
kind
     27     
    14400          153964     
        6.25000000000000  
 OBS            219
     295.08948452110803
     295.85371781525402
       1.00000000000000
 218 220 -1
obdef
loc3d
        4.90548367400941              0.68961427180382            340.45385742187500     -1
kind
     27     
    14400          153964     
        6.25000000000000  
 OBS            220
     294.38435370781286
     292.11543604830001
       1.00000000000000
 219 221 -1
obdef
loc3d
        4.90182808691748              0.69286665451088            711.58941650390625     -1
kind
     27     
    14400          153964     
        6.25000000000000  
 OBS            221
     297.41909492840432
     296.52573426235199
       1.00000000000000
 220 222 -1
obdef
loc3d
        4.92199514385413              0.69211089395115            185.84292602539060     -1
kind
     27     
    14400          153964     
        6.25000000000000  
 OBS            222
     296.07178050898909
     296.23633771135502
       1.00000000000000
 221 223 -1
obdef
loc3d
        4.91709198426003              0.69266703903771            205.88345336914060     -1
kind
     27     
    14400          153964     
        6.25000000000000  
 OBS            223
     294.74323560572884
     295.27982752384497
       1.00000000000000
 222 224 -1
obdef
loc3d
        4.91305125126208              0.69031483822850            320.48217773437500     -1
kind
     27     
    14400          153964     
        6.25000000000000  
 OBS            224
     296.12196782585869
     295.64231845162499
       1.00000000000000
 223 225 -1
obdef
loc3d
        4.90918301095293              0.69233086407935            229.95614624023440     -1
kind
     27     
    14400          153964     
        6.25000000000000  
 OBS            225
     291.40774861893442
     291.16590151683698
       1.00000000000000
 224 -1 -1
obdef
loc3d
        4.90002894620424              0.69031812013417            840.25653076171875     -1
kind
     27     
    14400          153964     
        6.25000000000000  
