 obs_sequence
obs_kind_definitions
       3
    25          LAND_SFC_U_WIND_COMPONENT   
    26          LAND_SFC_V_WIND_COMPONENT   
    27          LAND_SFC_TEMPERATURE   
  num_copies:            2  num_qc:            1
 num_obs:       225  max_num_obs:       225
observations
truth
QC radar
  first:            1  last:       225
 OBS            1
       4.02249726543107
       2.34121306880584
       1.00000000000000
 -1 2 -1
obdef
loc3d
        4.90540352515539              0.69194112440599            606.33142089843750     -1
kind
     25     
    6300          153964     
       12.25000000000000  
 OBS            2
      -2.83446870141935
      -1.45202119678457
       1.00000000000000
 1 3 -1
obdef
loc3d
        4.94546412681761              0.68348353984884             17.75631332397461     -1
kind
     25     
    6300          153964     
       12.25000000000000  
 OBS            3
       1.30935538119264
      -3.50965014138174
       1.00000000000000
 2 4 -1
obdef
loc3d
        4.94660974174000              0.67744857875853             29.35406684875488     -1
kind
     25     
    6300          153964     
       12.25000000000000  
 OBS            4
       2.48802781065604
      -2.52380395171757
       1.00000000000000
 3 5 -1
obdef
loc3d
        4.94648126630843              0.68652865419204             54.82812500000000     -1
kind
     25     
    6300          153964     
       12.25000000000000  
 OBS            5
      -4.34470309196126
      -1.57298283796905
       1.00000000000000
 4 6 -1
obdef
loc3d
        4.94445426011379              0.68507566758975             62.61011505126953     -1
kind
     25     
    6300          153964     
       12.25000000000000  
 OBS            6
      -1.83145035728499
      -3.34590671122670
       1.00000000000000
 5 7 -1
obdef
loc3d
        4.94602055174578              0.68752162087271            134.15721130371091     -1
kind
     25     
    6300          153964     
       12.25000000000000  
 OBS            7
      -4.54443333397298
      -1.14056198633575
       1.00000000000000
 6 8 -1
obdef
loc3d
        4.94603912728501              0.67254511985829             35.00297546386719     -1
kind
     25     
    6300          153964     
       12.25000000000000  
 OBS            8
      -0.20749833409574
      -1.67334121646056
       1.00000000000000
 7 9 -1
obdef
loc3d
        4.95877904994953              0.67986585977255             17.04111671447754     -1
kind
     25     
    6300          153964     
       12.25000000000000  
 OBS            9
      -2.83153413466901
      -2.90240440638981
       1.00000000000000
 8 10 -1
obdef
loc3d
        4.93958042817759              0.69095160998657            226.13127136230469     -1
kind
     25     
    6300          153964     
       12.25000000000000  
 OBS            10
      -3.19070220749343
      -0.77341702229149
       1.00000000000000
 9 11 -1
obdef
loc3d
        4.95756313665553              0.69181797222864             89.84997558593750     -1
kind
     25     
    6300          153964     
       12.25000000000000  
 OBS            11
      -4.56269806849900
      -0.62685272368205
       1.00000000000000
 10 12 -1
obdef
loc3d
        4.94078657111844              0.67409210989409             60.81152343750000     -1
kind
     25     
    6300          153964     
       12.25000000000000  
 OBS            12
      -2.26724661425761
      -3.12179897035115
       1.00000000000000
 11 13 -1
obdef
loc3d
        4.95557846691255              0.67267262139613              1.00000000000000     -1
kind
     25     
    6300          153964     
       12.25000000000000  
 OBS            13
      -3.49409187955230
       0.25155403622309
       1.00000000000000
 12 14 -1
obdef
loc3d
        4.93193348448080              0.68856418981073            106.00000000000000     -1
kind
     25     
    6300          153964     
       12.25000000000000  
 OBS            14
       1.17031296779730
       2.55024144714386
       1.00000000000000
 13 15 -1
obdef
loc3d
        4.89970838141578              0.68765245249877            785.09423828125000     -1
kind
     25     
    6300          153964     
       12.25000000000000  
 OBS            15
      -4.47422818514963
      -1.82354658413104
       1.00000000000000
 14 16 -1
obdef
loc3d
        4.95026814558372              0.68993059237416             93.11567687988281     -1
kind
     25     
    6300          153964     
       12.25000000000000  
 OBS            16
      -0.68317622574652
      -1.89684598595173
       1.00000000000000
 15 17 -1
obdef
loc3d
        4.94174512165160              0.68484635226999            116.56585693359381     -1
kind
     25     
    6300          153964     
       12.25000000000000  
 OBS            17
       1.08209747673671
      -3.20960881917986
       1.00000000000000
 16 18 -1
obdef
loc3d
        4.95420735021482              0.68473663912788             15.00000000000000     -1
kind
     25     
    6300          153964     
       12.25000000000000  
 OBS            18
       3.67214143384028
      -1.28315370314435
       1.00000000000000
 17 19 -1
obdef
loc3d
        4.93477042118681              0.68310638816012            118.89588928222661     -1
kind
     25     
    6300          153964     
       12.25000000000000  
 OBS            19
      -3.04898261472274
      -2.40092559176279
       1.00000000000000
 18 20 -1
obdef
loc3d
        4.93795631029682              0.68276407673392            144.94107055664060     -1
kind
     25     
    6300          153964     
       12.25000000000000  
 OBS            20
      -4.02555765063069
      -1.53325171675963
       1.00000000000000
 19 21 -1
obdef
loc3d
        4.94001671685736              0.68064929967652             43.67281723022461     -1
kind
     25     
    6300          153964     
       12.25000000000000  
 OBS            21
       5.28660521336072
      -1.04714765014891
       1.00000000000000
 20 22 -1
obdef
loc3d
        4.94058460161740              0.67807181314514             70.17810058593750     -1
kind
     25     
    6300          153964     
       12.25000000000000  
 OBS            22
      -1.97300627765211
      -3.33525494400499
       1.00000000000000
 21 23 -1
obdef
loc3d
        4.95423295419494              0.68033176843505              3.71636104583740     -1
kind
     25     
    6300          153964     
       12.25000000000000  
 OBS            23
      -5.38401286775727
      -0.62865302689250
       1.00000000000000
 22 24 -1
obdef
loc3d
        4.94926894458696              0.66642585587446             10.91526031494141     -1
kind
     25     
    6300          153964     
       12.25000000000000  
 OBS            24
      -1.29137324189325
      -1.90232617832420
       1.00000000000000
 23 25 -1
obdef
loc3d
        4.96223480186848              0.66700036066835              5.00000000000000     -1
kind
     25     
    6300          153964     
       12.25000000000000  
 OBS            25
      -1.11236606243262
      -2.97879717379060
       1.00000000000000
 24 26 -1
obdef
loc3d
        4.95546148971009              0.67729393735082              6.17724800109863     -1
kind
     25     
    6300          153964     
       12.25000000000000  
 OBS            26
      -1.36725143094088
      -1.30099233354882
       1.00000000000000
 25 27 -1
obdef
loc3d
        4.92652723985629              0.69051382381431            146.04148864746091     -1
kind
     25     
    6300          153964     
       12.25000000000000  
 OBS            27
      -0.74798110767459
      -2.58324120710061
       1.00000000000000
 26 28 -1
obdef
loc3d
        4.96366005344362              0.66920346185787              6.00000000000000     -1
kind
     25     
    6300          153964     
       12.25000000000000  
 OBS            28
       4.13710925754081
       0.00355357758407
       1.00000000000000
 27 29 -1
obdef
loc3d
        4.97052949833720              0.66907739847133              8.84140872955322     -1
kind
     25     
    6300          153964     
       12.25000000000000  
 OBS            29
      -3.55216193695238
      -1.76517030907506
       1.00000000000000
 28 30 -1
obdef
loc3d
        4.95245337490985              0.69269329908122            116.45774841308589     -1
kind
     25     
    6300          153964     
       12.25000000000000  
 OBS            30
       0.46613586903021
      -2.18467396219014
       1.00000000000000
 29 31 -1
obdef
loc3d
        4.94885353278042              0.69277717633329            144.09075927734381     -1
kind
     25     
    6300          153964     
       12.25000000000000  
 OBS            31
       1.57143339417064
      -2.66657183105000
       1.00000000000000
 30 32 -1
obdef
loc3d
        4.94336975041274              0.69009669144632            168.92642211914060     -1
kind
     25     
    6300          153964     
       12.25000000000000  
 OBS            32
      -8.30682138473736
      -0.84828739247166
       1.00000000000000
 31 33 -1
obdef
loc3d
        4.93556788041953              0.67027828664670             15.00000000000000     -1
kind
     25     
    6300          153964     
       12.25000000000000  
 OBS            33
       0.49152883481287
      -0.33643507507019
       1.00000000000000
 32 34 -1
obdef
loc3d
        4.94033180527593              0.67113295277478             15.00000000000000     -1
kind
     25     
    6300          153964     
       12.25000000000000  
 OBS            34
      -3.72826490920479
      -0.50823447064687
       1.00000000000000
 33 35 -1
obdef
loc3d
        4.94303858410231              0.67245219021673             45.31371688842773     -1
kind
     25     
    6300          153964     
       12.25000000000000  
 OBS            35
       3.81984556893276
      -0.09603232566080
       1.00000000000000
 34 36 -1
obdef
loc3d
        4.94353452184302              0.67563108019985             33.40631103515625     -1
kind
     25     
    6300          153964     
       12.25000000000000  
 OBS            36
      -5.17987910622815
      -2.43725697197694
       1.00000000000000
 35 37 -1
obdef
loc3d
        4.94374389829480              0.67833415521310             29.86422538757324     -1
kind
     25     
    6300          153964     
       12.25000000000000  
 OBS            37
      -0.04711227314189
      -1.95648753554155
       1.00000000000000
 36 38 -1
obdef
loc3d
        4.94273365028682              0.68737244152012            176.80966186523440     -1
kind
     25     
    6300          153964     
       12.25000000000000  
 OBS            38
      -3.98743037403226
      -3.05426194115587
       1.00000000000000
 37 39 -1
obdef
loc3d
        4.92701506510552              0.68724654189208            235.55827331542969     -1
kind
     25     
    6300          153964     
       12.25000000000000  
 OBS            39
       1.86271869053172
      -0.30837641561617
       1.00000000000000
 38 40 -1
obdef
loc3d
        4.93770287749180              0.68559892863867            149.84144592285159     -1
kind
     25     
    6300          153964     
       12.25000000000000  
 OBS            40
       1.32228805107581
      -1.64893237766749
       1.00000000000000
 39 41 -1
obdef
loc3d
        4.92849072850511              0.69275166570057            196.64169311523440     -1
kind
     25     
    6300          153964     
       12.25000000000000  
 OBS            41
       1.61722173809753
      -0.12528698370975
       1.00000000000000
 40 42 -1
obdef
loc3d
        4.94704606827608              0.66890083993760             30.00000000000000     -1
kind
     25     
    6300          153964     
       12.25000000000000  
 OBS            42
       1.63857640537921
      -1.06820759707639
       1.00000000000000
 41 43 -1
obdef
loc3d
        4.93215285315783              0.69272179551745            405.54205322265619     -1
kind
     25     
    6300          153964     
       12.25000000000000  
 OBS            43
      -8.11880455673863
      -1.93634722054763
       1.00000000000000
 42 44 -1
obdef
loc3d
        4.93041137291484              0.68610286792166             95.01055908203125     -1
kind
     25     
    6300          153964     
       12.25000000000000  
 OBS            44
      -1.66182475744891
      -0.65375860972071
       1.00000000000000
 43 45 -1
obdef
loc3d
        4.94340662813579              0.66912283370227             30.00000000000000     -1
kind
     25     
    6300          153964     
       12.25000000000000  
 OBS            45
      -3.77554737112337
      -1.75143034694938
       1.00000000000000
 44 46 -1
obdef
loc3d
        4.94246051140049              0.69284522685509            232.15176391601560     -1
kind
     25     
    6300          153964     
       12.25000000000000  
 OBS            46
      -5.75052676199353
      -2.14478906350495
       1.00000000000000
 45 47 -1
obdef
loc3d
        4.94897278262263              0.68784055253573             58.60614395141602     -1
kind
     25     
    6300          153964     
       12.25000000000000  
 OBS            47
      -4.78604429836685
      -2.29744389330576
       1.00000000000000
 46 48 -1
obdef
loc3d
        4.94541527617556              0.68071005727643             33.77826690673828     -1
kind
     25     
    6300          153964     
       12.25000000000000  
 OBS            48
      -4.46649235645843
      -0.82000498080118
       1.00000000000000
 47 49 -1
obdef
loc3d
        4.93748800785195              0.67296050504062             44.45593643188477     -1
kind
     25     
    6300          153964     
       12.25000000000000  
 OBS            49
      -3.70657912355443
      -2.76626784229176
       1.00000000000000
 48 50 -1
obdef
loc3d
        4.93696530791536              0.69256666762304            156.90283203125000     -1
kind
     25     
    6300          153964     
       12.25000000000000  
 OBS            50
       5.24487762123200
      -1.11516401020710
       1.00000000000000
 49 51 -1
obdef
loc3d
        4.92145179475246              0.69276808226809            165.77503967285159     -1
kind
     25     
    6300          153964     
       12.25000000000000  
 OBS            51
      -6.84730804081878
      -1.88788346582879
       1.00000000000000
 50 52 -1
obdef
loc3d
        4.93950672299123              0.68813471885857            177.40441894531250     -1
kind
     25     
    6300          153964     
       12.25000000000000  
 OBS            52
       0.19617642599861
      -1.16925859755169
       1.00000000000000
 51 53 -1
obdef
loc3d
        4.93611382531472              0.68823817566222            173.73840332031250     -1
kind
     25     
    6300          153964     
       12.25000000000000  
 OBS            53
      -1.06917103945180
      -2.59677300703685
       1.00000000000000
 52 54 -1
obdef
loc3d
        4.94685988234341              0.69028594514941            170.37097167968750     -1
kind
     25     
    6300          153964     
       12.25000000000000  
 OBS            54
       0.91587665075907
      -1.37427745475329
       1.00000000000000
 53 55 -1
obdef
loc3d
        4.93440797857224              0.69076858072881            137.08886718750000     -1
kind
     25     
    6300          153964     
       12.25000000000000  
 OBS            55
      -6.33735793123596
      -2.01262964421064
       1.00000000000000
 54 56 -1
obdef
loc3d
        4.93397023736678              0.68569719666510            120.48287200927730     -1
kind
     25     
    6300          153964     
       12.25000000000000  
 OBS            56
       0.06293165661299
      -2.03526881972036
       1.00000000000000
 55 57 -1
obdef
loc3d
        4.96098036034072              0.67790128169477             17.24609375000000     -1
kind
     25     
    6300          153964     
       12.25000000000000  
 OBS            57
      -5.22436340309380
      -2.56288489619859
       1.00000000000000
 56 58 -1
obdef
loc3d
        4.95746178551042              0.68576241061300             17.20619201660156     -1
kind
     25     
    6300          153964     
       12.25000000000000  
 OBS            58
      -6.70767838220174
       0.23433707307222
       1.00000000000000
 57 59 -1
obdef
loc3d
        4.96821528454312              0.66626811336639              8.93466186523438     -1
kind
     25     
    6300          153964     
       12.25000000000000  
 OBS            59
      -2.65721584560750
      -2.19732941924426
       1.00000000000000
 58 60 -1
obdef
loc3d
        4.95821139545160              0.68356985009176             15.00000000000000     -1
kind
     25     
    6300          153964     
       12.25000000000000  
 OBS            60
       1.73531493104634
      -2.11688493988742
       1.00000000000000
 59 61 -1
obdef
loc3d
        4.95929084301108              0.67289450711582              9.91464328765869     -1
kind
     25     
    6300          153964     
       12.25000000000000  
 OBS            61
      -2.86893152101348
      -3.11247228821496
       1.00000000000000
 60 62 -1
obdef
loc3d
        4.95884231318174              0.67566319569297             12.79061889648438     -1
kind
     25     
    6300          153964     
       12.25000000000000  
 OBS            62
      -0.00843351724671
      -0.87991626710063
       1.00000000000000
 61 63 -1
obdef
loc3d
        4.96068172506451              0.68176493518182             14.00000000000000     -1
kind
     25     
    6300          153964     
       12.25000000000000  
 OBS            63
      -3.72631648643267
      -2.53423920385518
       1.00000000000000
 62 64 -1
obdef
loc3d
        4.96044430349621              0.68522255501691             15.00000000000000     -1
kind
     25     
    6300          153964     
       12.25000000000000  
 OBS            64
      -4.70792739680116
      -3.09327048684347
       1.00000000000000
 63 65 -1
obdef
loc3d
        4.95653505007277              0.68174821287482             15.07347202301025     -1
kind
     25     
    6300          153964     
       12.25000000000000  
 OBS            65
       5.20475329884888
      -0.87278587913226
       1.00000000000000
 64 66 -1
obdef
loc3d
        4.96521948188739              0.66389255790081              6.10258388519287     -1
kind
     25     
    6300          153964     
       12.25000000000000  
 OBS            66
       2.38494985413615
      -2.14162696044641
       1.00000000000000
 65 67 -1
obdef
loc3d
        4.96720461139216              0.67033432936439             12.91210937500000     -1
kind
     25     
    6300          153964     
       12.25000000000000  
 OBS            67
      -1.88852986597342
      -1.99423772510520
       1.00000000000000
 66 68 -1
obdef
loc3d
        4.96018888249816              0.68814255256013             15.00000000000000     -1
kind
     25     
    6300          153964     
       12.25000000000000  
 OBS            68
      -0.38599654329417
      -1.76317056002290
       1.00000000000000
 67 69 -1
obdef
loc3d
        4.95410557213704              0.69029785801799             54.42578125000000     -1
kind
     25     
    6300          153964     
       12.25000000000000  
 OBS            69
      -3.96671340732046
      -3.35360461107392
       1.00000000000000
 68 70 -1
obdef
loc3d
        4.95508230192316              0.68705689194968              9.08530712127686     -1
kind
     25     
    6300          153964     
       12.25000000000000  
 OBS            70
      -0.82820661057141
       1.42058095831887
       1.00000000000000
 69 71 -1
obdef
loc3d
        4.89659470219302              0.68517541625982            824.84875488281250     -1
kind
     25     
    6300          153964     
       12.25000000000000  
 OBS            71
       2.46533975337171
       1.63393830626953
       1.00000000000000
 70 72 -1
obdef
loc3d
        4.89719607397323              0.69286120068011            493.76440429687500     -1
kind
     25     
    6300          153964     
       12.25000000000000  
 OBS            72
       0.72868727022206
       0.00117399990058
       1.00000000000000
 71 73 -1
obdef
loc3d
        4.91562721585699              0.69268557315466            290.85858154296881     -1
kind
     25     
    6300          153964     
       12.25000000000000  
 OBS            73
       1.05004781053348
       1.37416020861225
       1.00000000000000
 72 74 -1
obdef
loc3d
        4.89650463462054              0.68965598658767            806.96582031250000     -1
kind
     25     
    6300          153964     
       12.25000000000000  
 OBS            74
       7.28461636100199
       3.45375441238827
       1.00000000000000
 73 75 -1
obdef
loc3d
        4.90117724149658              0.69117926561099            769.23168945312500     -1
kind
     25     
    6300          153964     
       12.25000000000000  
 OBS            75
      -3.16611818059812
       0.77286505142664
       1.00000000000000
 74 76 -1
obdef
loc3d
        4.91058697772938              0.69047364022544            228.45222473144531     -1
kind
     25     
    6300          153964     
       12.25000000000000  
 OBS            76
       2.15347184972537
      -0.49886335720269
       1.00000000000000
 75 77 -1
obdef
loc3d
        4.90540352515539              0.69194112440599            606.33142089843750     -1
kind
     26     
    6300          153964     
       12.25000000000000  
 OBS            77
      -5.83031756005441
       0.30801261404140
       1.00000000000000
 76 78 -1
obdef
loc3d
        4.94546412681761              0.68348353984884             17.75631332397461     -1
kind
     26     
    6300          153964     
       12.25000000000000  
 OBS            78
      -2.61887342250283
       1.04508007407214
       1.00000000000000
 77 79 -1
obdef
loc3d
        4.94660974174000              0.67744857875853             29.35406684875488     -1
kind
     26     
    6300          153964     
       12.25000000000000  
 OBS            79
       4.16062345910060
       0.39752097678664
       1.00000000000000
 78 80 -1
obdef
loc3d
        4.94648126630843              0.68652865419204             54.82812500000000     -1
kind
     26     
    6300          153964     
       12.25000000000000  
 OBS            80
      -0.72018600906442
      -0.07327276285165
       1.00000000000000
 79 81 -1
obdef
loc3d
        4.94445426011379              0.68507566758975             62.61011505126953     -1
kind
     26     
    6300          153964     
       12.25000000000000  
 OBS            81
      -2.23401564912198
       1.78464912082065
       1.00000000000000
 80 82 -1
obdef
loc3d
        4.94602055174578              0.68752162087271            134.15721130371091     -1
kind
     26     
    6300          153964     
       12.25000000000000  
 OBS            82
       3.56751728722786
       1.17799619694722
       1.00000000000000
 81 83 -1
obdef
loc3d
        4.94603912728501              0.67254511985829             35.00297546386719     -1
kind
     26     
    6300          153964     
       12.25000000000000  
 OBS            83
       2.67724197263198
       1.70206162462221
       1.00000000000000
 82 84 -1
obdef
loc3d
        4.95877904994953              0.67986585977255             17.04111671447754     -1
kind
     26     
    6300          153964     
       12.25000000000000  
 OBS            84
      -0.12280192688251
       2.84530375424525
       1.00000000000000
 83 85 -1
obdef
loc3d
        4.93958042817759              0.69095160998657            226.13127136230469     -1
kind
     26     
    6300          153964     
       12.25000000000000  
 OBS            85
       3.09257498287541
       1.29034794482857
       1.00000000000000
 84 86 -1
obdef
loc3d
        4.95756313665553              0.69181797222864             89.84997558593750     -1
kind
     26     
    6300          153964     
       12.25000000000000  
 OBS            86
      -0.66141477795684
       1.54534206314344
       1.00000000000000
 85 87 -1
obdef
loc3d
        4.94078657111844              0.67409210989409             60.81152343750000     -1
kind
     26     
    6300          153964     
       12.25000000000000  
 OBS            87
       1.99192325676709
       1.84404805097851
       1.00000000000000
 86 88 -1
obdef
loc3d
        4.95557846691255              0.67267262139613              1.00000000000000     -1
kind
     26     
    6300          153964     
       12.25000000000000  
 OBS            88
       6.06918613212618
       4.85233881471948
       1.00000000000000
 87 89 -1
obdef
loc3d
        4.93193348448080              0.68856418981073            106.00000000000000     -1
kind
     26     
    6300          153964     
       12.25000000000000  
 OBS            89
       1.04987322928802
      -1.77773839310031
       1.00000000000000
 88 90 -1
obdef
loc3d
        4.89970838141578              0.68765245249877            785.09423828125000     -1
kind
     26     
    6300          153964     
       12.25000000000000  
 OBS            90
       3.78979402956754
       1.33106113886365
       1.00000000000000
 89 91 -1
obdef
loc3d
        4.95026814558372              0.68993059237416             93.11567687988281     -1
kind
     26     
    6300          153964     
       12.25000000000000  
 OBS            91
       3.49582583703172
       0.88860907120566
       1.00000000000000
 90 92 -1
obdef
loc3d
        4.94174512165160              0.68484635226999            116.56585693359381     -1
kind
     26     
    6300          153964     
       12.25000000000000  
 OBS            92
       5.28423491714503
       2.34838895616804
       1.00000000000000
 91 93 -1
obdef
loc3d
        4.95420735021482              0.68473663912788             15.00000000000000     -1
kind
     26     
    6300          153964     
       12.25000000000000  
 OBS            93
       1.38463730877109
      -0.23357251475256
       1.00000000000000
 92 94 -1
obdef
loc3d
        4.93477042118681              0.68310638816012            118.89588928222661     -1
kind
     26     
    6300          153964     
       12.25000000000000  
 OBS            94
       7.40085744909652
       1.67242171199437
       1.00000000000000
 93 95 -1
obdef
loc3d
        4.93795631029682              0.68276407673392            144.94107055664060     -1
kind
     26     
    6300          153964     
       12.25000000000000  
 OBS            95
       2.94122571190336
      -0.16952633126259
       1.00000000000000
 94 96 -1
obdef
loc3d
        4.94001671685736              0.68064929967652             43.67281723022461     -1
kind
     26     
    6300          153964     
       12.25000000000000  
 OBS            96
       4.48915837175495
       1.09325635115808
       1.00000000000000
 95 97 -1
obdef
loc3d
        4.94058460161740              0.67807181314514             70.17810058593750     -1
kind
     26     
    6300          153964     
       12.25000000000000  
 OBS            97
       0.36366509681310
       1.05438591017680
       1.00000000000000
 96 98 -1
obdef
loc3d
        4.95423295419494              0.68033176843505              3.71636104583740     -1
kind
     26     
    6300          153964     
       12.25000000000000  
 OBS            98
       4.91781722714713
       1.38108149212700
       1.00000000000000
 97 99 -1
obdef
loc3d
        4.94926894458696              0.66642585587446             10.91526031494141     -1
kind
     26     
    6300          153964     
       12.25000000000000  
 OBS            99
      -6.96667701043833
       1.23911966748124
       1.00000000000000
 98 100 -1
obdef
loc3d
        4.96223480186848              0.66700036066835              5.00000000000000     -1
kind
     26     
    6300          153964     
       12.25000000000000  
 OBS            100
      -6.07891659592438
       0.90036843651510
       1.00000000000000
 99 101 -1
obdef
loc3d
        4.95546148971009              0.67729393735082              6.17724800109863     -1
kind
     26     
    6300          153964     
       12.25000000000000  
 OBS            101
       7.31954757806528
       2.61775722991640
       1.00000000000000
 100 102 -1
obdef
loc3d
        4.92652723985629              0.69051382381431            146.04148864746091     -1
kind
     26     
    6300          153964     
       12.25000000000000  
 OBS            102
       4.23280888033248
       1.45024210139268
       1.00000000000000
 101 103 -1
obdef
loc3d
        4.96366005344362              0.66920346185787              6.00000000000000     -1
kind
     26     
    6300          153964     
       12.25000000000000  
 OBS            103
      -5.92706748076207
      -0.04066816523657
       1.00000000000000
 102 104 -1
obdef
loc3d
        4.97052949833720              0.66907739847133              8.84140872955322     -1
kind
     26     
    6300          153964     
       12.25000000000000  
 OBS            104
      -0.06687540588576
       1.81463541808332
       1.00000000000000
 103 105 -1
obdef
loc3d
        4.95245337490985              0.69269329908122            116.45774841308589     -1
kind
     26     
    6300          153964     
       12.25000000000000  
 OBS            105
       0.58443994068927
       1.52239386758243
       1.00000000000000
 104 106 -1
obdef
loc3d
        4.94885353278042              0.69277717633329            144.09075927734381     -1
kind
     26     
    6300          153964     
       12.25000000000000  
 OBS            106
      -5.19269368157738
       1.26066839045383
       1.00000000000000
 105 107 -1
obdef
loc3d
        4.94336975041274              0.69009669144632            168.92642211914060     -1
kind
     26     
    6300          153964     
       12.25000000000000  
 OBS            107
       3.92658213282578
       1.91201562039254
       1.00000000000000
 106 108 -1
obdef
loc3d
        4.93556788041953              0.67027828664670             15.00000000000000     -1
kind
     26     
    6300          153964     
       12.25000000000000  
 OBS            108
       1.46395859104959
       2.09622775051043
       1.00000000000000
 107 109 -1
obdef
loc3d
        4.94033180527593              0.67113295277478             15.00000000000000     -1
kind
     26     
    6300          153964     
       12.25000000000000  
 OBS            109
      -3.61804971057394
       1.57109545646094
       1.00000000000000
 108 110 -1
obdef
loc3d
        4.94303858410231              0.67245219021673             45.31371688842773     -1
kind
     26     
    6300          153964     
       12.25000000000000  
 OBS            110
       0.70605848284879
       0.72920714947151
       1.00000000000000
 109 111 -1
obdef
loc3d
        4.94353452184302              0.67563108019985             33.40631103515625     -1
kind
     26     
    6300          153964     
       12.25000000000000  
 OBS            111
      -0.80887985285713
       0.91218099409392
       1.00000000000000
 110 112 -1
obdef
loc3d
        4.94374389829480              0.67833415521310             29.86422538757324     -1
kind
     26     
    6300          153964     
       12.25000000000000  
 OBS            112
       3.52137391595317
       0.62338510935088
       1.00000000000000
 111 113 -1
obdef
loc3d
        4.94273365028682              0.68737244152012            176.80966186523440     -1
kind
     26     
    6300          153964     
       12.25000000000000  
 OBS            113
       2.24323473299469
       1.62005689198808
       1.00000000000000
 112 114 -1
obdef
loc3d
        4.92701506510552              0.68724654189208            235.55827331542969     -1
kind
     26     
    6300          153964     
       12.25000000000000  
 OBS            114
      -4.40687166176613
      -0.74768801284566
       1.00000000000000
 113 115 -1
obdef
loc3d
        4.93770287749180              0.68559892863867            149.84144592285159     -1
kind
     26     
    6300          153964     
       12.25000000000000  
 OBS            115
       3.17933681840808
      -0.88550690848629
       1.00000000000000
 114 116 -1
obdef
loc3d
        4.92849072850511              0.69275166570057            196.64169311523440     -1
kind
     26     
    6300          153964     
       12.25000000000000  
 OBS            116
       7.70450184702046
       2.73269579221159
       1.00000000000000
 115 117 -1
obdef
loc3d
        4.94704606827608              0.66890083993760             30.00000000000000     -1
kind
     26     
    6300          153964     
       12.25000000000000  
 OBS            117
      -3.41700715562892
       0.63328517006748
       1.00000000000000
 116 118 -1
obdef
loc3d
        4.93215285315783              0.69272179551745            405.54205322265619     -1
kind
     26     
    6300          153964     
       12.25000000000000  
 OBS            118
       0.13321622050466
       0.55586656984150
       1.00000000000000
 117 119 -1
obdef
loc3d
        4.93041137291484              0.68610286792166             95.01055908203125     -1
kind
     26     
    6300          153964     
       12.25000000000000  
 OBS            119
       1.11492215306963
       2.61734236724746
       1.00000000000000
 118 120 -1
obdef
loc3d
        4.94340662813579              0.66912283370227             30.00000000000000     -1
kind
     26     
    6300          153964     
       12.25000000000000  
 OBS            120
       2.87283306127526
       1.12653415027136
       1.00000000000000
 119 121 -1
obdef
loc3d
        4.94246051140049              0.69284522685509            232.15176391601560     -1
kind
     26     
    6300          153964     
       12.25000000000000  
 OBS            121
      -0.80103306239562
       0.08626497222945
       1.00000000000000
 120 122 -1
obdef
loc3d
        4.94897278262263              0.68784055253573             58.60614395141602     -1
kind
     26     
    6300          153964     
       12.25000000000000  
 OBS            122
      -1.56927241462294
       0.70073383907496
       1.00000000000000
 121 123 -1
obdef
loc3d
        4.94541527617556              0.68071005727643             33.77826690673828     -1
kind
     26     
    6300          153964     
       12.25000000000000  
 OBS            123
       0.12644907532308
       1.76055113392075
       1.00000000000000
 122 124 -1
obdef
loc3d
        4.93748800785195              0.67296050504062             44.45593643188477     -1
kind
     26     
    6300          153964     
       12.25000000000000  
 OBS            124
       3.47354870520559
       2.71909828613060
       1.00000000000000
 123 125 -1
obdef
loc3d
        4.93696530791536              0.69256666762304            156.90283203125000     -1
kind
     26     
    6300          153964     
       12.25000000000000  
 OBS            125
      -0.33816509750070
       1.13587063882563
       1.00000000000000
 124 126 -1
obdef
loc3d
        4.92145179475246              0.69276808226809            165.77503967285159     -1
kind
     26     
    6300          153964     
       12.25000000000000  
 OBS            126
       2.50817298901754
       0.81768092704504
       1.00000000000000
 125 127 -1
obdef
loc3d
        4.93950672299123              0.68813471885857            177.40441894531250     -1
kind
     26     
    6300          153964     
       12.25000000000000  
 OBS            127
       6.67401567707279
       3.44274421447403
       1.00000000000000
 126 128 -1
obdef
loc3d
        4.93611382531472              0.68823817566222            173.73840332031250     -1
kind
     26     
    6300          153964     
       12.25000000000000  
 OBS            128
       2.29748431304854
       1.21261373099086
       1.00000000000000
 127 129 -1
obdef
loc3d
        4.94685988234341              0.69028594514941            170.37097167968750     -1
kind
     26     
    6300          153964     
       12.25000000000000  
 OBS            129
       3.60804238075355
       3.68736990198525
       1.00000000000000
 128 130 -1
obdef
loc3d
        4.93440797857224              0.69076858072881            137.08886718750000     -1
kind
     26     
    6300          153964     
       12.25000000000000  
 OBS            130
      -4.56992832670952
      -0.25361167930606
       1.00000000000000
 129 131 -1
obdef
loc3d
        4.93397023736678              0.68569719666510            120.48287200927730     -1
kind
     26     
    6300          153964     
       12.25000000000000  
 OBS            131
       2.36465493645531
       1.52372552891934
       1.00000000000000
 130 132 -1
obdef
loc3d
        4.96098036034072              0.67790128169477             17.24609375000000     -1
kind
     26     
    6300          153964     
       12.25000000000000  
 OBS            132
       3.52691010689218
       2.49153078709215
       1.00000000000000
 131 133 -1
obdef
loc3d
        4.95746178551042              0.68576241061300             17.20619201660156     -1
kind
     26     
    6300          153964     
       12.25000000000000  
 OBS            133
      -0.20895100712817
      -3.01223055703062
       1.00000000000000
 132 134 -1
obdef
loc3d
        4.96821528454312              0.66626811336639              8.93466186523438     -1
kind
     26     
    6300          153964     
       12.25000000000000  
 OBS            134
       2.20238327398291
       2.34770170687892
       1.00000000000000
 133 135 -1
obdef
loc3d
        4.95821139545160              0.68356985009176             15.00000000000000     -1
kind
     26     
    6300          153964     
       12.25000000000000  
 OBS            135
       2.43385019908919
       1.63300818487416
       1.00000000000000
 134 136 -1
obdef
loc3d
        4.95929084301108              0.67289450711582              9.91464328765869     -1
kind
     26     
    6300          153964     
       12.25000000000000  
 OBS            136
       2.26813037641791
       1.58022593537618
       1.00000000000000
 135 137 -1
obdef
loc3d
        4.95884231318174              0.67566319569297             12.79061889648438     -1
kind
     26     
    6300          153964     
       12.25000000000000  
 OBS            137
       2.65092292597176
       1.32194589284022
       1.00000000000000
 136 138 -1
obdef
loc3d
        4.96068172506451              0.68176493518182             14.00000000000000     -1
kind
     26     
    6300          153964     
       12.25000000000000  
 OBS            138
       1.56371893810684
       2.86345268452516
       1.00000000000000
 137 139 -1
obdef
loc3d
        4.96044430349621              0.68522255501691             15.00000000000000     -1
kind
     26     
    6300          153964     
       12.25000000000000  
 OBS            139
       3.04934909538056
       0.87714435473787
       1.00000000000000
 138 140 -1
obdef
loc3d
        4.95653505007277              0.68174821287482             15.07347202301025     -1
kind
     26     
    6300          153964     
       12.25000000000000  
 OBS            140
       7.70558851460262
       2.62096309868840
       1.00000000000000
 139 141 -1
obdef
loc3d
        4.96521948188739              0.66389255790081              6.10258388519287     -1
kind
     26     
    6300          153964     
       12.25000000000000  
 OBS            141
      -2.13818105151002
       0.51547780134891
       1.00000000000000
 140 142 -1
obdef
loc3d
        4.96720461139216              0.67033432936439             12.91210937500000     -1
kind
     26     
    6300          153964     
       12.25000000000000  
 OBS            142
      -0.89280426857712
       3.46312114590631
       1.00000000000000
 141 143 -1
obdef
loc3d
        4.96018888249816              0.68814255256013             15.00000000000000     -1
kind
     26     
    6300          153964     
       12.25000000000000  
 OBS            143
       5.22350239092781
       1.72258014410559
       1.00000000000000
 142 144 -1
obdef
loc3d
        4.95410557213704              0.69029785801799             54.42578125000000     -1
kind
     26     
    6300          153964     
       12.25000000000000  
 OBS            144
       0.21261332491203
       3.25916756374631
       1.00000000000000
 143 145 -1
obdef
loc3d
        4.95508230192316              0.68705689194968              9.08530712127686     -1
kind
     26     
    6300          153964     
       12.25000000000000  
 OBS            145
       1.14425497996969
      -0.83305299163329
       1.00000000000000
 144 146 -1
obdef
loc3d
        4.89659470219302              0.68517541625982            824.84875488281250     -1
kind
     26     
    6300          153964     
       12.25000000000000  
 OBS            146
       3.93416202426466
       0.16409972895734
       1.00000000000000
 145 147 -1
obdef
loc3d
        4.89719607397323              0.69286120068011            493.76440429687500     -1
kind
     26     
    6300          153964     
       12.25000000000000  
 OBS            147
      -7.65019405528912
      -1.43956955055942
       1.00000000000000
 146 148 -1
obdef
loc3d
        4.91562721585699              0.69268557315466            290.85858154296881     -1
kind
     26     
    6300          153964     
       12.25000000000000  
 OBS            148
       4.81085313520050
      -0.81220930847987
       1.00000000000000
 147 149 -1
obdef
loc3d
        4.89650463462054              0.68965598658767            806.96582031250000     -1
kind
     26     
    6300          153964     
       12.25000000000000  
 OBS            149
       0.76380595026757
       1.31764731389459
       1.00000000000000
 148 150 -1
obdef
loc3d
        4.90117724149658              0.69117926561099            769.23168945312500     -1
kind
     26     
    6300          153964     
       12.25000000000000  
 OBS            150
      -0.68464843719847
      -1.17487560827636
       1.00000000000000
 149 151 -1
obdef
loc3d
        4.91058697772938              0.69047364022544            228.45222473144531     -1
kind
     26     
    6300          153964     
       12.25000000000000  
 OBS            151
     296.00058196978023
     294.85205101248101
       1.00000000000000
 150 152 -1
obdef
loc3d
        4.90540352515539              0.69194112440599            606.33142089843750     -1
kind
     27     
    6300          153964     
        6.25000000000000  
 OBS            152
     297.17107112863556
     296.66594073036799
       1.00000000000000
 151 153 -1
obdef
loc3d
        4.94546412681761              0.68348353984884             17.75631332397461     -1
kind
     27     
    6300          153964     
        6.25000000000000  
 OBS            153
     300.51966122098014
     298.43032410957699
       1.00000000000000
 152 154 -1
obdef
loc3d
        4.94660974174000              0.67744857875853             29.35406684875488     -1
kind
     27     
    6300          153964     
        6.25000000000000  
 OBS            154
     295.19654143166906
     296.81161637976999
       1.00000000000000
 153 155 -1
obdef
loc3d
        4.94648126630843              0.68652865419204             54.82812500000000     -1
kind
     27     
    6300          153964     
        6.25000000000000  
 OBS            155
     296.99017008699718
     297.04158815090199
       1.00000000000000
 154 156 -1
obdef
loc3d
        4.94445426011379              0.68507566758975             62.61011505126953     -1
kind
     27     
    6300          153964     
        6.25000000000000  
 OBS            156
     298.15152406357606
     296.45923246570698
       1.00000000000000
 155 157 -1
obdef
loc3d
        4.94602055174578              0.68752162087271            134.15721130371091     -1
kind
     27     
    6300          153964     
        6.25000000000000  
 OBS            157
     296.83806456723295
     296.96749950685700
       1.00000000000000
 156 158 -1
obdef
loc3d
        4.94603912728501              0.67254511985829             35.00297546386719     -1
kind
     27     
    6300          153964     
        6.25000000000000  
 OBS            158
     297.82148574408325
     297.29139155960098
       1.00000000000000
 157 159 -1
obdef
loc3d
        4.95877904994953              0.67986585977255             17.04111671447754     -1
kind
     27     
    6300          153964     
        6.25000000000000  
 OBS            159
     295.20879674524974
     296.41119448352299
       1.00000000000000
 158 160 -1
obdef
loc3d
        4.93958042817759              0.69095160998657            226.13127136230469     -1
kind
     27     
    6300          153964     
        6.25000000000000  
 OBS            160
     297.79848211460455
     296.31774013367800
       1.00000000000000
 159 161 -1
obdef
loc3d
        4.95756313665553              0.69181797222864             89.84997558593750     -1
kind
     27     
    6300          153964     
        6.25000000000000  
 OBS            161
     297.54294170450561
     296.80860948422298
       1.00000000000000
 160 162 -1
obdef
loc3d
        4.94078657111844              0.67409210989409             60.81152343750000     -1
kind
     27     
    6300          153964     
        6.25000000000000  
 OBS            162
     296.63927420428951
     297.06075657763000
       1.00000000000000
 161 163 -1
obdef
loc3d
        4.95557846691255              0.67267262139613              1.00000000000000     -1
kind
     27     
    6300          153964     
        6.25000000000000  
 OBS            163
     298.40400119959827
     297.33777490768301
       1.00000000000000
 162 164 -1
obdef
loc3d
        4.93193348448080              0.68856418981073            106.00000000000000     -1
kind
     27     
    6300          153964     
        6.25000000000000  
 OBS            164
     293.88782121880047
     292.94427443931500
       1.00000000000000
 163 165 -1
obdef
loc3d
        4.89970838141578              0.68765245249877            785.09423828125000     -1
kind
     27     
    6300          153964     
        6.25000000000000  
 OBS            165
     297.81154112467698
     295.53470653993702
       1.00000000000000
 164 166 -1
obdef
loc3d
        4.95026814558372              0.68993059237416             93.11567687988281     -1
kind
     27     
    6300          153964     
        6.25000000000000  
 OBS            166
     297.66110126411417
     296.66890402582698
       1.00000000000000
 165 167 -1
obdef
loc3d
        4.94174512165160              0.68484635226999            116.56585693359381     -1
kind
     27     
    6300          153964     
        6.25000000000000  
 OBS            167
     296.98038475786626
     296.64409293086499
       1.00000000000000
 166 168 -1
obdef
loc3d
        4.95420735021482              0.68473663912788             15.00000000000000     -1
kind
     27     
    6300          153964     
        6.25000000000000  
 OBS            168
     294.39674347312024
     297.37862179317000
       1.00000000000000
 167 169 -1
obdef
loc3d
        4.93477042118681              0.68310638816012            118.89588928222661     -1
kind
     27     
    6300          153964     
        6.25000000000000  
 OBS            169
     295.75922747662787
     296.08767369627100
       1.00000000000000
 168 170 -1
obdef
loc3d
        4.93795631029682              0.68276407673392            144.94107055664060     -1
kind
     27     
    6300          153964     
        6.25000000000000  
 OBS            170
     296.72599126427008
     296.51894751340899
       1.00000000000000
 169 171 -1
obdef
loc3d
        4.94001671685736              0.68064929967652             43.67281723022461     -1
kind
     27     
    6300          153964     
        6.25000000000000  
 OBS            171
     296.48929920638147
     296.96540164308902
       1.00000000000000
 170 172 -1
obdef
loc3d
        4.94058460161740              0.67807181314514             70.17810058593750     -1
kind
     27     
    6300          153964     
        6.25000000000000  
 OBS            172
     296.54209112810287
     297.18152949541900
       1.00000000000000
 171 173 -1
obdef
loc3d
        4.95423295419494              0.68033176843505              3.71636104583740     -1
kind
     27     
    6300          153964     
        6.25000000000000  
 OBS            173
     297.74020464043463
     297.92183380809900
       1.00000000000000
 172 174 -1
obdef
loc3d
        4.94926894458696              0.66642585587446             10.91526031494141     -1
kind
     27     
    6300          153964     
        6.25000000000000  
 OBS            174
     298.10504412589921
     298.08882937381100
       1.00000000000000
 173 175 -1
obdef
loc3d
        4.96223480186848              0.66700036066835              5.00000000000000     -1
kind
     27     
    6300          153964     
        6.25000000000000  
 OBS            175
     297.03119909055397
     297.62578382923601
       1.00000000000000
 174 176 -1
obdef
loc3d
        4.95546148971009              0.67729393735082              6.17724800109863     -1
kind
     27     
    6300          153964     
        6.25000000000000  
 OBS            176
     297.54045385548812
     297.38477762693600
       1.00000000000000
 175 177 -1
obdef
loc3d
        4.92652723985629              0.69051382381431            146.04148864746091     -1
kind
     27     
    6300          153964     
        6.25000000000000  
 OBS            177
     297.27271977766691
     297.86844534147298
       1.00000000000000
 176 178 -1
obdef
loc3d
        4.96366005344362              0.66920346185787              6.00000000000000     -1
kind
     27     
    6300          153964     
        6.25000000000000  
 OBS            178
     296.69080723355813
     296.29512285232403
       1.00000000000000
 177 179 -1
obdef
loc3d
        4.97052949833720              0.66907739847133              8.84140872955322     -1
kind
     27     
    6300          153964     
        6.25000000000000  
 OBS            179
     294.30904406902368
     295.65444435713198
       1.00000000000000
 178 180 -1
obdef
loc3d
        4.95245337490985              0.69269329908122            116.45774841308589     -1
kind
     27     
    6300          153964     
        6.25000000000000  
 OBS            180
     296.00574356623446
     294.90790706308201
       1.00000000000000
 179 181 -1
obdef
loc3d
        4.94885353278042              0.69277717633329            144.09075927734381     -1
kind
     27     
    6300          153964     
        6.25000000000000  
 OBS            181
     295.10813204441752
     296.02036648505901
       1.00000000000000
 180 182 -1
obdef
loc3d
        4.94336975041274              0.69009669144632            168.92642211914060     -1
kind
     27     
    6300          153964     
        6.25000000000000  
 OBS            182
     298.07123848155607
     297.21997051448699
       1.00000000000000
 181 183 -1
obdef
loc3d
        4.93556788041953              0.67027828664670             15.00000000000000     -1
kind
     27     
    6300          153964     
        6.25000000000000  
 OBS            183
     295.80083726023679
     296.86185304131902
       1.00000000000000
 182 184 -1
obdef
loc3d
        4.94033180527593              0.67113295277478             15.00000000000000     -1
kind
     27     
    6300          153964     
        6.25000000000000  
 OBS            184
     297.40437508428346
     296.94043843454000
       1.00000000000000
 183 185 -1
obdef
loc3d
        4.94303858410231              0.67245219021673             45.31371688842773     -1
kind
     27     
    6300          153964     
        6.25000000000000  
 OBS            185
     299.42526926842834
     297.74995437643599
       1.00000000000000
 184 186 -1
obdef
loc3d
        4.94353452184302              0.67563108019985             33.40631103515625     -1
kind
     27     
    6300          153964     
        6.25000000000000  
 OBS            186
     297.44577648466287
     297.48441605022998
       1.00000000000000
 185 187 -1
obdef
loc3d
        4.94374389829480              0.67833415521310             29.86422538757324     -1
kind
     27     
    6300          153964     
        6.25000000000000  
 OBS            187
     297.03140570707245
     295.68001633998898
       1.00000000000000
 186 188 -1
obdef
loc3d
        4.94273365028682              0.68737244152012            176.80966186523440     -1
kind
     27     
    6300          153964     
        6.25000000000000  
 OBS            188
     292.94548489841355
     296.02075425238201
       1.00000000000000
 187 189 -1
obdef
loc3d
        4.92701506510552              0.68724654189208            235.55827331542969     -1
kind
     27     
    6300          153964     
        6.25000000000000  
 OBS            189
     296.10021524036512
     296.18590298336602
       1.00000000000000
 188 190 -1
obdef
loc3d
        4.93770287749180              0.68559892863867            149.84144592285159     -1
kind
     27     
    6300          153964     
        6.25000000000000  
 OBS            190
     296.67555492528720
     296.73656207616602
       1.00000000000000
 189 191 -1
obdef
loc3d
        4.92849072850511              0.69275166570057            196.64169311523440     -1
kind
     27     
    6300          153964     
        6.25000000000000  
 OBS            191
     296.81135517396291
     297.42523729955400
       1.00000000000000
 190 192 -1
obdef
loc3d
        4.94704606827608              0.66890083993760             30.00000000000000     -1
kind
     27     
    6300          153964     
        6.25000000000000  
 OBS            192
     295.90690569972446
     295.62700771219897
       1.00000000000000
 191 193 -1
obdef
loc3d
        4.93215285315783              0.69272179551745            405.54205322265619     -1
kind
     27     
    6300          153964     
        6.25000000000000  
 OBS            193
     296.61489939423092
     297.58516635204597
       1.00000000000000
 192 194 -1
obdef
loc3d
        4.93041137291484              0.68610286792166             95.01055908203125     -1
kind
     27     
    6300          153964     
        6.25000000000000  
 OBS            194
     295.42731197291420
     297.10254272108000
       1.00000000000000
 193 195 -1
obdef
loc3d
        4.94340662813579              0.66912283370227             30.00000000000000     -1
kind
     27     
    6300          153964     
        6.25000000000000  
 OBS            195
     294.88081541056795
     295.49003759273103
       1.00000000000000
 194 196 -1
obdef
loc3d
        4.94246051140049              0.69284522685509            232.15176391601560     -1
kind
     27     
    6300          153964     
        6.25000000000000  
 OBS            196
     296.95433557695316
     296.29946824033402
       1.00000000000000
 195 197 -1
obdef
loc3d
        4.94897278262263              0.68784055253573             58.60614395141602     -1
kind
     27     
    6300          153964     
        6.25000000000000  
 OBS            197
     297.80721566260831
     296.97997444486202
       1.00000000000000
 196 198 -1
obdef
loc3d
        4.94541527617556              0.68071005727643             33.77826690673828     -1
kind
     27     
    6300          153964     
        6.25000000000000  
 OBS            198
     297.04750339721733
     296.48399190179100
       1.00000000000000
 197 199 -1
obdef
loc3d
        4.93748800785195              0.67296050504062             44.45593643188477     -1
kind
     27     
    6300          153964     
        6.25000000000000  
 OBS            199
     296.26963705731038
     296.30027213709798
       1.00000000000000
 198 200 -1
obdef
loc3d
        4.93696530791536              0.69256666762304            156.90283203125000     -1
kind
     27     
    6300          153964     
        6.25000000000000  
 OBS            200
     297.07349945408976
     297.77939652568301
       1.00000000000000
 199 201 -1
obdef
loc3d
        4.92145179475246              0.69276808226809            165.77503967285159     -1
kind
     27     
    6300          153964     
        6.25000000000000  
 OBS            201
     295.67484889042998
     295.46791114324998
       1.00000000000000
 200 202 -1
obdef
loc3d
        4.93950672299123              0.68813471885857            177.40441894531250     -1
kind
     27     
    6300          153964     
        6.25000000000000  
 OBS            202
     295.15164355622574
     296.65441156827501
       1.00000000000000
 201 203 -1
obdef
loc3d
        4.93611382531472              0.68823817566222            173.73840332031250     -1
kind
     27     
    6300          153964     
        6.25000000000000  
 OBS            203
     295.95784465936197
     295.26225817130597
       1.00000000000000
 202 204 -1
obdef
loc3d
        4.94685988234341              0.69028594514941            170.37097167968750     -1
kind
     27     
    6300          153964     
        6.25000000000000  
 OBS            204
     297.73925344879910
     297.36301441433699
       1.00000000000000
 203 205 -1
obdef
loc3d
        4.93440797857224              0.69076858072881            137.08886718750000     -1
kind
     27     
    6300          153964     
        6.25000000000000  
 OBS            205
     297.80211849348927
     297.24494525607298
       1.00000000000000
 204 206 -1
obdef
loc3d
        4.93397023736678              0.68569719666510            120.48287200927730     -1
kind
     27     
    6300          153964     
        6.25000000000000  
 OBS            206
     297.79594071969973
     298.30679744238103
       1.00000000000000
 205 207 -1
obdef
loc3d
        4.96098036034072              0.67790128169477             17.24609375000000     -1
kind
     27     
    6300          153964     
        6.25000000000000  
 OBS            207
     295.44969379530289
     296.51404013318898
       1.00000000000000
 206 208 -1
obdef
loc3d
        4.95746178551042              0.68576241061300             17.20619201660156     -1
kind
     27     
    6300          153964     
        6.25000000000000  
 OBS            208
     295.28901145214473
     296.22335254753898
       1.00000000000000
 207 209 -1
obdef
loc3d
        4.96821528454312              0.66626811336639              8.93466186523438     -1
kind
     27     
    6300          153964     
        6.25000000000000  
 OBS            209
     295.94375761719078
     296.92201581915702
       1.00000000000000
 208 210 -1
obdef
loc3d
        4.95821139545160              0.68356985009176             15.00000000000000     -1
kind
     27     
    6300          153964     
        6.25000000000000  
 OBS            210
     297.34699163329600
     297.24433373678499
       1.00000000000000
 209 211 -1
obdef
loc3d
        4.95929084301108              0.67289450711582              9.91464328765869     -1
kind
     27     
    6300          153964     
        6.25000000000000  
 OBS            211
     296.16048280121970
     297.31835061813098
       1.00000000000000
 210 212 -1
obdef
loc3d
        4.95884231318174              0.67566319569297             12.79061889648438     -1
kind
     27     
    6300          153964     
        6.25000000000000  
 OBS            212
     298.34563219718063
     297.53413823897802
       1.00000000000000
 211 213 -1
obdef
loc3d
        4.96068172506451              0.68176493518182             14.00000000000000     -1
kind
     27     
    6300          153964     
        6.25000000000000  
 OBS            213
     296.45077927505361
     296.86046213523002
       1.00000000000000
 212 214 -1
obdef
loc3d
        4.96044430349621              0.68522255501691             15.00000000000000     -1
kind
     27     
    6300          153964     
        6.25000000000000  
 OBS            214
     296.22958376614554
     297.16892911622102
       1.00000000000000
 213 215 -1
obdef
loc3d
        4.95653505007277              0.68174821287482             15.07347202301025     -1
kind
     27     
    6300          153964     
        6.25000000000000  
 OBS            215
     297.43671113917611
     297.09993532128902
       1.00000000000000
 214 216 -1
obdef
loc3d
        4.96521948188739              0.66389255790081              6.10258388519287     -1
kind
     27     
    6300          153964     
        6.25000000000000  
 OBS            216
     297.24982224320507
     297.39190804086400
       1.00000000000000
 215 217 -1
obdef
loc3d
        4.96720461139216              0.67033432936439             12.91210937500000     -1
kind
     27     
    6300          153964     
        6.25000000000000  
 OBS            217
     295.42995993166187
     296.35426131822697
       1.00000000000000
 216 218 -1
obdef
loc3d
        4.96018888249816              0.68814255256013             15.00000000000000     -1
kind
     27     
    6300          153964     
        6.25000000000000  
 OBS            218
     296.18130172841853
     296.71522165522202
       1.00000000000000
 217 219 -1
obdef
loc3d
        4.95410557213704              0.69029785801799             54.42578125000000     -1
kind
     27     
    6300          153964     
        6.25000000000000  
 OBS            219
     293.89578303380205
     296.33642729397900
       1.00000000000000
 218 220 -1
obdef
loc3d
        4.95508230192316              0.68705689194968              9.08530712127686     -1
kind
     27     
    6300          153964     
        6.25000000000000  
 OBS            220
     291.13571143350839
     292.02498552150900
       1.00000000000000
 219 221 -1
obdef
loc3d
        4.89659470219302              0.68517541625982            824.84875488281250     -1
kind
     27     
    6300          153964     
        6.25000000000000  
 OBS            221
     297.28651035049046
     294.25422712729699
       1.00000000000000
 220 222 -1
obdef
loc3d
        4.89719607397323              0.69286120068011            493.76440429687500     -1
kind
     27     
    6300          153964     
        6.25000000000000  
 OBS            222
     296.87229613096150
     297.00246947758097
       1.00000000000000
 221 223 -1
obdef
loc3d
        4.91562721585699              0.69268557315466            290.85858154296881     -1
kind
     27     
    6300          153964     
        6.25000000000000  
 OBS            223
     294.62517245467058
     292.23558615722698
       1.00000000000000
 222 224 -1
obdef
loc3d
        4.89650463462054              0.68965598658767            806.96582031250000     -1
kind
     27     
    6300          153964     
        6.25000000000000  
 OBS            224
     294.49644953801931
     293.01244243147897
       1.00000000000000
 223 225 -1
obdef
loc3d
        4.90117724149658              0.69117926561099            769.23168945312500     -1
kind
     27     
    6300          153964     
        6.25000000000000  
 OBS            225
     297.07418658381482
     298.20235548407197
       1.00000000000000
 224 -1 -1
obdef
loc3d
        4.91058697772938              0.69047364022544            228.45222473144531     -1
kind
     27     
    6300          153964     
        6.25000000000000  
