 obs_sequence
obs_kind_definitions
       3
    25          LAND_SFC_U_WIND_COMPONENT   
    26          LAND_SFC_V_WIND_COMPONENT   
    27          LAND_SFC_TEMPERATURE   
  num_copies:            2  num_qc:            1
 num_obs:       225  max_num_obs:       225
observations
truth
QC radar
  first:            1  last:       225
 OBS            1
      -0.13165316359114
       0.31946285896493
       1.00000000000000
 -1 2 -1
obdef
loc3d
        4.90540352515539              0.69194112440599            606.33142089843750     -1
kind
     25     
    14400          153964     
       12.25000000000000  
 OBS            2
       1.46025001259423
       0.57300625784440
       1.00000000000000
 1 3 -1
obdef
loc3d
        4.94546412681761              0.68348353984884             17.75631332397461     -1
kind
     25     
    14400          153964     
       12.25000000000000  
 OBS            3
       7.33270126601717
       1.50513224754207
       1.00000000000000
 2 4 -1
obdef
loc3d
        4.94660974174000              0.67744857875853             29.35406684875488     -1
kind
     25     
    14400          153964     
       12.25000000000000  
 OBS            4
       0.96437901692357
      -0.29939039335646
       1.00000000000000
 3 5 -1
obdef
loc3d
        4.94648126630843              0.68652865419204             54.82812500000000     -1
kind
     25     
    14400          153964     
       12.25000000000000  
 OBS            5
       0.87729080293687
      -0.26758587278863
       1.00000000000000
 4 6 -1
obdef
loc3d
        4.94445426011379              0.68507566758975             62.61011505126953     -1
kind
     25     
    14400          153964     
       12.25000000000000  
 OBS            6
       1.35479278614961
      -0.68381300260134
       1.00000000000000
 5 7 -1
obdef
loc3d
        4.94602055174578              0.68752162087271            134.15721130371091     -1
kind
     25     
    14400          153964     
       12.25000000000000  
 OBS            7
       1.30963389392888
      -0.35172170889780
       1.00000000000000
 6 8 -1
obdef
loc3d
        4.94603912728501              0.67254511985829             35.00297546386719     -1
kind
     25     
    14400          153964     
       12.25000000000000  
 OBS            8
      -0.80191062802408
      -1.79924807110598
       1.00000000000000
 7 9 -1
obdef
loc3d
        4.95877904994953              0.67986585977255             17.04111671447754     -1
kind
     25     
    14400          153964     
       12.25000000000000  
 OBS            9
      -0.79734289992831
      -1.35229571413036
       1.00000000000000
 8 10 -1
obdef
loc3d
        4.93958042817759              0.69095160998657            226.13127136230469     -1
kind
     25     
    14400          153964     
       12.25000000000000  
 OBS            10
      -0.01981519285478
      -0.11122535299528
       1.00000000000000
 9 11 -1
obdef
loc3d
        4.95756313665553              0.69181797222864             89.84997558593750     -1
kind
     25     
    14400          153964     
       12.25000000000000  
 OBS            11
      -1.29480300861225
       0.30697407431746
       1.00000000000000
 10 12 -1
obdef
loc3d
        4.94078657111844              0.67409210989409             60.81152343750000     -1
kind
     25     
    14400          153964     
       12.25000000000000  
 OBS            12
      -3.07379409307149
      -1.32654921220706
       1.00000000000000
 11 13 -1
obdef
loc3d
        4.95557846691255              0.67267262139613              1.00000000000000     -1
kind
     25     
    14400          153964     
       12.25000000000000  
 OBS            13
      -0.03082289294823
      -0.06228705455898
       1.00000000000000
 12 14 -1
obdef
loc3d
        4.93193348448080              0.68856418981073            106.00000000000000     -1
kind
     25     
    14400          153964     
       12.25000000000000  
 OBS            14
      -0.68668931905742
       1.09540746518236
       1.00000000000000
 13 15 -1
obdef
loc3d
        4.89970838141578              0.68765245249877            785.09423828125000     -1
kind
     25     
    14400          153964     
       12.25000000000000  
 OBS            15
      -3.75087513290869
       0.44086750471994
       1.00000000000000
 14 16 -1
obdef
loc3d
        4.95026814558372              0.68993059237416             93.11567687988281     -1
kind
     25     
    14400          153964     
       12.25000000000000  
 OBS            16
       1.73615512666231
      -0.31210656776614
       1.00000000000000
 15 17 -1
obdef
loc3d
        4.94174512165160              0.68484635226999            116.56585693359381     -1
kind
     25     
    14400          153964     
       12.25000000000000  
 OBS            17
       0.02038256516346
       1.23641260356395
       1.00000000000000
 16 18 -1
obdef
loc3d
        4.95420735021482              0.68473663912788             15.00000000000000     -1
kind
     25     
    14400          153964     
       12.25000000000000  
 OBS            18
      -1.97347968765664
      -2.83595587689303
       1.00000000000000
 17 19 -1
obdef
loc3d
        4.93477042118681              0.68310638816012            118.89588928222661     -1
kind
     25     
    14400          153964     
       12.25000000000000  
 OBS            19
      -0.75416796305101
      -1.30039031348351
       1.00000000000000
 18 20 -1
obdef
loc3d
        4.93795631029682              0.68276407673392            144.94107055664060     -1
kind
     25     
    14400          153964     
       12.25000000000000  
 OBS            20
       4.59667389657669
      -0.57629928575572
       1.00000000000000
 19 21 -1
obdef
loc3d
        4.94001671685736              0.68064929967652             43.67281723022461     -1
kind
     25     
    14400          153964     
       12.25000000000000  
 OBS            21
      -3.23180137345778
      -0.28998865387373
       1.00000000000000
 20 22 -1
obdef
loc3d
        4.94058460161740              0.67807181314514             70.17810058593750     -1
kind
     25     
    14400          153964     
       12.25000000000000  
 OBS            22
      -1.74031530492068
      -1.04531882808920
       1.00000000000000
 21 23 -1
obdef
loc3d
        4.95423295419494              0.68033176843505              3.71636104583740     -1
kind
     25     
    14400          153964     
       12.25000000000000  
 OBS            23
       2.48536597768527
       0.88062763088377
       1.00000000000000
 22 24 -1
obdef
loc3d
        4.94926894458696              0.66642585587446             10.91526031494141     -1
kind
     25     
    14400          153964     
       12.25000000000000  
 OBS            24
      -2.86098262864937
      -1.27331126633708
       1.00000000000000
 23 25 -1
obdef
loc3d
        4.96223480186848              0.66700036066835              5.00000000000000     -1
kind
     25     
    14400          153964     
       12.25000000000000  
 OBS            25
      -2.13598322596841
      -1.41184060040895
       1.00000000000000
 24 26 -1
obdef
loc3d
        4.95546148971009              0.67729393735082              6.17724800109863     -1
kind
     25     
    14400          153964     
       12.25000000000000  
 OBS            26
      -1.47211624723108
       0.07160060608743
       1.00000000000000
 25 27 -1
obdef
loc3d
        4.92652723985629              0.69051382381431            146.04148864746091     -1
kind
     25     
    14400          153964     
       12.25000000000000  
 OBS            27
       1.54691819894517
      -1.39697469046395
       1.00000000000000
 26 28 -1
obdef
loc3d
        4.96366005344362              0.66920346185787              6.00000000000000     -1
kind
     25     
    14400          153964     
       12.25000000000000  
 OBS            28
      -2.17158527657627
      -2.23157770149363
       1.00000000000000
 27 29 -1
obdef
loc3d
        4.97052949833720              0.66907739847133              8.84140872955322     -1
kind
     25     
    14400          153964     
       12.25000000000000  
 OBS            29
       0.53639578656092
       0.29554106868953
       1.00000000000000
 28 30 -1
obdef
loc3d
        4.95272465676814              0.69285338512106             17.57446289062500     -1
kind
     25     
    14400          153964     
       12.25000000000000  
 OBS            30
       1.24618635098779
      -0.54746251923988
       1.00000000000000
 29 31 -1
obdef
loc3d
        4.94895487610473              0.69270373762026            144.09075927734381     -1
kind
     25     
    14400          153964     
       12.25000000000000  
 OBS            31
      -1.32573424207383
       0.10745730677298
       1.00000000000000
 30 32 -1
obdef
loc3d
        4.94293085461737              0.69053117803871            168.92642211914060     -1
kind
     25     
    14400          153964     
       12.25000000000000  
 OBS            32
       1.52005999125049
      -0.15975510133864
       1.00000000000000
 31 33 -1
obdef
loc3d
        4.93556788041953              0.67027828664670             15.00000000000000     -1
kind
     25     
    14400          153964     
       12.25000000000000  
 OBS            33
       1.41114915363080
       0.79398732963378
       1.00000000000000
 32 34 -1
obdef
loc3d
        4.94611628544174              0.67496858055017             35.03607940673828     -1
kind
     25     
    14400          153964     
       12.25000000000000  
 OBS            34
      -5.14148811213050
       0.30858838405413
       1.00000000000000
 33 35 -1
obdef
loc3d
        4.94304709522229              0.67138694960003             45.00000000000000     -1
kind
     25     
    14400          153964     
       12.25000000000000  
 OBS            35
       1.15276700652144
       1.34633278860756
       1.00000000000000
 34 36 -1
obdef
loc3d
        4.94323627307922              0.67609935421143             50.91764831542969     -1
kind
     25     
    14400          153964     
       12.25000000000000  
 OBS            36
       5.10293631921831
       1.38420829046493
       1.00000000000000
 35 37 -1
obdef
loc3d
        4.94382880471830              0.67878617658979             35.27229690551758     -1
kind
     25     
    14400          153964     
       12.25000000000000  
 OBS            37
       0.51904505068679
      -0.67272035773501
       1.00000000000000
 36 38 -1
obdef
loc3d
        4.94220707390035              0.68781081917460            173.94366455078119     -1
kind
     25     
    14400          153964     
       12.25000000000000  
 OBS            38
     -10.11497870048655
      -2.64376404753670
       1.00000000000000
 37 39 -1
obdef
loc3d
        4.92755542120837              0.68675243746254            174.61849975585940     -1
kind
     25     
    14400          153964     
       12.25000000000000  
 OBS            39
       4.65104583301954
      -1.39361788127820
       1.00000000000000
 38 40 -1
obdef
loc3d
        4.93770287749180              0.68559892863867            149.84144592285159     -1
kind
     25     
    14400          153964     
       12.25000000000000  
 OBS            40
       2.52992691885472
       0.05267038339153
       1.00000000000000
 39 41 -1
obdef
loc3d
        4.92848130899840              0.69282991767383            196.64169311523440     -1
kind
     25     
    14400          153964     
       12.25000000000000  
 OBS            41
      -0.46143186877339
       0.20975709029863
       1.00000000000000
 40 42 -1
obdef
loc3d
        4.94329123891126              0.66857696973652             21.80461120605469     -1
kind
     25     
    14400          153964     
       12.25000000000000  
 OBS            42
      -3.85830574576781
      -1.26835828188052
       1.00000000000000
 41 43 -1
obdef
loc3d
        4.93215285315783              0.69272179551745            405.54205322265619     -1
kind
     25     
    14400          153964     
       12.25000000000000  
 OBS            43
       1.60568132487378
      -3.50012693701399
       1.00000000000000
 42 44 -1
obdef
loc3d
        4.93085954966869              0.68304429171430             90.32812500000000     -1
kind
     25     
    14400          153964     
       12.25000000000000  
 OBS            44
       2.08205760403819
      -1.09061110379495
       1.00000000000000
 43 45 -1
obdef
loc3d
        4.93705662369825              0.67280917017713             44.45593643188477     -1
kind
     25     
    14400          153964     
       12.25000000000000  
 OBS            45
      -4.19983313118457
       1.94377693345686
       1.00000000000000
 44 46 -1
obdef
loc3d
        4.94512604639754              0.69281773274108            184.54177856445310     -1
kind
     25     
    14400          153964     
       12.25000000000000  
 OBS            46
       4.55417616392828
       1.47052272766171
       1.00000000000000
 45 47 -1
obdef
loc3d
        4.94897278262263              0.68784055253573             58.60614395141602     -1
kind
     25     
    14400          153964     
       12.25000000000000  
 OBS            47
      -2.20143762786582
       0.25404395342916
       1.00000000000000
 46 48 -1
obdef
loc3d
        4.94602769361993              0.68071046350214             21.00896453857422     -1
kind
     25     
    14400          153964     
       12.25000000000000  
 OBS            48
      -1.47716907596441
       0.53366150257569
       1.00000000000000
 47 49 -1
obdef
loc3d
        4.93975094338173              0.67132086947702             44.21312713623047     -1
kind
     25     
    14400          153964     
       12.25000000000000  
 OBS            49
      -3.87723423867281
      -2.72180776536871
       1.00000000000000
 48 50 -1
obdef
loc3d
        4.93608481943111              0.69281990441712            165.01060485839841     -1
kind
     25     
    14400          153964     
       12.25000000000000  
 OBS            50
      -2.66434407260310
      -3.00030068099853
       1.00000000000000
 49 51 -1
obdef
loc3d
        4.92159319416735              0.69282443720594            292.33944702148438     -1
kind
     25     
    14400          153964     
       12.25000000000000  
 OBS            51
      -5.51092738958785
      -1.12464014456835
       1.00000000000000
 50 52 -1
obdef
loc3d
        4.93873881518950              0.68829597049600            229.64634704589841     -1
kind
     25     
    14400          153964     
       12.25000000000000  
 OBS            52
      -3.86976032289902
      -2.20800465741103
       1.00000000000000
 51 53 -1
obdef
loc3d
        4.93527083413009              0.68767784768684            170.73742675781250     -1
kind
     25     
    14400          153964     
       12.25000000000000  
 OBS            53
      -3.92618685230045
       0.45336280291430
       1.00000000000000
 52 54 -1
obdef
loc3d
        4.94662113618514              0.69029960200592            170.37097167968750     -1
kind
     25     
    14400          153964     
       12.25000000000000  
 OBS            54
       0.05800789176736
      -1.19770526276716
       1.00000000000000
 53 55 -1
obdef
loc3d
        4.93429249379945              0.69052021135789            149.81713867187500     -1
kind
     25     
    14400          153964     
       12.25000000000000  
 OBS            55
      -7.10686391055770
      -2.16697975523012
       1.00000000000000
 54 56 -1
obdef
loc3d
        4.93269049343414              0.68556567101287            183.19726562500000     -1
kind
     25     
    14400          153964     
       12.25000000000000  
 OBS            56
      -0.50385324228512
      -1.83272517495270
       1.00000000000000
 55 57 -1
obdef
loc3d
        4.96102089029673              0.67774516842699             17.24609375000000     -1
kind
     25     
    14400          153964     
       12.25000000000000  
 OBS            57
       2.92015211481322
      -0.44995934312344
       1.00000000000000
 56 58 -1
obdef
loc3d
        4.95766343385975              0.68587140474105             17.20619201660156     -1
kind
     25     
    14400          153964     
       12.25000000000000  
 OBS            58
       1.87081835431180
      -2.02759001508668
       1.00000000000000
 57 59 -1
obdef
loc3d
        4.96848382491262              0.66600327539335              8.93466186523438     -1
kind
     25     
    14400          153964     
       12.25000000000000  
 OBS            59
       2.42106088927807
      -0.79711157286997
       1.00000000000000
 58 60 -1
obdef
loc3d
        4.95841046678131              0.68356976794003             15.00000000000000     -1
kind
     25     
    14400          153964     
       12.25000000000000  
 OBS            60
      -0.22241564677798
      -1.07464478200389
       1.00000000000000
 59 61 -1
obdef
loc3d
        4.95968425198686              0.67283122878530              9.91464328765869     -1
kind
     25     
    14400          153964     
       12.25000000000000  
 OBS            61
      -1.65765373816686
      -1.59172081380484
       1.00000000000000
 60 62 -1
obdef
loc3d
        4.95850938370535              0.67569847985950              9.09960937500000     -1
kind
     25     
    14400          153964     
       12.25000000000000  
 OBS            62
      -0.04457711462486
      -1.49631646621314
       1.00000000000000
 61 63 -1
obdef
loc3d
        4.96062039600501              0.68186605212913             14.00000000000000     -1
kind
     25     
    14400          153964     
       12.25000000000000  
 OBS            63
       0.75062954654651
      -0.81266583672660
       1.00000000000000
 62 64 -1
obdef
loc3d
        4.96044430349621              0.68522255501691             15.00000000000000     -1
kind
     25     
    14400          153964     
       12.25000000000000  
 OBS            64
      -2.36741257282071
      -0.73096313825822
       1.00000000000000
 63 65 -1
obdef
loc3d
        4.95666979050607              0.68165969365477             15.07347202301025     -1
kind
     25     
    14400          153964     
       12.25000000000000  
 OBS            65
      -1.62263971406779
      -1.73548459929033
       1.00000000000000
 64 66 -1
obdef
loc3d
        4.96483712939352              0.66390373451953              6.00000000000000     -1
kind
     25     
    14400          153964     
       12.25000000000000  
 OBS            66
       0.24677649930750
      -1.35367256218667
       1.00000000000000
 65 67 -1
obdef
loc3d
        4.96717335385836              0.67072562238302             13.76562500000000     -1
kind
     25     
    14400          153964     
       12.25000000000000  
 OBS            67
      -0.58171469831625
      -1.27336837231123
       1.00000000000000
 66 68 -1
obdef
loc3d
        4.96004611966382              0.68820120365869             15.00000000000000     -1
kind
     25     
    14400          153964     
       12.25000000000000  
 OBS            68
      -1.08450903691645
       1.48248687909669
       1.00000000000000
 67 69 -1
obdef
loc3d
        4.95406364445895              0.69009645468583             54.42578125000000     -1
kind
     25     
    14400          153964     
       12.25000000000000  
 OBS            69
       2.33534945392627
       0.97509179534875
       1.00000000000000
 68 70 -1
obdef
loc3d
        4.95508230192316              0.68705689194968              9.08530712127686     -1
kind
     25     
    14400          153964     
       12.25000000000000  
 OBS            70
       2.56271614731124
       0.96149536750261
       1.00000000000000
 69 71 -1
obdef
loc3d
        4.89647559039613              0.68497595921932            824.84875488281250     -1
kind
     25     
    14400          153964     
       12.25000000000000  
 OBS            71
      10.46406078928905
       1.56431828775006
       1.00000000000000
 70 72 -1
obdef
loc3d
        4.89667428721977              0.69273770557989            574.37286376953125     -1
kind
     25     
    14400          153964     
       12.25000000000000  
 OBS            72
       0.54833482155940
       0.75018152747331
       1.00000000000000
 71 73 -1
obdef
loc3d
        4.91583459977084              0.69278424988043            233.68589782714841     -1
kind
     25     
    14400          153964     
       12.25000000000000  
 OBS            73
       4.07137376689659
       0.79916924418104
       1.00000000000000
 72 74 -1
obdef
loc3d
        4.90300762067971              0.68954390300676            525.03326416015625     -1
kind
     25     
    14400          153964     
       12.25000000000000  
 OBS            74
      -1.73212945086819
       0.32370739434566
       1.00000000000000
 73 75 -1
obdef
loc3d
        4.90168560310748              0.69286223560483            711.58941650390625     -1
kind
     25     
    14400          153964     
       12.25000000000000  
 OBS            75
       0.68063014794015
      -0.98355146014313
       1.00000000000000
 74 76 -1
obdef
loc3d
        4.91091515139416              0.69052501454351            199.70848083496091     -1
kind
     25     
    14400          153964     
       12.25000000000000  
 OBS            76
       4.23430762950097
       0.55351109109301
       1.00000000000000
 75 77 -1
obdef
loc3d
        4.90540352515539              0.69194112440599            606.33142089843750     -1
kind
     26     
    14400          153964     
       12.25000000000000  
 OBS            77
       1.32495393928748
       0.50819533797362
       1.00000000000000
 76 78 -1
obdef
loc3d
        4.94546412681761              0.68348353984884             17.75631332397461     -1
kind
     26     
    14400          153964     
       12.25000000000000  
 OBS            78
      -0.49656801253338
       0.55336268312928
       1.00000000000000
 77 79 -1
obdef
loc3d
        4.94660974174000              0.67744857875853             29.35406684875488     -1
kind
     26     
    14400          153964     
       12.25000000000000  
 OBS            79
      -2.72149353332330
       1.66713416523408
       1.00000000000000
 78 80 -1
obdef
loc3d
        4.94648126630843              0.68652865419204             54.82812500000000     -1
kind
     26     
    14400          153964     
       12.25000000000000  
 OBS            80
       2.32181177883195
       0.69992536914615
       1.00000000000000
 79 81 -1
obdef
loc3d
        4.94445426011379              0.68507566758975             62.61011505126953     -1
kind
     26     
    14400          153964     
       12.25000000000000  
 OBS            81
       6.57925099837649
       2.85260184965140
       1.00000000000000
 80 82 -1
obdef
loc3d
        4.94602055174578              0.68752162087271            134.15721130371091     -1
kind
     26     
    14400          153964     
       12.25000000000000  
 OBS            82
       1.71908394290869
       1.64957533705634
       1.00000000000000
 81 83 -1
obdef
loc3d
        4.94603912728501              0.67254511985829             35.00297546386719     -1
kind
     26     
    14400          153964     
       12.25000000000000  
 OBS            83
       2.00914114491632
       3.34658853314903
       1.00000000000000
 82 84 -1
obdef
loc3d
        4.95877904994953              0.67986585977255             17.04111671447754     -1
kind
     26     
    14400          153964     
       12.25000000000000  
 OBS            84
       3.39640015191013
       1.54942530770924
       1.00000000000000
 83 85 -1
obdef
loc3d
        4.93958042817759              0.69095160998657            226.13127136230469     -1
kind
     26     
    14400          153964     
       12.25000000000000  
 OBS            85
      -4.58130743944916
       0.85193396680665
       1.00000000000000
 84 86 -1
obdef
loc3d
        4.95756313665553              0.69181797222864             89.84997558593750     -1
kind
     26     
    14400          153964     
       12.25000000000000  
 OBS            86
      -3.74262775425350
      -1.76473702293138
       1.00000000000000
 85 87 -1
obdef
loc3d
        4.94078657111844              0.67409210989409             60.81152343750000     -1
kind
     26     
    14400          153964     
       12.25000000000000  
 OBS            87
      -0.47729803508003
       2.78667254288299
       1.00000000000000
 86 88 -1
obdef
loc3d
        4.95557846691255              0.67267262139613              1.00000000000000     -1
kind
     26     
    14400          153964     
       12.25000000000000  
 OBS            88
       2.28154208789993
      -0.76894082815055
       1.00000000000000
 87 89 -1
obdef
loc3d
        4.93193348448080              0.68856418981073            106.00000000000000     -1
kind
     26     
    14400          153964     
       12.25000000000000  
 OBS            89
      -0.59976931764116
      -1.71363701208773
       1.00000000000000
 88 90 -1
obdef
loc3d
        4.89970838141578              0.68765245249877            785.09423828125000     -1
kind
     26     
    14400          153964     
       12.25000000000000  
 OBS            90
      -0.96773287635230
       1.59458881409408
       1.00000000000000
 89 91 -1
obdef
loc3d
        4.95026814558372              0.68993059237416             93.11567687988281     -1
kind
     26     
    14400          153964     
       12.25000000000000  
 OBS            91
       1.67457912979567
       2.23505360144799
       1.00000000000000
 90 92 -1
obdef
loc3d
        4.94174512165160              0.68484635226999            116.56585693359381     -1
kind
     26     
    14400          153964     
       12.25000000000000  
 OBS            92
       0.72826924883848
       1.12604892547983
       1.00000000000000
 91 93 -1
obdef
loc3d
        4.95420735021482              0.68473663912788             15.00000000000000     -1
kind
     26     
    14400          153964     
       12.25000000000000  
 OBS            93
       1.44689650431467
       2.00401139828436
       1.00000000000000
 92 94 -1
obdef
loc3d
        4.93477042118681              0.68310638816012            118.89588928222661     -1
kind
     26     
    14400          153964     
       12.25000000000000  
 OBS            94
      -5.82219344223166
       1.60119472800429
       1.00000000000000
 93 95 -1
obdef
loc3d
        4.93795631029682              0.68276407673392            144.94107055664060     -1
kind
     26     
    14400          153964     
       12.25000000000000  
 OBS            95
      -0.29474472718670
       0.19587538818795
       1.00000000000000
 94 96 -1
obdef
loc3d
        4.94001671685736              0.68064929967652             43.67281723022461     -1
kind
     26     
    14400          153964     
       12.25000000000000  
 OBS            96
      -5.14454209131608
      -1.15483318923268
       1.00000000000000
 95 97 -1
obdef
loc3d
        4.94058460161740              0.67807181314514             70.17810058593750     -1
kind
     26     
    14400          153964     
       12.25000000000000  
 OBS            97
       7.38967465105025
       2.62762674577786
       1.00000000000000
 96 98 -1
obdef
loc3d
        4.95423295419494              0.68033176843505              3.71636104583740     -1
kind
     26     
    14400          153964     
       12.25000000000000  
 OBS            98
      -1.28634313166844
       2.71922611748392
       1.00000000000000
 97 99 -1
obdef
loc3d
        4.94926894458696              0.66642585587446             10.91526031494141     -1
kind
     26     
    14400          153964     
       12.25000000000000  
 OBS            99
       3.86605916412338
       2.09950779330966
       1.00000000000000
 98 100 -1
obdef
loc3d
        4.96223480186848              0.66700036066835              5.00000000000000     -1
kind
     26     
    14400          153964     
       12.25000000000000  
 OBS            100
       7.82929039856911
       3.14325195374913
       1.00000000000000
 99 101 -1
obdef
loc3d
        4.95546148971009              0.67729393735082              6.17724800109863     -1
kind
     26     
    14400          153964     
       12.25000000000000  
 OBS            101
      -0.16706355596825
       0.29676709727127
       1.00000000000000
 100 102 -1
obdef
loc3d
        4.92652723985629              0.69051382381431            146.04148864746091     -1
kind
     26     
    14400          153964     
       12.25000000000000  
 OBS            102
       5.47571504434999
       2.02947400214279
       1.00000000000000
 101 103 -1
obdef
loc3d
        4.96366005344362              0.66920346185787              6.00000000000000     -1
kind
     26     
    14400          153964     
       12.25000000000000  
 OBS            103
       2.68907523481990
       2.83178602480619
       1.00000000000000
 102 104 -1
obdef
loc3d
        4.97052949833720              0.66907739847133              8.84140872955322     -1
kind
     26     
    14400          153964     
       12.25000000000000  
 OBS            104
       3.10505608544239
       1.61129147887031
       1.00000000000000
 103 105 -1
obdef
loc3d
        4.95272465676814              0.69285338512106             17.57446289062500     -1
kind
     26     
    14400          153964     
       12.25000000000000  
 OBS            105
       3.86134623194985
       1.17659605437306
       1.00000000000000
 104 106 -1
obdef
loc3d
        4.94895487610473              0.69270373762026            144.09075927734381     -1
kind
     26     
    14400          153964     
       12.25000000000000  
 OBS            106
       5.35613922951077
       0.92484799077527
       1.00000000000000
 105 107 -1
obdef
loc3d
        4.94293085461737              0.69053117803871            168.92642211914060     -1
kind
     26     
    14400          153964     
       12.25000000000000  
 OBS            107
      -1.13310671947736
       2.27150278030876
       1.00000000000000
 106 108 -1
obdef
loc3d
        4.93556788041953              0.67027828664670             15.00000000000000     -1
kind
     26     
    14400          153964     
       12.25000000000000  
 OBS            108
       3.94145735250464
      -0.07809178429264
       1.00000000000000
 107 109 -1
obdef
loc3d
        4.94611628544174              0.67496858055017             35.03607940673828     -1
kind
     26     
    14400          153964     
       12.25000000000000  
 OBS            109
       8.15771288554669
       1.67566310691847
       1.00000000000000
 108 110 -1
obdef
loc3d
        4.94304709522229              0.67138694960003             45.00000000000000     -1
kind
     26     
    14400          153964     
       12.25000000000000  
 OBS            110
      -2.58094509870849
      -1.60376710163834
       1.00000000000000
 109 111 -1
obdef
loc3d
        4.94323627307922              0.67609935421143             50.91764831542969     -1
kind
     26     
    14400          153964     
       12.25000000000000  
 OBS            111
       1.34838696751839
       0.30251919319632
       1.00000000000000
 110 112 -1
obdef
loc3d
        4.94382880471830              0.67878617658979             35.27229690551758     -1
kind
     26     
    14400          153964     
       12.25000000000000  
 OBS            112
       3.78291835841950
       1.60504553829008
       1.00000000000000
 111 113 -1
obdef
loc3d
        4.94220707390035              0.68781081917460            173.94366455078119     -1
kind
     26     
    14400          153964     
       12.25000000000000  
 OBS            113
      -3.08684790914713
       2.97525544376350
       1.00000000000000
 112 114 -1
obdef
loc3d
        4.92755542120837              0.68675243746254            174.61849975585940     -1
kind
     26     
    14400          153964     
       12.25000000000000  
 OBS            114
       4.04530118625254
       2.95322195806032
       1.00000000000000
 113 115 -1
obdef
loc3d
        4.93770287749180              0.68559892863867            149.84144592285159     -1
kind
     26     
    14400          153964     
       12.25000000000000  
 OBS            115
      -3.28753892410241
      -1.50293639870428
       1.00000000000000
 114 116 -1
obdef
loc3d
        4.92848130899840              0.69282991767383            196.64169311523440     -1
kind
     26     
    14400          153964     
       12.25000000000000  
 OBS            116
      -2.93194101724130
       2.31989254730029
       1.00000000000000
 115 117 -1
obdef
loc3d
        4.94329123891126              0.66857696973652             21.80461120605469     -1
kind
     26     
    14400          153964     
       12.25000000000000  
 OBS            117
       1.79945452876653
       2.43203473810030
       1.00000000000000
 116 118 -1
obdef
loc3d
        4.93215285315783              0.69272179551745            405.54205322265619     -1
kind
     26     
    14400          153964     
       12.25000000000000  
 OBS            118
      -0.88301188191139
       2.22243798583553
       1.00000000000000
 117 119 -1
obdef
loc3d
        4.93085954966869              0.68304429171430             90.32812500000000     -1
kind
     26     
    14400          153964     
       12.25000000000000  
 OBS            119
       2.28807684341969
      -0.97170318482329
       1.00000000000000
 118 120 -1
obdef
loc3d
        4.93705662369825              0.67280917017713             44.45593643188477     -1
kind
     26     
    14400          153964     
       12.25000000000000  
 OBS            120
      -5.33313123135374
       2.92411396803020
       1.00000000000000
 119 121 -1
obdef
loc3d
        4.94512604639754              0.69281773274108            184.54177856445310     -1
kind
     26     
    14400          153964     
       12.25000000000000  
 OBS            121
       1.95681005357500
       3.01808640256090
       1.00000000000000
 120 122 -1
obdef
loc3d
        4.94897278262263              0.68784055253573             58.60614395141602     -1
kind
     26     
    14400          153964     
       12.25000000000000  
 OBS            122
      -8.25667923881144
      -0.79191696312446
       1.00000000000000
 121 123 -1
obdef
loc3d
        4.94602769361993              0.68071046350214             21.00896453857422     -1
kind
     26     
    14400          153964     
       12.25000000000000  
 OBS            123
       6.75042602225275
       1.91243800707134
       1.00000000000000
 122 124 -1
obdef
loc3d
        4.93975094338173              0.67132086947702             44.21312713623047     -1
kind
     26     
    14400          153964     
       12.25000000000000  
 OBS            124
       1.32630789267498
       3.62075330191307
       1.00000000000000
 123 125 -1
obdef
loc3d
        4.93608481943111              0.69281990441712            165.01060485839841     -1
kind
     26     
    14400          153964     
       12.25000000000000  
 OBS            125
       4.41699072316492
       1.13829217360127
       1.00000000000000
 124 126 -1
obdef
loc3d
        4.92159319416735              0.69282443720594            292.33944702148438     -1
kind
     26     
    14400          153964     
       12.25000000000000  
 OBS            126
      -3.10122292109309
       2.21311123393409
       1.00000000000000
 125 127 -1
obdef
loc3d
        4.93873881518950              0.68829597049600            229.64634704589841     -1
kind
     26     
    14400          153964     
       12.25000000000000  
 OBS            127
       1.04154507370462
       3.61715797229997
       1.00000000000000
 126 128 -1
obdef
loc3d
        4.93527083413009              0.68767784768684            170.73742675781250     -1
kind
     26     
    14400          153964     
       12.25000000000000  
 OBS            128
       1.75884458105868
       2.53989227691058
       1.00000000000000
 127 129 -1
obdef
loc3d
        4.94662113618514              0.69029960200592            170.37097167968750     -1
kind
     26     
    14400          153964     
       12.25000000000000  
 OBS            129
       3.02895327051918
       1.35716049072102
       1.00000000000000
 128 130 -1
obdef
loc3d
        4.93429249379945              0.69052021135789            149.81713867187500     -1
kind
     26     
    14400          153964     
       12.25000000000000  
 OBS            130
       2.85144446530846
       2.92843256606734
       1.00000000000000
 129 131 -1
obdef
loc3d
        4.93269049343414              0.68556567101287            183.19726562500000     -1
kind
     26     
    14400          153964     
       12.25000000000000  
 OBS            131
       2.86162694606052
       3.70105234987327
       1.00000000000000
 130 132 -1
obdef
loc3d
        4.96102089029673              0.67774516842699             17.24609375000000     -1
kind
     26     
    14400          153964     
       12.25000000000000  
 OBS            132
      -4.38191048711886
       2.65563139018551
       1.00000000000000
 131 133 -1
obdef
loc3d
        4.95766343385975              0.68587140474105             17.20619201660156     -1
kind
     26     
    14400          153964     
       12.25000000000000  
 OBS            133
       3.56257766589499
       1.82647877250841
       1.00000000000000
 132 134 -1
obdef
loc3d
        4.96848382491262              0.66600327539335              8.93466186523438     -1
kind
     26     
    14400          153964     
       12.25000000000000  
 OBS            134
      -0.95433269592021
       2.96137721555464
       1.00000000000000
 133 135 -1
obdef
loc3d
        4.95841046678131              0.68356976794003             15.00000000000000     -1
kind
     26     
    14400          153964     
       12.25000000000000  
 OBS            135
       6.24312848139830
       2.87634107137263
       1.00000000000000
 134 136 -1
obdef
loc3d
        4.95968425198686              0.67283122878530              9.91464328765869     -1
kind
     26     
    14400          153964     
       12.25000000000000  
 OBS            136
       2.55083389727053
       3.12222211700092
       1.00000000000000
 135 137 -1
obdef
loc3d
        4.95850938370535              0.67569847985950              9.09960937500000     -1
kind
     26     
    14400          153964     
       12.25000000000000  
 OBS            137
       4.03046168156166
       3.45689800760468
       1.00000000000000
 136 138 -1
obdef
loc3d
        4.96062039600501              0.68186605212913             14.00000000000000     -1
kind
     26     
    14400          153964     
       12.25000000000000  
 OBS            138
       0.02648862450347
       2.70687068128889
       1.00000000000000
 137 139 -1
obdef
loc3d
        4.96044430349621              0.68522255501691             15.00000000000000     -1
kind
     26     
    14400          153964     
       12.25000000000000  
 OBS            139
       1.31542296678330
       2.53962968251817
       1.00000000000000
 138 140 -1
obdef
loc3d
        4.95666979050607              0.68165969365477             15.07347202301025     -1
kind
     26     
    14400          153964     
       12.25000000000000  
 OBS            140
       3.03412280580275
       2.21457585444232
       1.00000000000000
 139 141 -1
obdef
loc3d
        4.96483712939352              0.66390373451953              6.00000000000000     -1
kind
     26     
    14400          153964     
       12.25000000000000  
 OBS            141
       3.35058291629966
       2.48516257615978
       1.00000000000000
 140 142 -1
obdef
loc3d
        4.96717335385836              0.67072562238302             13.76562500000000     -1
kind
     26     
    14400          153964     
       12.25000000000000  
 OBS            142
       0.32300985238602
       2.26371133625321
       1.00000000000000
 141 143 -1
obdef
loc3d
        4.96004611966382              0.68820120365869             15.00000000000000     -1
kind
     26     
    14400          153964     
       12.25000000000000  
 OBS            143
       0.87879167419832
       0.82674988986926
       1.00000000000000
 142 144 -1
obdef
loc3d
        4.95406364445895              0.69009645468583             54.42578125000000     -1
kind
     26     
    14400          153964     
       12.25000000000000  
 OBS            144
       0.47203655734929
       2.11524086415115
       1.00000000000000
 143 145 -1
obdef
loc3d
        4.95508230192316              0.68705689194968              9.08530712127686     -1
kind
     26     
    14400          153964     
       12.25000000000000  
 OBS            145
      -0.81198392724441
       1.12031765046093
       1.00000000000000
 144 146 -1
obdef
loc3d
        4.89647559039613              0.68497595921932            824.84875488281250     -1
kind
     26     
    14400          153964     
       12.25000000000000  
 OBS            146
      -0.69441931400524
       0.65828138801559
       1.00000000000000
 145 147 -1
obdef
loc3d
        4.89667428721977              0.69273770557989            574.37286376953125     -1
kind
     26     
    14400          153964     
       12.25000000000000  
 OBS            147
       1.55502907552849
       2.40654614728977
       1.00000000000000
 146 148 -1
obdef
loc3d
        4.91583459977084              0.69278424988043            233.68589782714841     -1
kind
     26     
    14400          153964     
       12.25000000000000  
 OBS            148
      -1.53814245442068
      -0.47392338313115
       1.00000000000000
 147 149 -1
obdef
loc3d
        4.90300762067971              0.68954390300676            525.03326416015625     -1
kind
     26     
    14400          153964     
       12.25000000000000  
 OBS            149
      -0.78113284451266
       0.98506056424546
       1.00000000000000
 148 150 -1
obdef
loc3d
        4.90168560310748              0.69286223560483            711.58941650390625     -1
kind
     26     
    14400          153964     
       12.25000000000000  
 OBS            150
      -0.99283696058858
      -0.92936774972106
       1.00000000000000
 149 151 -1
obdef
loc3d
        4.91091515139416              0.69052501454351            199.70848083496091     -1
kind
     26     
    14400          153964     
       12.25000000000000  
 OBS            151
     292.95233274041288
     293.70586630340000
       1.00000000000000
 150 152 -1
obdef
loc3d
        4.90540352515539              0.69194112440599            606.33142089843750     -1
kind
     27     
    14400          153964     
        6.25000000000000  
 OBS            152
     295.46841606392695
     296.41653604823699
       1.00000000000000
 151 153 -1
obdef
loc3d
        4.94546412681761              0.68348353984884             17.75631332397461     -1
kind
     27     
    14400          153964     
        6.25000000000000  
 OBS            153
     296.21838098534226
     297.17919606726502
       1.00000000000000
 152 154 -1
obdef
loc3d
        4.94660974174000              0.67744857875853             29.35406684875488     -1
kind
     27     
    14400          153964     
        6.25000000000000  
 OBS            154
     296.71537005260279
     296.50291527998297
       1.00000000000000
 153 155 -1
obdef
loc3d
        4.94648126630843              0.68652865419204             54.82812500000000     -1
kind
     27     
    14400          153964     
        6.25000000000000  
 OBS            155
     295.96416735744475
     296.73718831256201
       1.00000000000000
 154 156 -1
obdef
loc3d
        4.94445426011379              0.68507566758975             62.61011505126953     -1
kind
     27     
    14400          153964     
        6.25000000000000  
 OBS            156
     296.58706144771520
     295.91595425961901
       1.00000000000000
 155 157 -1
obdef
loc3d
        4.94602055174578              0.68752162087271            134.15721130371091     -1
kind
     27     
    14400          153964     
        6.25000000000000  
 OBS            157
     297.45773694431807
     296.22668585421400
       1.00000000000000
 156 158 -1
obdef
loc3d
        4.94603912728501              0.67254511985829             35.00297546386719     -1
kind
     27     
    14400          153964     
        6.25000000000000  
 OBS            158
     297.84077818393047
     296.47317524187400
       1.00000000000000
 157 159 -1
obdef
loc3d
        4.95877904994953              0.67986585977255             17.04111671447754     -1
kind
     27     
    14400          153964     
        6.25000000000000  
 OBS            159
     296.57497108471085
     295.75980636257998
       1.00000000000000
 158 160 -1
obdef
loc3d
        4.93958042817759              0.69095160998657            226.13127136230469     -1
kind
     27     
    14400          153964     
        6.25000000000000  
 OBS            160
     298.07617158648543
     295.68550241261300
       1.00000000000000
 159 161 -1
obdef
loc3d
        4.95756313665553              0.69181797222864             89.84997558593750     -1
kind
     27     
    14400          153964     
        6.25000000000000  
 OBS            161
     297.41725090347825
     296.17544742600398
       1.00000000000000
 160 162 -1
obdef
loc3d
        4.94078657111844              0.67409210989409             60.81152343750000     -1
kind
     27     
    14400          153964     
        6.25000000000000  
 OBS            162
     295.92005722562669
     296.63067635606700
       1.00000000000000
 161 163 -1
obdef
loc3d
        4.95557846691255              0.67267262139613              1.00000000000000     -1
kind
     27     
    14400          153964     
        6.25000000000000  
 OBS            163
     294.01866602536313
     295.86822422374900
       1.00000000000000
 162 164 -1
obdef
loc3d
        4.93193348448080              0.68856418981073            106.00000000000000     -1
kind
     27     
    14400          153964     
        6.25000000000000  
 OBS            164
     292.51292482113195
     291.75271190694798
       1.00000000000000
 163 165 -1
obdef
loc3d
        4.89970838141578              0.68765245249877            785.09423828125000     -1
kind
     27     
    14400          153964     
        6.25000000000000  
 OBS            165
     295.86777417827199
     295.19725620320702
       1.00000000000000
 164 166 -1
obdef
loc3d
        4.95026814558372              0.68993059237416             93.11567687988281     -1
kind
     27     
    14400          153964     
        6.25000000000000  
 OBS            166
     296.23201383486105
     296.06292726123002
       1.00000000000000
 165 167 -1
obdef
loc3d
        4.94174512165160              0.68484635226999            116.56585693359381     -1
kind
     27     
    14400          153964     
        6.25000000000000  
 OBS            167
     297.13577877891100
     296.19903096993801
       1.00000000000000
 166 168 -1
obdef
loc3d
        4.95420735021482              0.68473663912788             15.00000000000000     -1
kind
     27     
    14400          153964     
        6.25000000000000  
 OBS            168
     297.28215868788482
     295.93699165565499
       1.00000000000000
 167 169 -1
obdef
loc3d
        4.93477042118681              0.68310638816012            118.89588928222661     -1
kind
     27     
    14400          153964     
        6.25000000000000  
 OBS            169
     295.13584113633635
     295.60166019197402
       1.00000000000000
 168 170 -1
obdef
loc3d
        4.93795631029682              0.68276407673392            144.94107055664060     -1
kind
     27     
    14400          153964     
        6.25000000000000  
 OBS            170
     295.29681710660259
     296.32150200815897
       1.00000000000000
 169 171 -1
obdef
loc3d
        4.94001671685736              0.68064929967652             43.67281723022461     -1
kind
     27     
    14400          153964     
        6.25000000000000  
 OBS            171
     294.40025559936828
     296.21223532001000
       1.00000000000000
 170 172 -1
obdef
loc3d
        4.94058460161740              0.67807181314514             70.17810058593750     -1
kind
     27     
    14400          153964     
        6.25000000000000  
 OBS            172
     298.12994660268345
     295.95523217425801
       1.00000000000000
 171 173 -1
obdef
loc3d
        4.95423295419494              0.68033176843505              3.71636104583740     -1
kind
     27     
    14400          153964     
        6.25000000000000  
 OBS            173
     297.09834871085167
     297.37333447270299
       1.00000000000000
 172 174 -1
obdef
loc3d
        4.94926894458696              0.66642585587446             10.91526031494141     -1
kind
     27     
    14400          153964     
        6.25000000000000  
 OBS            174
     298.28405427178416
     297.37173439782498
       1.00000000000000
 173 175 -1
obdef
loc3d
        4.96223480186848              0.66700036066835              5.00000000000000     -1
kind
     27     
    14400          153964     
        6.25000000000000  
 OBS            175
     297.21378509650185
     296.85464244220498
       1.00000000000000
 174 176 -1
obdef
loc3d
        4.95546148971009              0.67729393735082              6.17724800109863     -1
kind
     27     
    14400          153964     
        6.25000000000000  
 OBS            176
     298.25329859951165
     296.49399063983998
       1.00000000000000
 175 177 -1
obdef
loc3d
        4.92652723985629              0.69051382381431            146.04148864746091     -1
kind
     27     
    14400          153964     
        6.25000000000000  
 OBS            177
     296.97672408443412
     296.69772927960599
       1.00000000000000
 176 178 -1
obdef
loc3d
        4.96366005344362              0.66920346185787              6.00000000000000     -1
kind
     27     
    14400          153964     
        6.25000000000000  
 OBS            178
     294.55210121503455
     295.65428802087700
       1.00000000000000
 177 179 -1
obdef
loc3d
        4.97052949833720              0.66907739847133              8.84140872955322     -1
kind
     27     
    14400          153964     
        6.25000000000000  
 OBS            179
     294.40152813631278
     295.99175781072501
       1.00000000000000
 178 180 -1
obdef
loc3d
        4.95272465676814              0.69285338512106             17.57446289062500     -1
kind
     27     
    14400          153964     
        6.25000000000000  
 OBS            180
     292.48913315853650
     294.74117671437602
       1.00000000000000
 179 181 -1
obdef
loc3d
        4.94895487610473              0.69270373762026            144.09075927734381     -1
kind
     27     
    14400          153964     
        6.25000000000000  
 OBS            181
     295.55978923656949
     295.14128919035898
       1.00000000000000
 180 182 -1
obdef
loc3d
        4.94293085461737              0.69053117803871            168.92642211914060     -1
kind
     27     
    14400          153964     
        6.25000000000000  
 OBS            182
     295.01343958249686
     296.57313135944401
       1.00000000000000
 181 183 -1
obdef
loc3d
        4.93556788041953              0.67027828664670             15.00000000000000     -1
kind
     27     
    14400          153964     
        6.25000000000000  
 OBS            183
     296.87207473966475
     296.45048374181999
       1.00000000000000
 182 184 -1
obdef
loc3d
        4.94611628544174              0.67496858055017             35.03607940673828     -1
kind
     27     
    14400          153964     
        6.25000000000000  
 OBS            184
     296.59884495600750
     295.83843197341002
       1.00000000000000
 183 185 -1
obdef
loc3d
        4.94304709522229              0.67138694960003             45.00000000000000     -1
kind
     27     
    14400          153964     
        6.25000000000000  
 OBS            185
     297.65898691813413
     297.01526279327101
       1.00000000000000
 184 186 -1
obdef
loc3d
        4.94323627307922              0.67609935421143             50.91764831542969     -1
kind
     27     
    14400          153964     
        6.25000000000000  
 OBS            186
     296.25589022977039
     296.69102096955299
       1.00000000000000
 185 187 -1
obdef
loc3d
        4.94382880471830              0.67878617658979             35.27229690551758     -1
kind
     27     
    14400          153964     
        6.25000000000000  
 OBS            187
     294.84281561478446
     295.49424964256298
       1.00000000000000
 186 188 -1
obdef
loc3d
        4.94220707390035              0.68781081917460            173.94366455078119     -1
kind
     27     
    14400          153964     
        6.25000000000000  
 OBS            188
     297.56223365644547
     295.05617714904599
       1.00000000000000
 187 189 -1
obdef
loc3d
        4.92755542120837              0.68675243746254            174.61849975585940     -1
kind
     27     
    14400          153964     
        6.25000000000000  
 OBS            189
     296.49062223204049
     295.54102478010901
       1.00000000000000
 188 190 -1
obdef
loc3d
        4.93770287749180              0.68559892863867            149.84144592285159     -1
kind
     27     
    14400          153964     
        6.25000000000000  
 OBS            190
     295.69887025986509
     295.08875801204999
       1.00000000000000
 189 191 -1
obdef
loc3d
        4.92848130899840              0.69282991767383            196.64169311523440     -1
kind
     27     
    14400          153964     
        6.25000000000000  
 OBS            191
     295.98754637188972
     296.10749059892601
       1.00000000000000
 190 192 -1
obdef
loc3d
        4.94329123891126              0.66857696973652             21.80461120605469     -1
kind
     27     
    14400          153964     
        6.25000000000000  
 OBS            192
     293.44490168765225
     294.01506738323002
       1.00000000000000
 191 193 -1
obdef
loc3d
        4.93215285315783              0.69272179551745            405.54205322265619     -1
kind
     27     
    14400          153964     
        6.25000000000000  
 OBS            193
     293.99057740047533
     296.34926809353198
       1.00000000000000
 192 194 -1
obdef
loc3d
        4.93085954966869              0.68304429171430             90.32812500000000     -1
kind
     27     
    14400          153964     
        6.25000000000000  
 OBS            194
     296.10003752442452
     295.89358655105502
       1.00000000000000
 193 195 -1
obdef
loc3d
        4.93705662369825              0.67280917017713             44.45593643188477     -1
kind
     27     
    14400          153964     
        6.25000000000000  
 OBS            195
     295.39957361067701
     295.00405151878198
       1.00000000000000
 194 196 -1
obdef
loc3d
        4.94512604639754              0.69281773274108            184.54177856445310     -1
kind
     27     
    14400          153964     
        6.25000000000000  
 OBS            196
     295.93111710848262
     296.17541785792599
       1.00000000000000
 195 197 -1
obdef
loc3d
        4.94897278262263              0.68784055253573             58.60614395141602     -1
kind
     27     
    14400          153964     
        6.25000000000000  
 OBS            197
     293.85137351190895
     296.22750245982797
       1.00000000000000
 196 198 -1
obdef
loc3d
        4.94602769361993              0.68071046350214             21.00896453857422     -1
kind
     27     
    14400          153964     
        6.25000000000000  
 OBS            198
     295.21587865622678
     296.15598529913399
       1.00000000000000
 197 199 -1
obdef
loc3d
        4.93975094338173              0.67132086947702             44.21312713623047     -1
kind
     27     
    14400          153964     
        6.25000000000000  
 OBS            199
     295.48666763410273
     295.66259721740698
       1.00000000000000
 198 200 -1
obdef
loc3d
        4.93608481943111              0.69281990441712            165.01060485839841     -1
kind
     27     
    14400          153964     
        6.25000000000000  
 OBS            200
     296.84954286959294
     296.57606895879599
       1.00000000000000
 199 201 -1
obdef
loc3d
        4.92159319416735              0.69282443720594            292.33944702148438     -1
kind
     27     
    14400          153964     
        6.25000000000000  
 OBS            201
     295.18552228989239
     294.65521421055797
       1.00000000000000
 200 202 -1
obdef
loc3d
        4.93873881518950              0.68829597049600            229.64634704589841     -1
kind
     27     
    14400          153964     
        6.25000000000000  
 OBS            202
     295.62886368333210
     295.30905682950498
       1.00000000000000
 201 203 -1
obdef
loc3d
        4.93527083413009              0.68767784768684            170.73742675781250     -1
kind
     27     
    14400          153964     
        6.25000000000000  
 OBS            203
     294.40001087282650
     295.39509495435300
       1.00000000000000
 202 204 -1
obdef
loc3d
        4.94662113618514              0.69029960200592            170.37097167968750     -1
kind
     27     
    14400          153964     
        6.25000000000000  
 OBS            204
     295.20944233819233
     295.33165423030198
       1.00000000000000
 203 205 -1
obdef
loc3d
        4.93429249379945              0.69052021135789            149.81713867187500     -1
kind
     27     
    14400          153964     
        6.25000000000000  
 OBS            205
     293.69902272347792
     294.80674302396801
       1.00000000000000
 204 206 -1
obdef
loc3d
        4.93269049343414              0.68556567101287            183.19726562500000     -1
kind
     27     
    14400          153964     
        6.25000000000000  
 OBS            206
     296.31730784327669
     296.80173525384799
       1.00000000000000
 205 207 -1
obdef
loc3d
        4.96102089029673              0.67774516842699             17.24609375000000     -1
kind
     27     
    14400          153964     
        6.25000000000000  
 OBS            207
     295.77504826161822
     296.34307070199600
       1.00000000000000
 206 208 -1
obdef
loc3d
        4.95766343385975              0.68587140474105             17.20619201660156     -1
kind
     27     
    14400          153964     
        6.25000000000000  
 OBS            208
     297.81090806673433
     295.96983932156701
       1.00000000000000
 207 209 -1
obdef
loc3d
        4.96848382491262              0.66600327539335              8.93466186523438     -1
kind
     27     
    14400          153964     
        6.25000000000000  
 OBS            209
     295.79228445056992
     296.35242359624698
       1.00000000000000
 208 210 -1
obdef
loc3d
        4.95841046678131              0.68356976794003             15.00000000000000     -1
kind
     27     
    14400          153964     
        6.25000000000000  
 OBS            210
     294.92928828058166
     296.88337151898901
       1.00000000000000
 209 211 -1
obdef
loc3d
        4.95968425198686              0.67283122878530              9.91464328765869     -1
kind
     27     
    14400          153964     
        6.25000000000000  
 OBS            211
     297.01087273533551
     296.65237837847798
       1.00000000000000
 210 212 -1
obdef
loc3d
        4.95850938370535              0.67569847985950              9.09960937500000     -1
kind
     27     
    14400          153964     
        6.25000000000000  
 OBS            212
     296.65836828883022
     296.92676397521001
       1.00000000000000
 211 213 -1
obdef
loc3d
        4.96062039600501              0.68186605212913             14.00000000000000     -1
kind
     27     
    14400          153964     
        6.25000000000000  
 OBS            213
     297.96293021965266
     296.51346688350202
       1.00000000000000
 212 214 -1
obdef
loc3d
        4.96044430349621              0.68522255501691             15.00000000000000     -1
kind
     27     
    14400          153964     
        6.25000000000000  
 OBS            214
     295.36192147551151
     296.41868408409402
       1.00000000000000
 213 215 -1
obdef
loc3d
        4.95666979050607              0.68165969365477             15.07347202301025     -1
kind
     27     
    14400          153964     
        6.25000000000000  
 OBS            215
     296.89779637210461
     296.89554378466602
       1.00000000000000
 214 216 -1
obdef
loc3d
        4.96483712939352              0.66390373451953              6.00000000000000     -1
kind
     27     
    14400          153964     
        6.25000000000000  
 OBS            216
     296.57929058066645
     296.13100967201302
       1.00000000000000
 215 217 -1
obdef
loc3d
        4.96717335385836              0.67072562238302             13.76562500000000     -1
kind
     27     
    14400          153964     
        6.25000000000000  
 OBS            217
     294.83434648614303
     295.93689664282601
       1.00000000000000
 216 218 -1
obdef
loc3d
        4.96004611966382              0.68820120365869             15.00000000000000     -1
kind
     27     
    14400          153964     
        6.25000000000000  
 OBS            218
     295.82434702535500
     295.82223259166898
       1.00000000000000
 217 219 -1
obdef
loc3d
        4.95406364445895              0.69009645468583             54.42578125000000     -1
kind
     27     
    14400          153964     
        6.25000000000000  
 OBS            219
     297.53838609605288
     296.14621619432899
       1.00000000000000
 218 220 -1
obdef
loc3d
        4.95508230192316              0.68705689194968              9.08530712127686     -1
kind
     27     
    14400          153964     
        6.25000000000000  
 OBS            220
     289.79972081666472
     290.07098641970498
       1.00000000000000
 219 221 -1
obdef
loc3d
        4.89647559039613              0.68497595921932            824.84875488281250     -1
kind
     27     
    14400          153964     
        6.25000000000000  
 OBS            221
     294.38787373848936
     293.06621716550302
       1.00000000000000
 220 222 -1
obdef
loc3d
        4.89667428721977              0.69273770557989            574.37286376953125     -1
kind
     27     
    14400          153964     
        6.25000000000000  
 OBS            222
     295.55467250834357
     295.45865664390197
       1.00000000000000
 221 223 -1
obdef
loc3d
        4.91583459977084              0.69278424988043            233.68589782714841     -1
kind
     27     
    14400          153964     
        6.25000000000000  
 OBS            223
     292.26809378733373
     293.55407116371998
       1.00000000000000
 222 224 -1
obdef
loc3d
        4.90300762067971              0.68954390300676            525.03326416015625     -1
kind
     27     
    14400          153964     
        6.25000000000000  
 OBS            224
     290.62753542930062
     291.97130591005902
       1.00000000000000
 223 225 -1
obdef
loc3d
        4.90168560310748              0.69286223560483            711.58941650390625     -1
kind
     27     
    14400          153964     
        6.25000000000000  
 OBS            225
     294.51465766750806
     295.94800768286399
       1.00000000000000
 224 -1 -1
obdef
loc3d
        4.91091515139416              0.69052501454351            199.70848083496091     -1
kind
     27     
    14400          153964     
        6.25000000000000  
