 obs_sequence
obs_kind_definitions
       3
    25          LAND_SFC_U_WIND_COMPONENT   
    26          LAND_SFC_V_WIND_COMPONENT   
    27          LAND_SFC_TEMPERATURE   
  num_copies:            2  num_qc:            1
 num_obs:       225  max_num_obs:       225
observations
truth
QC radar
  first:            1  last:       225
 OBS            1
       2.38828927821881
       0.51354603048504
       1.00000000000000
 -1 2 -1
obdef
loc3d
        4.90540352515539              0.69194112440599            606.33142089843750     -1
kind
     25     
    15300          153964     
       12.25000000000000  
 OBS            2
      -0.77087675230312
       0.52066490065393
       1.00000000000000
 1 3 -1
obdef
loc3d
        4.94546412681761              0.68348353984884             17.75631332397461     -1
kind
     25     
    15300          153964     
       12.25000000000000  
 OBS            3
       6.23251778580060
       1.98438504211285
       1.00000000000000
 2 4 -1
obdef
loc3d
        4.94660974174000              0.67744857875853             29.35406684875488     -1
kind
     25     
    15300          153964     
       12.25000000000000  
 OBS            4
      -3.61853697472839
       0.22310619309580
       1.00000000000000
 3 5 -1
obdef
loc3d
        4.94648126630843              0.68652865419204             54.82812500000000     -1
kind
     25     
    15300          153964     
       12.25000000000000  
 OBS            5
       1.59925642485657
       0.01586386913183
       1.00000000000000
 4 6 -1
obdef
loc3d
        4.94445426011379              0.68507566758975             62.61011505126953     -1
kind
     25     
    15300          153964     
       12.25000000000000  
 OBS            6
      -1.66566618155224
      -0.39170556082184
       1.00000000000000
 5 7 -1
obdef
loc3d
        4.94602055174578              0.68752162087271            134.15721130371091     -1
kind
     25     
    15300          153964     
       12.25000000000000  
 OBS            7
       2.13376619362098
       0.04753521369507
       1.00000000000000
 6 8 -1
obdef
loc3d
        4.94603912728501              0.67254511985829             35.00297546386719     -1
kind
     25     
    15300          153964     
       12.25000000000000  
 OBS            8
       0.47595285761664
      -0.96795226917187
       1.00000000000000
 7 9 -1
obdef
loc3d
        4.95877904994953              0.67986585977255             17.04111671447754     -1
kind
     25     
    15300          153964     
       12.25000000000000  
 OBS            9
       1.93383186912188
      -1.66037328178292
       1.00000000000000
 8 10 -1
obdef
loc3d
        4.93958042817759              0.69095160998657            226.13127136230469     -1
kind
     25     
    15300          153964     
       12.25000000000000  
 OBS            10
      -1.16971269989385
       0.80111801460675
       1.00000000000000
 9 11 -1
obdef
loc3d
        4.95756313665553              0.69181797222864             89.84997558593750     -1
kind
     25     
    15300          153964     
       12.25000000000000  
 OBS            11
      -3.42722644574429
      -0.72280143367163
       1.00000000000000
 10 12 -1
obdef
loc3d
        4.94078657111844              0.67409210989409             60.81152343750000     -1
kind
     25     
    15300          153964     
       12.25000000000000  
 OBS            12
      -4.10794564812789
      -1.06147994323106
       1.00000000000000
 11 13 -1
obdef
loc3d
        4.95557846691255              0.67267262139613              1.00000000000000     -1
kind
     25     
    15300          153964     
       12.25000000000000  
 OBS            13
       7.91212034358398
       0.23680998913887
       1.00000000000000
 12 14 -1
obdef
loc3d
        4.93193348448080              0.68856418981073            106.00000000000000     -1
kind
     25     
    15300          153964     
       12.25000000000000  
 OBS            14
      -4.21543675793988
       0.84207467218266
       1.00000000000000
 13 15 -1
obdef
loc3d
        4.89970838141578              0.68765245249877            785.09423828125000     -1
kind
     25     
    15300          153964     
       12.25000000000000  
 OBS            15
       2.49255065625357
       1.07269961391381
       1.00000000000000
 14 16 -1
obdef
loc3d
        4.95026814558372              0.68993059237416             93.11567687988281     -1
kind
     25     
    15300          153964     
       12.25000000000000  
 OBS            16
      -1.45997892100049
      -0.56042785603118
       1.00000000000000
 15 17 -1
obdef
loc3d
        4.94174512165160              0.68484635226999            116.56585693359381     -1
kind
     25     
    15300          153964     
       12.25000000000000  
 OBS            17
       1.23061571909122
       0.68427314419984
       1.00000000000000
 16 18 -1
obdef
loc3d
        4.95420735021482              0.68473663912788             15.00000000000000     -1
kind
     25     
    15300          153964     
       12.25000000000000  
 OBS            18
      -4.12942286363477
      -2.68876924973260
       1.00000000000000
 17 19 -1
obdef
loc3d
        4.93477042118681              0.68310638816012            118.89588928222661     -1
kind
     25     
    15300          153964     
       12.25000000000000  
 OBS            19
       5.57886000340018
      -2.95782192000384
       1.00000000000000
 18 20 -1
obdef
loc3d
        4.93795631029682              0.68276407673392            144.94107055664060     -1
kind
     25     
    15300          153964     
       12.25000000000000  
 OBS            20
      -5.09142458423810
       0.22753000159034
       1.00000000000000
 19 21 -1
obdef
loc3d
        4.94001671685736              0.68064929967652             43.67281723022461     -1
kind
     25     
    15300          153964     
       12.25000000000000  
 OBS            21
      -0.05612313799709
      -1.12202183455843
       1.00000000000000
 20 22 -1
obdef
loc3d
        4.94058460161740              0.67807181314514             70.17810058593750     -1
kind
     25     
    15300          153964     
       12.25000000000000  
 OBS            22
      -0.91574799826229
      -0.08798501781550
       1.00000000000000
 21 23 -1
obdef
loc3d
        4.95423295419494              0.68033176843505              3.71636104583740     -1
kind
     25     
    15300          153964     
       12.25000000000000  
 OBS            23
      -4.32544639521246
       0.30412567147174
       1.00000000000000
 22 24 -1
obdef
loc3d
        4.94926894458696              0.66642585587446             10.91526031494141     -1
kind
     25     
    15300          153964     
       12.25000000000000  
 OBS            24
       3.05739239239601
      -0.56551421283328
       1.00000000000000
 23 25 -1
obdef
loc3d
        4.96223480186848              0.66700036066835              5.00000000000000     -1
kind
     25     
    15300          153964     
       12.25000000000000  
 OBS            25
       3.13793596112037
      -1.04553208568067
       1.00000000000000
 24 26 -1
obdef
loc3d
        4.95546148971009              0.67729393735082              6.17724800109863     -1
kind
     25     
    15300          153964     
       12.25000000000000  
 OBS            26
      -3.75628355292792
       1.47329382518078
       1.00000000000000
 25 27 -1
obdef
loc3d
        4.92652723985629              0.69051382381431            146.04148864746091     -1
kind
     25     
    15300          153964     
       12.25000000000000  
 OBS            27
      -4.60754970236969
      -1.02914083133242
       1.00000000000000
 26 28 -1
obdef
loc3d
        4.96366005344362              0.66920346185787              6.00000000000000     -1
kind
     25     
    15300          153964     
       12.25000000000000  
 OBS            28
       0.23372889234129
      -1.59639787465499
       1.00000000000000
 27 29 -1
obdef
loc3d
        4.97052949833720              0.66907739847133              8.84140872955322     -1
kind
     25     
    15300          153964     
       12.25000000000000  
 OBS            29
       3.72021882752210
      -0.16471144043055
       1.00000000000000
 28 30 -1
obdef
loc3d
        4.95272465676814              0.69285338512106             17.57446289062500     -1
kind
     25     
    15300          153964     
       12.25000000000000  
 OBS            30
       1.48599107722980
      -0.13055101833447
       1.00000000000000
 29 31 -1
obdef
loc3d
        4.94895487610473              0.69270373762026            144.09075927734381     -1
kind
     25     
    15300          153964     
       12.25000000000000  
 OBS            31
      -0.42878810173397
       0.98012383533529
       1.00000000000000
 30 32 -1
obdef
loc3d
        4.94293085461737              0.69053117803871            168.92642211914060     -1
kind
     25     
    15300          153964     
       12.25000000000000  
 OBS            32
      -1.96631283958290
       0.06442685628114
       1.00000000000000
 31 33 -1
obdef
loc3d
        4.93556788041953              0.67027828664670             15.00000000000000     -1
kind
     25     
    15300          153964     
       12.25000000000000  
 OBS            33
       7.22336824745396
       1.85638921417829
       1.00000000000000
 32 34 -1
obdef
loc3d
        4.94611628544174              0.67496858055017             35.03607940673828     -1
kind
     25     
    15300          153964     
       12.25000000000000  
 OBS            34
       3.97425138545222
       0.45663323398682
       1.00000000000000
 33 35 -1
obdef
loc3d
        4.94304709522229              0.67138694960003             45.00000000000000     -1
kind
     25     
    15300          153964     
       12.25000000000000  
 OBS            35
       2.20542966384965
       1.47508194376435
       1.00000000000000
 34 36 -1
obdef
loc3d
        4.94323627307922              0.67609935421143             50.91764831542969     -1
kind
     25     
    15300          153964     
       12.25000000000000  
 OBS            36
       2.20460404766976
       1.77722776654497
       1.00000000000000
 35 37 -1
obdef
loc3d
        4.94382880471830              0.67878617658979             35.27229690551758     -1
kind
     25     
    15300          153964     
       12.25000000000000  
 OBS            37
       0.33126108774976
      -0.70923970161262
       1.00000000000000
 36 38 -1
obdef
loc3d
        4.94220707390035              0.68781081917460            173.94366455078119     -1
kind
     25     
    15300          153964     
       12.25000000000000  
 OBS            38
       1.07883361093091
      -2.10001246620618
       1.00000000000000
 37 39 -1
obdef
loc3d
        4.92755542120837              0.68675243746254            174.61849975585940     -1
kind
     25     
    15300          153964     
       12.25000000000000  
 OBS            39
      -2.42285289915911
      -1.65363064350275
       1.00000000000000
 38 40 -1
obdef
loc3d
        4.93770287749180              0.68559892863867            149.84144592285159     -1
kind
     25     
    15300          153964     
       12.25000000000000  
 OBS            40
      -3.50674398473520
       0.27195972090822
       1.00000000000000
 39 41 -1
obdef
loc3d
        4.92848130899840              0.69282991767383            196.64169311523440     -1
kind
     25     
    15300          153964     
       12.25000000000000  
 OBS            41
      -1.34643993008332
       0.44316104571820
       1.00000000000000
 40 42 -1
obdef
loc3d
        4.94329123891126              0.66857696973652             21.80461120605469     -1
kind
     25     
    15300          153964     
       12.25000000000000  
 OBS            42
       4.10247148673447
      -1.09600354474876
       1.00000000000000
 41 43 -1
obdef
loc3d
        4.93215285315783              0.69272179551745            405.54205322265619     -1
kind
     25     
    15300          153964     
       12.25000000000000  
 OBS            43
      -2.24597874094020
      -3.22644730199378
       1.00000000000000
 42 44 -1
obdef
loc3d
        4.93085954966869              0.68304429171430             90.32812500000000     -1
kind
     25     
    15300          153964     
       12.25000000000000  
 OBS            44
      -0.20106201518947
      -1.36631171068823
       1.00000000000000
 43 45 -1
obdef
loc3d
        4.93705662369825              0.67280917017713             44.45593643188477     -1
kind
     25     
    15300          153964     
       12.25000000000000  
 OBS            45
       0.80078618220953
       2.24692604356505
       1.00000000000000
 44 46 -1
obdef
loc3d
        4.94512604639754              0.69281773274108            184.54177856445310     -1
kind
     25     
    15300          153964     
       12.25000000000000  
 OBS            46
      -0.35238480771773
       0.60715506629014
       1.00000000000000
 45 47 -1
obdef
loc3d
        4.94897278262263              0.68784055253573             58.60614395141602     -1
kind
     25     
    15300          153964     
       12.25000000000000  
 OBS            47
       3.54170597565853
      -0.13176531896120
       1.00000000000000
 46 48 -1
obdef
loc3d
        4.94602769361993              0.68071046350214             21.00896453857422     -1
kind
     25     
    15300          153964     
       12.25000000000000  
 OBS            48
       1.93383147165011
      -0.02265121019489
       1.00000000000000
 47 49 -1
obdef
loc3d
        4.93975094338173              0.67132086947702             44.21312713623047     -1
kind
     25     
    15300          153964     
       12.25000000000000  
 OBS            49
      -2.47565398066787
      -2.39134521918482
       1.00000000000000
 48 50 -1
obdef
loc3d
        4.93608481943111              0.69281990441712            165.01060485839841     -1
kind
     25     
    15300          153964     
       12.25000000000000  
 OBS            50
      -0.84383073973237
      -1.88143654716955
       1.00000000000000
 49 51 -1
obdef
loc3d
        4.92159319416735              0.69282443720594            292.33944702148438     -1
kind
     25     
    15300          153964     
       12.25000000000000  
 OBS            51
      -2.75588619336211
      -1.44545091248350
       1.00000000000000
 50 52 -1
obdef
loc3d
        4.93873881518950              0.68829597049600            229.64634704589841     -1
kind
     25     
    15300          153964     
       12.25000000000000  
 OBS            52
      -4.28535288107048
      -2.38531679991183
       1.00000000000000
 51 53 -1
obdef
loc3d
        4.93527083413009              0.68767784768684            170.73742675781250     -1
kind
     25     
    15300          153964     
       12.25000000000000  
 OBS            53
       4.25795394691031
       1.53748586564272
       1.00000000000000
 52 54 -1
obdef
loc3d
        4.94662113618514              0.69029960200592            170.37097167968750     -1
kind
     25     
    15300          153964     
       12.25000000000000  
 OBS            54
      -1.30514334763548
      -1.38329787821683
       1.00000000000000
 53 55 -1
obdef
loc3d
        4.93429249379945              0.69052021135789            149.81713867187500     -1
kind
     25     
    15300          153964     
       12.25000000000000  
 OBS            55
      -5.31804439420905
      -1.68225496941924
       1.00000000000000
 54 56 -1
obdef
loc3d
        4.93269049343414              0.68556567101287            183.19726562500000     -1
kind
     25     
    15300          153964     
       12.25000000000000  
 OBS            56
       1.49686007887535
      -1.43403611824222
       1.00000000000000
 55 57 -1
obdef
loc3d
        4.96102089029673              0.67774516842699             17.24609375000000     -1
kind
     25     
    15300          153964     
       12.25000000000000  
 OBS            57
      -3.83477167487019
      -0.45900770163491
       1.00000000000000
 56 58 -1
obdef
loc3d
        4.95766343385975              0.68587140474105             17.20619201660156     -1
kind
     25     
    15300          153964     
       12.25000000000000  
 OBS            58
      -4.29866759647795
      -1.92188403683838
       1.00000000000000
 57 59 -1
obdef
loc3d
        4.96848382491262              0.66600327539335              8.93466186523438     -1
kind
     25     
    15300          153964     
       12.25000000000000  
 OBS            59
       2.73043169432623
      -0.61685677754576
       1.00000000000000
 58 60 -1
obdef
loc3d
        4.95841046678131              0.68356976794003             15.00000000000000     -1
kind
     25     
    15300          153964     
       12.25000000000000  
 OBS            60
      -3.47320142477839
      -1.06631260332036
       1.00000000000000
 59 61 -1
obdef
loc3d
        4.95968425198686              0.67283122878530              9.91464328765869     -1
kind
     25     
    15300          153964     
       12.25000000000000  
 OBS            61
      -2.68057218484989
      -1.20380603312503
       1.00000000000000
 60 62 -1
obdef
loc3d
        4.95850938370535              0.67569847985950              9.09960937500000     -1
kind
     25     
    15300          153964     
       12.25000000000000  
 OBS            62
      -2.83276301484334
      -0.73942652548945
       1.00000000000000
 61 63 -1
obdef
loc3d
        4.96062039600501              0.68186605212913             14.00000000000000     -1
kind
     25     
    15300          153964     
       12.25000000000000  
 OBS            63
       0.92598443209121
      -0.22831765015219
       1.00000000000000
 62 64 -1
obdef
loc3d
        4.96044430349621              0.68522255501691             15.00000000000000     -1
kind
     25     
    15300          153964     
       12.25000000000000  
 OBS            64
       0.54009553694799
      -0.25172553405211
       1.00000000000000
 63 65 -1
obdef
loc3d
        4.95666979050607              0.68165969365477             15.07347202301025     -1
kind
     25     
    15300          153964     
       12.25000000000000  
 OBS            65
      -1.16184500482227
      -1.06425062185289
       1.00000000000000
 64 66 -1
obdef
loc3d
        4.96483712939352              0.66390373451953              6.00000000000000     -1
kind
     25     
    15300          153964     
       12.25000000000000  
 OBS            66
       1.26495582291675
      -2.03373211908809
       1.00000000000000
 65 67 -1
obdef
loc3d
        4.96717335385836              0.67072562238302             13.76562500000000     -1
kind
     25     
    15300          153964     
       12.25000000000000  
 OBS            67
      -4.77902584518592
      -0.36211391625480
       1.00000000000000
 66 68 -1
obdef
loc3d
        4.96004611966382              0.68820120365869             15.00000000000000     -1
kind
     25     
    15300          153964     
       12.25000000000000  
 OBS            68
       2.81762159235203
       0.91668615571740
       1.00000000000000
 67 69 -1
obdef
loc3d
        4.95406364445895              0.69009645468583             54.42578125000000     -1
kind
     25     
    15300          153964     
       12.25000000000000  
 OBS            69
       1.56743464529153
       1.42098272243694
       1.00000000000000
 68 70 -1
obdef
loc3d
        4.95508230192316              0.68705689194968              9.08530712127686     -1
kind
     25     
    15300          153964     
       12.25000000000000  
 OBS            70
       1.90929461475850
       1.17421060843009
       1.00000000000000
 69 71 -1
obdef
loc3d
        4.89647559039613              0.68497595921932            824.84875488281250     -1
kind
     25     
    15300          153964     
       12.25000000000000  
 OBS            71
      -6.26329828729388
       1.53758122068899
       1.00000000000000
 70 72 -1
obdef
loc3d
        4.89667428721977              0.69273770557989            574.37286376953125     -1
kind
     25     
    15300          153964     
       12.25000000000000  
 OBS            72
       1.13681880214633
       0.55939664677737
       1.00000000000000
 71 73 -1
obdef
loc3d
        4.91583459977084              0.69278424988043            233.68589782714841     -1
kind
     25     
    15300          153964     
       12.25000000000000  
 OBS            73
      -1.71193751967264
       0.69967491952774
       1.00000000000000
 72 74 -1
obdef
loc3d
        4.90300762067971              0.68954390300676            525.03326416015625     -1
kind
     25     
    15300          153964     
       12.25000000000000  
 OBS            74
       1.59421761533947
       0.38083247008726
       1.00000000000000
 73 75 -1
obdef
loc3d
        4.90168560310748              0.69286223560483            711.58941650390625     -1
kind
     25     
    15300          153964     
       12.25000000000000  
 OBS            75
      -2.14484304458740
      -0.89792644922527
       1.00000000000000
 74 76 -1
obdef
loc3d
        4.91091515139416              0.69052501454351            199.70848083496091     -1
kind
     25     
    15300          153964     
       12.25000000000000  
 OBS            76
       0.04677232616059
       0.48976346872408
       1.00000000000000
 75 77 -1
obdef
loc3d
        4.90540352515539              0.69194112440599            606.33142089843750     -1
kind
     26     
    15300          153964     
       12.25000000000000  
 OBS            77
      -1.46112136263700
       1.61668306036229
       1.00000000000000
 76 78 -1
obdef
loc3d
        4.94546412681761              0.68348353984884             17.75631332397461     -1
kind
     26     
    15300          153964     
       12.25000000000000  
 OBS            78
      -2.10546174848417
      -0.31059170421051
       1.00000000000000
 77 79 -1
obdef
loc3d
        4.94660974174000              0.67744857875853             29.35406684875488     -1
kind
     26     
    15300          153964     
       12.25000000000000  
 OBS            79
       0.26500077636632
       1.29322889157446
       1.00000000000000
 78 80 -1
obdef
loc3d
        4.94648126630843              0.68652865419204             54.82812500000000     -1
kind
     26     
    15300          153964     
       12.25000000000000  
 OBS            80
      -4.34486358565327
       1.55012545861331
       1.00000000000000
 79 81 -1
obdef
loc3d
        4.94445426011379              0.68507566758975             62.61011505126953     -1
kind
     26     
    15300          153964     
       12.25000000000000  
 OBS            81
       4.87791463167387
       2.39451269316728
       1.00000000000000
 80 82 -1
obdef
loc3d
        4.94602055174578              0.68752162087271            134.15721130371091     -1
kind
     26     
    15300          153964     
       12.25000000000000  
 OBS            82
       2.03692688018336
       1.08782892097614
       1.00000000000000
 81 83 -1
obdef
loc3d
        4.94603912728501              0.67254511985829             35.00297546386719     -1
kind
     26     
    15300          153964     
       12.25000000000000  
 OBS            83
       1.79472472234579
       3.18097969435460
       1.00000000000000
 82 84 -1
obdef
loc3d
        4.95877904994953              0.67986585977255             17.04111671447754     -1
kind
     26     
    15300          153964     
       12.25000000000000  
 OBS            84
       0.53362557401255
       1.99583536201272
       1.00000000000000
 83 85 -1
obdef
loc3d
        4.93958042817759              0.69095160998657            226.13127136230469     -1
kind
     26     
    15300          153964     
       12.25000000000000  
 OBS            85
      -3.33891592977375
       1.09960511743442
       1.00000000000000
 84 86 -1
obdef
loc3d
        4.95756313665553              0.69181797222864             89.84997558593750     -1
kind
     26     
    15300          153964     
       12.25000000000000  
 OBS            86
       3.95040242078045
      -1.31517676714671
       1.00000000000000
 85 87 -1
obdef
loc3d
        4.94078657111844              0.67409210989409             60.81152343750000     -1
kind
     26     
    15300          153964     
       12.25000000000000  
 OBS            87
       0.83970587677476
       2.87727992323732
       1.00000000000000
 86 88 -1
obdef
loc3d
        4.95557846691255              0.67267262139613              1.00000000000000     -1
kind
     26     
    15300          153964     
       12.25000000000000  
 OBS            88
      -0.42793896863921
      -1.18889668833649
       1.00000000000000
 87 89 -1
obdef
loc3d
        4.93193348448080              0.68856418981073            106.00000000000000     -1
kind
     26     
    15300          153964     
       12.25000000000000  
 OBS            89
       2.64872693906685
      -1.35504291714321
       1.00000000000000
 88 90 -1
obdef
loc3d
        4.89970838141578              0.68765245249877            785.09423828125000     -1
kind
     26     
    15300          153964     
       12.25000000000000  
 OBS            90
       1.47050150902342
       2.17498949417330
       1.00000000000000
 89 91 -1
obdef
loc3d
        4.95026814558372              0.68993059237416             93.11567687988281     -1
kind
     26     
    15300          153964     
       12.25000000000000  
 OBS            91
       4.27171573482294
       2.61800525726280
       1.00000000000000
 90 92 -1
obdef
loc3d
        4.94174512165160              0.68484635226999            116.56585693359381     -1
kind
     26     
    15300          153964     
       12.25000000000000  
 OBS            92
      -0.54482945192465
       1.29161766382502
       1.00000000000000
 91 93 -1
obdef
loc3d
        4.95420735021482              0.68473663912788             15.00000000000000     -1
kind
     26     
    15300          153964     
       12.25000000000000  
 OBS            93
       5.85642754869482
       2.32417208633861
       1.00000000000000
 92 94 -1
obdef
loc3d
        4.93477042118681              0.68310638816012            118.89588928222661     -1
kind
     26     
    15300          153964     
       12.25000000000000  
 OBS            94
      -0.15726805926185
       1.83496731590754
       1.00000000000000
 93 95 -1
obdef
loc3d
        4.93795631029682              0.68276407673392            144.94107055664060     -1
kind
     26     
    15300          153964     
       12.25000000000000  
 OBS            95
      -5.10073620810730
       0.32751845586881
       1.00000000000000
 94 96 -1
obdef
loc3d
        4.94001671685736              0.68064929967652             43.67281723022461     -1
kind
     26     
    15300          153964     
       12.25000000000000  
 OBS            96
      -0.29418901356575
      -1.22167494937402
       1.00000000000000
 95 97 -1
obdef
loc3d
        4.94058460161740              0.67807181314514             70.17810058593750     -1
kind
     26     
    15300          153964     
       12.25000000000000  
 OBS            97
       4.28084583530983
       2.56686408408346
       1.00000000000000
 96 98 -1
obdef
loc3d
        4.95423295419494              0.68033176843505              3.71636104583740     -1
kind
     26     
    15300          153964     
       12.25000000000000  
 OBS            98
       1.49046026551944
       2.52984938698500
       1.00000000000000
 97 99 -1
obdef
loc3d
        4.94926894458696              0.66642585587446             10.91526031494141     -1
kind
     26     
    15300          153964     
       12.25000000000000  
 OBS            99
      -1.54187313782118
       1.88974867918522
       1.00000000000000
 98 100 -1
obdef
loc3d
        4.96223480186848              0.66700036066835              5.00000000000000     -1
kind
     26     
    15300          153964     
       12.25000000000000  
 OBS            100
       3.63155991008694
       3.00206912880610
       1.00000000000000
 99 101 -1
obdef
loc3d
        4.95546148971009              0.67729393735082              6.17724800109863     -1
kind
     26     
    15300          153964     
       12.25000000000000  
 OBS            101
      -2.42878566658301
       0.22105136730136
       1.00000000000000
 100 102 -1
obdef
loc3d
        4.92652723985629              0.69051382381431            146.04148864746091     -1
kind
     26     
    15300          153964     
       12.25000000000000  
 OBS            102
       3.28017787525547
       2.27614964606063
       1.00000000000000
 101 103 -1
obdef
loc3d
        4.96366005344362              0.66920346185787              6.00000000000000     -1
kind
     26     
    15300          153964     
       12.25000000000000  
 OBS            103
       2.75019173612312
       2.55986823837387
       1.00000000000000
 102 104 -1
obdef
loc3d
        4.97052949833720              0.66907739847133              8.84140872955322     -1
kind
     26     
    15300          153964     
       12.25000000000000  
 OBS            104
       3.58160496449544
       1.79641208285288
       1.00000000000000
 103 105 -1
obdef
loc3d
        4.95272465676814              0.69285338512106             17.57446289062500     -1
kind
     26     
    15300          153964     
       12.25000000000000  
 OBS            105
       0.73496780006195
       1.40207880530399
       1.00000000000000
 104 106 -1
obdef
loc3d
        4.94895487610473              0.69270373762026            144.09075927734381     -1
kind
     26     
    15300          153964     
       12.25000000000000  
 OBS            106
       2.32980548064858
      -1.16690158573007
       1.00000000000000
 105 107 -1
obdef
loc3d
        4.94293085461737              0.69053117803871            168.92642211914060     -1
kind
     26     
    15300          153964     
       12.25000000000000  
 OBS            107
       0.48738356050840
       1.94694560859293
       1.00000000000000
 106 108 -1
obdef
loc3d
        4.93556788041953              0.67027828664670             15.00000000000000     -1
kind
     26     
    15300          153964     
       12.25000000000000  
 OBS            108
       0.95642989981954
      -0.96147756969348
       1.00000000000000
 107 109 -1
obdef
loc3d
        4.94611628544174              0.67496858055017             35.03607940673828     -1
kind
     26     
    15300          153964     
       12.25000000000000  
 OBS            109
       7.86012456482830
       0.84491303521451
       1.00000000000000
 108 110 -1
obdef
loc3d
        4.94304709522229              0.67138694960003             45.00000000000000     -1
kind
     26     
    15300          153964     
       12.25000000000000  
 OBS            110
      -1.17715763998470
      -1.37372774189754
       1.00000000000000
 109 111 -1
obdef
loc3d
        4.94323627307922              0.67609935421143             50.91764831542969     -1
kind
     26     
    15300          153964     
       12.25000000000000  
 OBS            111
       1.66487419651716
      -0.66400923790814
       1.00000000000000
 110 112 -1
obdef
loc3d
        4.94382880471830              0.67878617658979             35.27229690551758     -1
kind
     26     
    15300          153964     
       12.25000000000000  
 OBS            112
      -3.92453673241332
       1.66396683892019
       1.00000000000000
 111 113 -1
obdef
loc3d
        4.94220707390035              0.68781081917460            173.94366455078119     -1
kind
     26     
    15300          153964     
       12.25000000000000  
 OBS            113
       1.66215413358930
       3.15201697042542
       1.00000000000000
 112 114 -1
obdef
loc3d
        4.92755542120837              0.68675243746254            174.61849975585940     -1
kind
     26     
    15300          153964     
       12.25000000000000  
 OBS            114
       3.80666481475482
       2.56013650880788
       1.00000000000000
 113 115 -1
obdef
loc3d
        4.93770287749180              0.68559892863867            149.84144592285159     -1
kind
     26     
    15300          153964     
       12.25000000000000  
 OBS            115
       1.29339342055932
      -0.50995988010140
       1.00000000000000
 114 116 -1
obdef
loc3d
        4.92848130899840              0.69282991767383            196.64169311523440     -1
kind
     26     
    15300          153964     
       12.25000000000000  
 OBS            116
      -2.20435981031929
       2.36232594745760
       1.00000000000000
 115 117 -1
obdef
loc3d
        4.94329123891126              0.66857696973652             21.80461120605469     -1
kind
     26     
    15300          153964     
       12.25000000000000  
 OBS            117
       0.15745291307539
       2.51389413641817
       1.00000000000000
 116 118 -1
obdef
loc3d
        4.93215285315783              0.69272179551745            405.54205322265619     -1
kind
     26     
    15300          153964     
       12.25000000000000  
 OBS            118
       3.62939461377002
       2.23372884576143
       1.00000000000000
 117 119 -1
obdef
loc3d
        4.93085954966869              0.68304429171430             90.32812500000000     -1
kind
     26     
    15300          153964     
       12.25000000000000  
 OBS            119
       2.27668534308764
      -0.17568926360902
       1.00000000000000
 118 120 -1
obdef
loc3d
        4.93705662369825              0.67280917017713             44.45593643188477     -1
kind
     26     
    15300          153964     
       12.25000000000000  
 OBS            120
       4.47314533265417
       2.23004017541111
       1.00000000000000
 119 121 -1
obdef
loc3d
        4.94512604639754              0.69281773274108            184.54177856445310     -1
kind
     26     
    15300          153964     
       12.25000000000000  
 OBS            121
       3.03266223162346
       3.72406956322230
       1.00000000000000
 120 122 -1
obdef
loc3d
        4.94897278262263              0.68784055253573             58.60614395141602     -1
kind
     26     
    15300          153964     
       12.25000000000000  
 OBS            122
      -3.21528802933411
       0.13049582257852
       1.00000000000000
 121 123 -1
obdef
loc3d
        4.94602769361993              0.68071046350214             21.00896453857422     -1
kind
     26     
    15300          153964     
       12.25000000000000  
 OBS            123
       6.30861512694949
       2.93044244933145
       1.00000000000000
 122 124 -1
obdef
loc3d
        4.93975094338173              0.67132086947702             44.21312713623047     -1
kind
     26     
    15300          153964     
       12.25000000000000  
 OBS            124
       2.49670293363782
       3.51804962777940
       1.00000000000000
 123 125 -1
obdef
loc3d
        4.93608481943111              0.69281990441712            165.01060485839841     -1
kind
     26     
    15300          153964     
       12.25000000000000  
 OBS            125
      -2.94166292526864
       1.39371543615065
       1.00000000000000
 124 126 -1
obdef
loc3d
        4.92159319416735              0.69282443720594            292.33944702148438     -1
kind
     26     
    15300          153964     
       12.25000000000000  
 OBS            126
       5.85523147122023
       2.14167672749832
       1.00000000000000
 125 127 -1
obdef
loc3d
        4.93873881518950              0.68829597049600            229.64634704589841     -1
kind
     26     
    15300          153964     
       12.25000000000000  
 OBS            127
       7.73568555726325
       3.50908522104918
       1.00000000000000
 126 128 -1
obdef
loc3d
        4.93527083413009              0.68767784768684            170.73742675781250     -1
kind
     26     
    15300          153964     
       12.25000000000000  
 OBS            128
       3.31742199444686
       2.57419784190441
       1.00000000000000
 127 129 -1
obdef
loc3d
        4.94662113618514              0.69029960200592            170.37097167968750     -1
kind
     26     
    15300          153964     
       12.25000000000000  
 OBS            129
       5.10335707198878
       1.40945713395754
       1.00000000000000
 128 130 -1
obdef
loc3d
        4.93429249379945              0.69052021135789            149.81713867187500     -1
kind
     26     
    15300          153964     
       12.25000000000000  
 OBS            130
       5.57689059565239
       3.04736903849196
       1.00000000000000
 129 131 -1
obdef
loc3d
        4.93269049343414              0.68556567101287            183.19726562500000     -1
kind
     26     
    15300          153964     
       12.25000000000000  
 OBS            131
       6.28375133563042
       3.78289944046019
       1.00000000000000
 130 132 -1
obdef
loc3d
        4.96102089029673              0.67774516842699             17.24609375000000     -1
kind
     26     
    15300          153964     
       12.25000000000000  
 OBS            132
       3.96017292245040
       3.28594794466293
       1.00000000000000
 131 133 -1
obdef
loc3d
        4.95766343385975              0.68587140474105             17.20619201660156     -1
kind
     26     
    15300          153964     
       12.25000000000000  
 OBS            133
       2.72791594620485
       2.76813975907720
       1.00000000000000
 132 134 -1
obdef
loc3d
        4.96848382491262              0.66600327539335              8.93466186523438     -1
kind
     26     
    15300          153964     
       12.25000000000000  
 OBS            134
       4.11059494331554
       3.07421890852833
       1.00000000000000
 133 135 -1
obdef
loc3d
        4.95841046678131              0.68356976794003             15.00000000000000     -1
kind
     26     
    15300          153964     
       12.25000000000000  
 OBS            135
       4.18762686552740
       3.03709649308052
       1.00000000000000
 134 136 -1
obdef
loc3d
        4.95968425198686              0.67283122878530              9.91464328765869     -1
kind
     26     
    15300          153964     
       12.25000000000000  
 OBS            136
       2.57863500410241
       3.09390035150434
       1.00000000000000
 135 137 -1
obdef
loc3d
        4.95850938370535              0.67569847985950              9.09960937500000     -1
kind
     26     
    15300          153964     
       12.25000000000000  
 OBS            137
      -1.89858582718398
       3.24777644864660
       1.00000000000000
 136 138 -1
obdef
loc3d
        4.96062039600501              0.68186605212913             14.00000000000000     -1
kind
     26     
    15300          153964     
       12.25000000000000  
 OBS            138
       7.85050309969612
       2.41144280268316
       1.00000000000000
 137 139 -1
obdef
loc3d
        4.96044430349621              0.68522255501691             15.00000000000000     -1
kind
     26     
    15300          153964     
       12.25000000000000  
 OBS            139
       4.05530072119817
       2.40711521279669
       1.00000000000000
 138 140 -1
obdef
loc3d
        4.95666979050607              0.68165969365477             15.07347202301025     -1
kind
     26     
    15300          153964     
       12.25000000000000  
 OBS            140
       3.25929471499212
       2.18937619154486
       1.00000000000000
 139 141 -1
obdef
loc3d
        4.96483712939352              0.66390373451953              6.00000000000000     -1
kind
     26     
    15300          153964     
       12.25000000000000  
 OBS            141
       9.64958874694060
       2.73004423972737
       1.00000000000000
 140 142 -1
obdef
loc3d
        4.96717335385836              0.67072562238302             13.76562500000000     -1
kind
     26     
    15300          153964     
       12.25000000000000  
 OBS            142
      -0.23758833658693
       2.52397405164868
       1.00000000000000
 141 143 -1
obdef
loc3d
        4.96004611966382              0.68820120365869             15.00000000000000     -1
kind
     26     
    15300          153964     
       12.25000000000000  
 OBS            143
       1.26306621115601
       1.06583690628575
       1.00000000000000
 142 144 -1
obdef
loc3d
        4.95406364445895              0.69009645468583             54.42578125000000     -1
kind
     26     
    15300          153964     
       12.25000000000000  
 OBS            144
       3.94840089614536
       1.62916277347475
       1.00000000000000
 143 145 -1
obdef
loc3d
        4.95508230192316              0.68705689194968              9.08530712127686     -1
kind
     26     
    15300          153964     
       12.25000000000000  
 OBS            145
      -3.69570104058293
       1.17284929704679
       1.00000000000000
 144 146 -1
obdef
loc3d
        4.89647559039613              0.68497595921932            824.84875488281250     -1
kind
     26     
    15300          153964     
       12.25000000000000  
 OBS            146
       4.63480256359651
       0.74319958494478
       1.00000000000000
 145 147 -1
obdef
loc3d
        4.89667428721977              0.69273770557989            574.37286376953125     -1
kind
     26     
    15300          153964     
       12.25000000000000  
 OBS            147
       3.55190893094232
       1.15550244094620
       1.00000000000000
 146 148 -1
obdef
loc3d
        4.91583459977084              0.69278424988043            233.68589782714841     -1
kind
     26     
    15300          153964     
       12.25000000000000  
 OBS            148
       5.25537604370929
      -0.78424969574402
       1.00000000000000
 147 149 -1
obdef
loc3d
        4.90300762067971              0.68954390300676            525.03326416015625     -1
kind
     26     
    15300          153964     
       12.25000000000000  
 OBS            149
      -1.87081723810224
       0.63849271299237
       1.00000000000000
 148 150 -1
obdef
loc3d
        4.90168560310748              0.69286223560483            711.58941650390625     -1
kind
     26     
    15300          153964     
       12.25000000000000  
 OBS            150
      -4.99223019404378
      -1.02565173770786
       1.00000000000000
 149 151 -1
obdef
loc3d
        4.91091515139416              0.69052501454351            199.70848083496091     -1
kind
     26     
    15300          153964     
       12.25000000000000  
 OBS            151
     294.48177133980658
     293.51774235429201
       1.00000000000000
 150 152 -1
obdef
loc3d
        4.90540352515539              0.69194112440599            606.33142089843750     -1
kind
     27     
    15300          153964     
        6.25000000000000  
 OBS            152
     294.94021179054602
     296.46844316562601
       1.00000000000000
 151 153 -1
obdef
loc3d
        4.94546412681761              0.68348353984884             17.75631332397461     -1
kind
     27     
    15300          153964     
        6.25000000000000  
 OBS            153
     298.16846319673090
     297.14635069267200
       1.00000000000000
 152 154 -1
obdef
loc3d
        4.94660974174000              0.67744857875853             29.35406684875488     -1
kind
     27     
    15300          153964     
        6.25000000000000  
 OBS            154
     296.77426463507663
     296.51720154734898
       1.00000000000000
 153 155 -1
obdef
loc3d
        4.94648126630843              0.68652865419204             54.82812500000000     -1
kind
     27     
    15300          153964     
        6.25000000000000  
 OBS            155
     296.59809005785348
     296.65104290356601
       1.00000000000000
 154 156 -1
obdef
loc3d
        4.94445426011379              0.68507566758975             62.61011505126953     -1
kind
     27     
    15300          153964     
        6.25000000000000  
 OBS            156
     296.24307528779008
     296.01079293331100
       1.00000000000000
 155 157 -1
obdef
loc3d
        4.94602055174578              0.68752162087271            134.15721130371091     -1
kind
     27     
    15300          153964     
        6.25000000000000  
 OBS            157
     296.58659161063741
     296.06189305890700
       1.00000000000000
 156 158 -1
obdef
loc3d
        4.94603912728501              0.67254511985829             35.00297546386719     -1
kind
     27     
    15300          153964     
        6.25000000000000  
 OBS            158
     298.23906595463626
     296.44813261744702
       1.00000000000000
 157 159 -1
obdef
loc3d
        4.95877904994953              0.67986585977255             17.04111671447754     -1
kind
     27     
    15300          153964     
        6.25000000000000  
 OBS            159
     296.63905762374310
     295.64115408893002
       1.00000000000000
 158 160 -1
obdef
loc3d
        4.93958042817759              0.69095160998657            226.13127136230469     -1
kind
     27     
    15300          153964     
        6.25000000000000  
 OBS            160
     294.75482588794409
     295.54877615760603
       1.00000000000000
 159 161 -1
obdef
loc3d
        4.95756313665553              0.69181797222864             89.84997558593750     -1
kind
     27     
    15300          153964     
        6.25000000000000  
 OBS            161
     295.14694103965570
     296.26011388709099
       1.00000000000000
 160 162 -1
obdef
loc3d
        4.94078657111844              0.67409210989409             60.81152343750000     -1
kind
     27     
    15300          153964     
        6.25000000000000  
 OBS            162
     298.26118115950612
     296.57899701332599
       1.00000000000000
 161 163 -1
obdef
loc3d
        4.95557846691255              0.67267262139613              1.00000000000000     -1
kind
     27     
    15300          153964     
        6.25000000000000  
 OBS            163
     296.33475983699793
     295.75542690772301
       1.00000000000000
 162 164 -1
obdef
loc3d
        4.93193348448080              0.68856418981073            106.00000000000000     -1
kind
     27     
    15300          153964     
        6.25000000000000  
 OBS            164
     290.81745957623423
     291.78018456437599
       1.00000000000000
 163 165 -1
obdef
loc3d
        4.89970838141578              0.68765245249877            785.09423828125000     -1
kind
     27     
    15300          153964     
        6.25000000000000  
 OBS            165
     295.08694805997993
     295.43144924669701
       1.00000000000000
 164 166 -1
obdef
loc3d
        4.95026814558372              0.68993059237416             93.11567687988281     -1
kind
     27     
    15300          153964     
        6.25000000000000  
 OBS            166
     296.91977014085830
     296.00609095921499
       1.00000000000000
 165 167 -1
obdef
loc3d
        4.94174512165160              0.68484635226999            116.56585693359381     -1
kind
     27     
    15300          153964     
        6.25000000000000  
 OBS            167
     298.47324562181342
     296.13974104495702
       1.00000000000000
 166 168 -1
obdef
loc3d
        4.95420735021482              0.68473663912788             15.00000000000000     -1
kind
     27     
    15300          153964     
        6.25000000000000  
 OBS            168
     295.83393104526925
     295.82957889275400
       1.00000000000000
 167 169 -1
obdef
loc3d
        4.93477042118681              0.68310638816012            118.89588928222661     -1
kind
     27     
    15300          153964     
        6.25000000000000  
 OBS            169
     294.18056422333592
     295.49172273249701
       1.00000000000000
 168 170 -1
obdef
loc3d
        4.93795631029682              0.68276407673392            144.94107055664060     -1
kind
     27     
    15300          153964     
        6.25000000000000  
 OBS            170
     296.41966360512902
     296.23539770935599
       1.00000000000000
 169 171 -1
obdef
loc3d
        4.94001671685736              0.68064929967652             43.67281723022461     -1
kind
     27     
    15300          153964     
        6.25000000000000  
 OBS            171
     295.10382455114035
     296.16805263633802
       1.00000000000000
 170 172 -1
obdef
loc3d
        4.94058460161740              0.67807181314514             70.17810058593750     -1
kind
     27     
    15300          153964     
        6.25000000000000  
 OBS            172
     297.41779528541491
     295.91648131816800
       1.00000000000000
 171 173 -1
obdef
loc3d
        4.95423295419494              0.68033176843505              3.71636104583740     -1
kind
     27     
    15300          153964     
        6.25000000000000  
 OBS            173
     298.60651418375733
     297.23333054876599
       1.00000000000000
 172 174 -1
obdef
loc3d
        4.94926894458696              0.66642585587446             10.91526031494141     -1
kind
     27     
    15300          153964     
        6.25000000000000  
 OBS            174
     297.84903621032640
     297.36363733087398
       1.00000000000000
 173 175 -1
obdef
loc3d
        4.96223480186848              0.66700036066835              5.00000000000000     -1
kind
     27     
    15300          153964     
        6.25000000000000  
 OBS            175
     297.52073266309407
     296.85391157844401
       1.00000000000000
 174 176 -1
obdef
loc3d
        4.95546148971009              0.67729393735082              6.17724800109863     -1
kind
     27     
    15300          153964     
        6.25000000000000  
 OBS            176
     295.66656241520235
     296.43155339708602
       1.00000000000000
 175 177 -1
obdef
loc3d
        4.92652723985629              0.69051382381431            146.04148864746091     -1
kind
     27     
    15300          153964     
        6.25000000000000  
 OBS            177
     296.61149386369055
     296.66776956593702
       1.00000000000000
 176 178 -1
obdef
loc3d
        4.96366005344362              0.66920346185787              6.00000000000000     -1
kind
     27     
    15300          153964     
        6.25000000000000  
 OBS            178
     294.50838510073385
     295.68713957776703
       1.00000000000000
 177 179 -1
obdef
loc3d
        4.97052949833720              0.66907739847133              8.84140872955322     -1
kind
     27     
    15300          153964     
        6.25000000000000  
 OBS            179
     295.90252414810760
     295.94954403302103
       1.00000000000000
 178 180 -1
obdef
loc3d
        4.95272465676814              0.69285338512106             17.57446289062500     -1
kind
     27     
    15300          153964     
        6.25000000000000  
 OBS            180
     296.33694414774811
     294.78590686233798
       1.00000000000000
 179 181 -1
obdef
loc3d
        4.94895487610473              0.69270373762026            144.09075927734381     -1
kind
     27     
    15300          153964     
        6.25000000000000  
 OBS            181
     296.49697340055440
     295.14455110865902
       1.00000000000000
 180 182 -1
obdef
loc3d
        4.94293085461737              0.69053117803871            168.92642211914060     -1
kind
     27     
    15300          153964     
        6.25000000000000  
 OBS            182
     295.98447688695433
     296.65929019528699
       1.00000000000000
 181 183 -1
obdef
loc3d
        4.93556788041953              0.67027828664670             15.00000000000000     -1
kind
     27     
    15300          153964     
        6.25000000000000  
 OBS            183
     297.47905689613901
     296.25864359323600
       1.00000000000000
 182 184 -1
obdef
loc3d
        4.94611628544174              0.67496858055017             35.03607940673828     -1
kind
     27     
    15300          153964     
        6.25000000000000  
 OBS            184
     295.45826778507052
     296.00097517169598
       1.00000000000000
 183 185 -1
obdef
loc3d
        4.94304709522229              0.67138694960003             45.00000000000000     -1
kind
     27     
    15300          153964     
        6.25000000000000  
 OBS            185
     296.84473498475796
     296.85231003612398
       1.00000000000000
 184 186 -1
obdef
loc3d
        4.94323627307922              0.67609935421143             50.91764831542969     -1
kind
     27     
    15300          153964     
        6.25000000000000  
 OBS            186
     295.18216114269546
     296.71692732594300
       1.00000000000000
 185 187 -1
obdef
loc3d
        4.94382880471830              0.67878617658979             35.27229690551758     -1
kind
     27     
    15300          153964     
        6.25000000000000  
 OBS            187
     296.98510649738495
     295.35833449192199
       1.00000000000000
 186 188 -1
obdef
loc3d
        4.94220707390035              0.68781081917460            173.94366455078119     -1
kind
     27     
    15300          153964     
        6.25000000000000  
 OBS            188
     295.00202913653465
     294.83964715680298
       1.00000000000000
 187 189 -1
obdef
loc3d
        4.92755542120837              0.68675243746254            174.61849975585940     -1
kind
     27     
    15300          153964     
        6.25000000000000  
 OBS            189
     294.89119763355899
     295.47963240575598
       1.00000000000000
 188 190 -1
obdef
loc3d
        4.93770287749180              0.68559892863867            149.84144592285159     -1
kind
     27     
    15300          153964     
        6.25000000000000  
 OBS            190
     294.80852112383513
     295.60237333433503
       1.00000000000000
 189 191 -1
obdef
loc3d
        4.92848130899840              0.69282991767383            196.64169311523440     -1
kind
     27     
    15300          153964     
        6.25000000000000  
 OBS            191
     296.52245944885101
     296.42146429776398
       1.00000000000000
 190 192 -1
obdef
loc3d
        4.94329123891126              0.66857696973652             21.80461120605469     -1
kind
     27     
    15300          153964     
        6.25000000000000  
 OBS            192
     294.58507700617537
     293.89708869426897
       1.00000000000000
 191 193 -1
obdef
loc3d
        4.93215285315783              0.69272179551745            405.54205322265619     -1
kind
     27     
    15300          153964     
        6.25000000000000  
 OBS            193
     295.29415292236473
     296.36669574432102
       1.00000000000000
 192 194 -1
obdef
loc3d
        4.93085954966869              0.68304429171430             90.32812500000000     -1
kind
     27     
    15300          153964     
        6.25000000000000  
 OBS            194
     296.27224152021455
     295.96455448622902
       1.00000000000000
 193 195 -1
obdef
loc3d
        4.93705662369825              0.67280917017713             44.45593643188477     -1
kind
     27     
    15300          153964     
        6.25000000000000  
 OBS            195
     295.64277877531077
     294.97046706550100
       1.00000000000000
 194 196 -1
obdef
loc3d
        4.94512604639754              0.69281773274108            184.54177856445310     -1
kind
     27     
    15300          153964     
        6.25000000000000  
 OBS            196
     294.81301185843284
     296.03346407258402
       1.00000000000000
 195 197 -1
obdef
loc3d
        4.94897278262263              0.68784055253573             58.60614395141602     -1
kind
     27     
    15300          153964     
        6.25000000000000  
 OBS            197
     294.45427483166918
     296.26006304490602
       1.00000000000000
 196 198 -1
obdef
loc3d
        4.94602769361993              0.68071046350214             21.00896453857422     -1
kind
     27     
    15300          153964     
        6.25000000000000  
 OBS            198
     295.26913775451527
     296.53019889397399
       1.00000000000000
 197 199 -1
obdef
loc3d
        4.93975094338173              0.67132086947702             44.21312713623047     -1
kind
     27     
    15300          153964     
        6.25000000000000  
 OBS            199
     296.40253855537014
     295.45273153891100
       1.00000000000000
 198 200 -1
obdef
loc3d
        4.93608481943111              0.69281990441712            165.01060485839841     -1
kind
     27     
    15300          153964     
        6.25000000000000  
 OBS            200
     295.95356167725174
     296.49615213814900
       1.00000000000000
 199 201 -1
obdef
loc3d
        4.92159319416735              0.69282443720594            292.33944702148438     -1
kind
     27     
    15300          153964     
        6.25000000000000  
 OBS            201
     294.03106033076364
     294.83285686684701
       1.00000000000000
 200 202 -1
obdef
loc3d
        4.93873881518950              0.68829597049600            229.64634704589841     -1
kind
     27     
    15300          153964     
        6.25000000000000  
 OBS            202
     296.45128463846453
     295.27487395429102
       1.00000000000000
 201 203 -1
obdef
loc3d
        4.93527083413009              0.68767784768684            170.73742675781250     -1
kind
     27     
    15300          153964     
        6.25000000000000  
 OBS            203
     296.78638865789901
     295.45308428450602
       1.00000000000000
 202 204 -1
obdef
loc3d
        4.94662113618514              0.69029960200592            170.37097167968750     -1
kind
     27     
    15300          153964     
        6.25000000000000  
 OBS            204
     295.46783937940148
     295.04978839097299
       1.00000000000000
 203 205 -1
obdef
loc3d
        4.93429249379945              0.69052021135789            149.81713867187500     -1
kind
     27     
    15300          153964     
        6.25000000000000  
 OBS            205
     295.69405038517704
     294.66417882450202
       1.00000000000000
 204 206 -1
obdef
loc3d
        4.93269049343414              0.68556567101287            183.19726562500000     -1
kind
     27     
    15300          153964     
        6.25000000000000  
 OBS            206
     295.87207025029358
     296.71074420646198
       1.00000000000000
 205 207 -1
obdef
loc3d
        4.96102089029673              0.67774516842699             17.24609375000000     -1
kind
     27     
    15300          153964     
        6.25000000000000  
 OBS            207
     298.33451864094803
     296.40698369342601
       1.00000000000000
 206 208 -1
obdef
loc3d
        4.95766343385975              0.68587140474105             17.20619201660156     -1
kind
     27     
    15300          153964     
        6.25000000000000  
 OBS            208
     295.71522309408294
     296.18718273704400
       1.00000000000000
 207 209 -1
obdef
loc3d
        4.96848382491262              0.66600327539335              8.93466186523438     -1
kind
     27     
    15300          153964     
        6.25000000000000  
 OBS            209
     296.61875071733908
     296.34508441722602
       1.00000000000000
 208 210 -1
obdef
loc3d
        4.95841046678131              0.68356976794003             15.00000000000000     -1
kind
     27     
    15300          153964     
        6.25000000000000  
 OBS            210
     295.98853014329035
     296.83759794654600
       1.00000000000000
 209 211 -1
obdef
loc3d
        4.95968425198686              0.67283122878530              9.91464328765869     -1
kind
     27     
    15300          153964     
        6.25000000000000  
 OBS            211
     299.67956790466621
     296.74989171421203
       1.00000000000000
 210 212 -1
obdef
loc3d
        4.95850938370535              0.67569847985950              9.09960937500000     -1
kind
     27     
    15300          153964     
        6.25000000000000  
 OBS            212
     295.47164482739066
     296.90876845460002
       1.00000000000000
 211 213 -1
obdef
loc3d
        4.96062039600501              0.68186605212913             14.00000000000000     -1
kind
     27     
    15300          153964     
        6.25000000000000  
 OBS            213
     297.90898726561124
     296.51264888105499
       1.00000000000000
 212 214 -1
obdef
loc3d
        4.96044430349621              0.68522255501691             15.00000000000000     -1
kind
     27     
    15300          153964     
        6.25000000000000  
 OBS            214
     296.52129560889131
     296.38919023287201
       1.00000000000000
 213 215 -1
obdef
loc3d
        4.95666979050607              0.68165969365477             15.07347202301025     -1
kind
     27     
    15300          153964     
        6.25000000000000  
 OBS            215
     295.59464702073103
     296.83531014926700
       1.00000000000000
 214 216 -1
obdef
loc3d
        4.96483712939352              0.66390373451953              6.00000000000000     -1
kind
     27     
    15300          153964     
        6.25000000000000  
 OBS            216
     296.51710238048111
     296.15498832282299
       1.00000000000000
 215 217 -1
obdef
loc3d
        4.96717335385836              0.67072562238302             13.76562500000000     -1
kind
     27     
    15300          153964     
        6.25000000000000  
 OBS            217
     295.58302704179590
     296.02871458036600
       1.00000000000000
 216 218 -1
obdef
loc3d
        4.96004611966382              0.68820120365869             15.00000000000000     -1
kind
     27     
    15300          153964     
        6.25000000000000  
 OBS            218
     294.08572475396096
     295.70895509550797
       1.00000000000000
 217 219 -1
obdef
loc3d
        4.95406364445895              0.69009645468583             54.42578125000000     -1
kind
     27     
    15300          153964     
        6.25000000000000  
 OBS            219
     294.58383835386223
     295.95289083278499
       1.00000000000000
 218 220 -1
obdef
loc3d
        4.95508230192316              0.68705689194968              9.08530712127686     -1
kind
     27     
    15300          153964     
        6.25000000000000  
 OBS            220
     288.53741819088282
     289.98139996932798
       1.00000000000000
 219 221 -1
obdef
loc3d
        4.89647559039613              0.68497595921932            824.84875488281250     -1
kind
     27     
    15300          153964     
        6.25000000000000  
 OBS            221
     293.50485497577500
     293.09147623575302
       1.00000000000000
 220 222 -1
obdef
loc3d
        4.89667428721977              0.69273770557989            574.37286376953125     -1
kind
     27     
    15300          153964     
        6.25000000000000  
 OBS            222
     296.27900563896446
     294.82803562601703
       1.00000000000000
 221 223 -1
obdef
loc3d
        4.91583459977084              0.69278424988043            233.68589782714841     -1
kind
     27     
    15300          153964     
        6.25000000000000  
 OBS            223
     292.88495866908312
     293.42395564627202
       1.00000000000000
 222 224 -1
obdef
loc3d
        4.90300762067971              0.68954390300676            525.03326416015625     -1
kind
     27     
    15300          153964     
        6.25000000000000  
 OBS            224
     291.95888565675222
     291.92170117180700
       1.00000000000000
 223 225 -1
obdef
loc3d
        4.90168560310748              0.69286223560483            711.58941650390625     -1
kind
     27     
    15300          153964     
        6.25000000000000  
 OBS            225
     295.06345679368945
     295.68439014322303
       1.00000000000000
 224 -1 -1
obdef
loc3d
        4.91091515139416              0.69052501454351            199.70848083496091     -1
kind
     27     
    15300          153964     
        6.25000000000000  
