 obs_sequence
obs_kind_definitions
       3
    25          LAND_SFC_U_WIND_COMPONENT   
    26          LAND_SFC_V_WIND_COMPONENT   
    27          LAND_SFC_TEMPERATURE   
  num_copies:            2  num_qc:            1
 num_obs:       225  max_num_obs:       225
observations
truth
QC radar
  first:            1  last:       225
 OBS            1
       2.84300507626354
       4.05639240716162
       1.00000000000000
 -1 2 -1
obdef
loc3d
        4.90540352515539              0.69194112440599            606.33142089843750     -1
kind
     25     
    57600          153949     
       12.25000000000000  
 OBS            2
      -2.68286434329921
       2.03744365211859
       1.00000000000000
 1 3 -1
obdef
loc3d
        4.94546412681761              0.68348353984884             17.75631332397461     -1
kind
     25     
    57600          153949     
       12.25000000000000  
 OBS            3
       2.52340118418365
       2.22999730908847
       1.00000000000000
 2 4 -1
obdef
loc3d
        4.94660974174000              0.67744857875853             29.35406684875488     -1
kind
     25     
    57600          153949     
       12.25000000000000  
 OBS            4
       1.29394297710226
       1.59908041791391
       1.00000000000000
 3 5 -1
obdef
loc3d
        4.94648126630843              0.68652865419204             54.82812500000000     -1
kind
     25     
    57600          153949     
       12.25000000000000  
 OBS            5
       0.88033711229930
       2.34206671969635
       1.00000000000000
 4 6 -1
obdef
loc3d
        4.94445426011379              0.68507566758975             62.61011505126953     -1
kind
     25     
    57600          153949     
       12.25000000000000  
 OBS            6
       6.44266833847332
       2.70435386789854
       1.00000000000000
 5 7 -1
obdef
loc3d
        4.94602055174578              0.68752162087271            134.15721130371091     -1
kind
     25     
    57600          153949     
       12.25000000000000  
 OBS            7
       6.94494708007263
       3.20851525435719
       1.00000000000000
 6 8 -1
obdef
loc3d
        4.94603912728501              0.67254511985829             35.00297546386719     -1
kind
     25     
    57600          153949     
       12.25000000000000  
 OBS            8
       6.65108781561981
       4.30384519815788
       1.00000000000000
 7 9 -1
obdef
loc3d
        4.95877904994953              0.67986585977255             17.04111671447754     -1
kind
     25     
    57600          153949     
       12.25000000000000  
 OBS            9
       4.41200915293081
       3.25966580812445
       1.00000000000000
 8 10 -1
obdef
loc3d
        4.93958042817759              0.69095160998657            226.13127136230469     -1
kind
     25     
    57600          153949     
       12.25000000000000  
 OBS            10
       1.89895559820794
       0.93647216418117
       1.00000000000000
 9 11 -1
obdef
loc3d
        4.95756313665553              0.69181797222864             89.84997558593750     -1
kind
     25     
    57600          153949     
       12.25000000000000  
 OBS            11
       1.18713852520332
       1.95866432962884
       1.00000000000000
 10 12 -1
obdef
loc3d
        4.94078657111844              0.67409210989409             60.81152343750000     -1
kind
     25     
    57600          153949     
       12.25000000000000  
 OBS            12
       5.86990897493420
       2.83538222626117
       1.00000000000000
 11 13 -1
obdef
loc3d
        4.95557846691255              0.67267262139613              1.00000000000000     -1
kind
     25     
    57600          153949     
       12.25000000000000  
 OBS            13
       2.98393601680169
       2.61379140479864
       1.00000000000000
 12 14 -1
obdef
loc3d
        4.93193348448080              0.68856418981073            106.00000000000000     -1
kind
     25     
    57600          153949     
       12.25000000000000  
 OBS            14
       1.64801885415226
       4.86020813859311
       1.00000000000000
 13 15 -1
obdef
loc3d
        4.89970838141578              0.68765245249877            785.09423828125000     -1
kind
     25     
    57600          153949     
       12.25000000000000  
 OBS            15
       0.90492349251339
       2.67776102935017
       1.00000000000000
 14 16 -1
obdef
loc3d
        4.95026814558372              0.68993059237416             93.11567687988281     -1
kind
     25     
    57600          153949     
       12.25000000000000  
 OBS            16
      10.59769487934178
       3.76650281224302
       1.00000000000000
 15 17 -1
obdef
loc3d
        4.94174512165160              0.68484635226999            116.56585693359381     -1
kind
     25     
    57600          153949     
       12.25000000000000  
 OBS            17
       3.98279614809814
       2.28487451590398
       1.00000000000000
 16 18 -1
obdef
loc3d
        4.95420735021482              0.68473663912788             15.00000000000000     -1
kind
     25     
    57600          153949     
       12.25000000000000  
 OBS            18
       2.21448180146256
       2.65209247349439
       1.00000000000000
 17 19 -1
obdef
loc3d
        4.93477042118681              0.68310638816012            118.89588928222661     -1
kind
     25     
    57600          153949     
       12.25000000000000  
 OBS            19
       7.92180824535952
       3.70900501434314
       1.00000000000000
 18 20 -1
obdef
loc3d
        4.93795631029682              0.68276407673392            144.94107055664060     -1
kind
     25     
    57600          153949     
       12.25000000000000  
 OBS            20
       8.61987803285856
       2.47117624657360
       1.00000000000000
 19 21 -1
obdef
loc3d
        4.94001671685736              0.68064929967652             43.67281723022461     -1
kind
     25     
    57600          153949     
       12.25000000000000  
 OBS            21
       0.88963379407958
       2.34328155626619
       1.00000000000000
 20 22 -1
obdef
loc3d
        4.94058460161740              0.67807181314514             70.17810058593750     -1
kind
     25     
    57600          153949     
       12.25000000000000  
 OBS            22
       2.67689781293781
       3.20558500468871
       1.00000000000000
 21 23 -1
obdef
loc3d
        4.95423295419494              0.68033176843505              3.71636104583740     -1
kind
     25     
    57600          153949     
       12.25000000000000  
 OBS            23
      -0.40371567986848
       2.22839089986273
       1.00000000000000
 22 24 -1
obdef
loc3d
        4.94926894458696              0.66642585587446             10.91526031494141     -1
kind
     25     
    57600          153949     
       12.25000000000000  
 OBS            24
       6.50639023217298
       4.51865858504348
       1.00000000000000
 23 25 -1
obdef
loc3d
        4.96223480186848              0.66700036066835              5.00000000000000     -1
kind
     25     
    57600          153949     
       12.25000000000000  
 OBS            25
       0.44973331034034
       3.98446008929355
       1.00000000000000
 24 26 -1
obdef
loc3d
        4.95546148971009              0.67729393735082              6.17724800109863     -1
kind
     25     
    57600          153949     
       12.25000000000000  
 OBS            26
       1.40887149864563
       2.76501284855825
       1.00000000000000
 25 27 -1
obdef
loc3d
        4.92652723985629              0.69051382381431            146.04148864746091     -1
kind
     25     
    57600          153949     
       12.25000000000000  
 OBS            27
       8.70912007234005
       4.17064583104204
       1.00000000000000
 26 28 -1
obdef
loc3d
        4.96366005344362              0.66920346185787              6.00000000000000     -1
kind
     25     
    57600          153949     
       12.25000000000000  
 OBS            28
       5.36865644833161
       2.68956505058246
       1.00000000000000
 27 29 -1
obdef
loc3d
        4.97052949833720              0.66907739847133              8.84140872955322     -1
kind
     25     
    57600          153949     
       12.25000000000000  
 OBS            29
       3.02222454951142
       2.83068613497380
       1.00000000000000
 28 30 -1
obdef
loc3d
        4.93505853489354              0.69035668900909            163.38452148437500     -1
kind
     25     
    57600          153949     
       12.25000000000000  
 OBS            30
       1.06156865967422
       2.17656450467480
       1.00000000000000
 29 31 -1
obdef
loc3d
        4.93979773523841              0.67259214116167             45.00000000000000     -1
kind
     25     
    57600          153949     
       12.25000000000000  
 OBS            31
       4.62744780247228
       2.75079564128979
       1.00000000000000
 30 32 -1
obdef
loc3d
        4.92901815402419              0.68818595396932            126.56063842773440     -1
kind
     25     
    57600          153949     
       12.25000000000000  
 OBS            32
       4.67814265505515
       3.41371070148740
       1.00000000000000
 31 33 -1
obdef
loc3d
        4.92864050752959              0.68988490592333            360.09008789062500     -1
kind
     25     
    57600          153949     
       12.25000000000000  
 OBS            33
       4.00936415295003
       3.74738153675969
       1.00000000000000
 32 34 -1
obdef
loc3d
        4.94071794293451              0.68880476183725            173.77728271484381     -1
kind
     25     
    57600          153949     
       12.25000000000000  
 OBS            34
       3.07298526263733
       2.13617847854512
       1.00000000000000
 33 35 -1
obdef
loc3d
        4.94475069255349              0.67936922784321             17.10044860839844     -1
kind
     25     
    57600          153949     
       12.25000000000000  
 OBS            35
       2.12874162085530
       3.49509862994116
       1.00000000000000
 34 36 -1
obdef
loc3d
        4.93040524362615              0.68956958577383            472.38653564453119     -1
kind
     25     
    57600          153949     
       12.25000000000000  
 OBS            36
       0.17929716809981
       3.41620082968877
       1.00000000000000
 35 37 -1
obdef
loc3d
        4.93438788521233              0.68743777381223            157.39462280273440     -1
kind
     25     
    57600          153949     
       12.25000000000000  
 OBS            37
       4.42420188483589
       3.39737681504180
       1.00000000000000
 36 38 -1
obdef
loc3d
        4.93003537520636              0.69083454089469            382.75677490234381     -1
kind
     25     
    57600          153949     
       12.25000000000000  
 OBS            38
       1.05153720826614
       3.35285801559458
       1.00000000000000
 37 39 -1
obdef
loc3d
        4.94262489165251              0.68702513034102            130.29710388183591     -1
kind
     25     
    57600          153949     
       12.25000000000000  
 OBS            39
       9.80252890153466
       3.20642302415783
       1.00000000000000
 38 40 -1
obdef
loc3d
        4.93100113789334              0.68653549583784             94.66114807128906     -1
kind
     25     
    57600          153949     
       12.25000000000000  
 OBS            40
       6.01324953434928
       3.37488037537887
       1.00000000000000
 39 41 -1
obdef
loc3d
        4.94000002935902              0.67612888350011             59.69976806640625     -1
kind
     25     
    57600          153949     
       12.25000000000000  
 OBS            41
       8.47692792754609
       4.17206841263985
       1.00000000000000
 40 42 -1
obdef
loc3d
        4.94231604692662              0.69077376274482            190.83442687988281     -1
kind
     25     
    57600          153949     
       12.25000000000000  
 OBS            42
       4.73476856967369
       3.43117372178035
       1.00000000000000
 41 43 -1
obdef
loc3d
        4.93554247635603              0.69268257167582            131.09960937500000     -1
kind
     25     
    57600          153949     
       12.25000000000000  
 OBS            43
       0.74265253075351
       3.31311731693911
       1.00000000000000
 42 44 -1
obdef
loc3d
        4.94069913477896              0.68279864123905            131.77731323242190     -1
kind
     25     
    57600          153949     
       12.25000000000000  
 OBS            44
       5.03503641389501
       2.46508470271694
       1.00000000000000
 43 45 -1
obdef
loc3d
        4.94367854378329              0.67420565331297             56.55799865722656     -1
kind
     25     
    57600          153949     
       12.25000000000000  
 OBS            45
       1.81930406304660
       2.91194100040670
       1.00000000000000
 44 46 -1
obdef
loc3d
        4.93814984943932              0.67457436016830             39.55386734008789     -1
kind
     25     
    57600          153949     
       12.25000000000000  
 OBS            46
      -1.92708457935225
       1.49514862060570
       1.00000000000000
 45 47 -1
obdef
loc3d
        4.94253566982520              0.68065092526894             48.56933593750000     -1
kind
     25     
    57600          153949     
       12.25000000000000  
 OBS            47
      -7.67731892015249
       2.04308505348131
       1.00000000000000
 46 48 -1
obdef
loc3d
        4.93593154408741              0.68080949477360             85.35743713378906     -1
kind
     25     
    57600          153949     
       12.25000000000000  
 OBS            48
      -1.43663678350069
       3.64737171641351
       1.00000000000000
 47 49 -1
obdef
loc3d
        4.94758068519446              0.69282395273635            179.51908874511719     -1
kind
     25     
    57600          153949     
       12.25000000000000  
 OBS            49
       0.30207819012186
       1.50162575938083
       1.00000000000000
 48 50 -1
obdef
loc3d
        4.93541634697774              0.67261831698898             21.54207611083984     -1
kind
     25     
    57600          153949     
       12.25000000000000  
 OBS            50
      -2.94565974358950
       3.08455855219954
       1.00000000000000
 49 51 -1
obdef
loc3d
        4.93342752395137              0.68533697059699            120.48287200927730     -1
kind
     25     
    57600          153949     
       12.25000000000000  
 OBS            51
       2.29686688981279
       3.06138696563193
       1.00000000000000
 50 52 -1
obdef
loc3d
        4.92811551620144              0.69141391763145            189.00242614746091     -1
kind
     25     
    57600          153949     
       12.25000000000000  
 OBS            52
       3.14917206747255
       2.48445474175434
       1.00000000000000
 51 53 -1
obdef
loc3d
        4.94328780634786              0.67761918906629             21.61136627197266     -1
kind
     25     
    57600          153949     
       12.25000000000000  
 OBS            53
       3.56157217811951
       3.92547552007141
       1.00000000000000
 52 54 -1
obdef
loc3d
        4.93617130041664              0.68578341426755            199.41349792480469     -1
kind
     25     
    57600          153949     
       12.25000000000000  
 OBS            54
      -5.65886647241363
       1.90535018465279
       1.00000000000000
 53 55 -1
obdef
loc3d
        4.94488890698391              0.68151038983677             42.34177017211914     -1
kind
     25     
    57600          153949     
       12.25000000000000  
 OBS            55
       5.89065645756625
       2.57117051524128
       1.00000000000000
 54 56 -1
obdef
loc3d
        4.94610769319308              0.67540343249948             44.88281250000000     -1
kind
     25     
    57600          153949     
       12.25000000000000  
 OBS            56
       4.38826222085722
       4.12060867170009
       1.00000000000000
 55 57 -1
obdef
loc3d
        4.93098289428918              0.69278368564599            411.59194946289062     -1
kind
     25     
    57600          153949     
       12.25000000000000  
 OBS            57
       6.83090380063665
       1.87322891625827
       1.00000000000000
 56 58 -1
obdef
loc3d
        4.93746284305807              0.67295620864423             44.45593643188477     -1
kind
     25     
    57600          153949     
       12.25000000000000  
 OBS            58
       6.89889742744101
       3.65824105267801
       1.00000000000000
 57 59 -1
obdef
loc3d
        4.93742549337872              0.68866580079864            241.84100341796881     -1
kind
     25     
    57600          153949     
       12.25000000000000  
 OBS            59
       5.08188951104556
       3.26067393856636
       1.00000000000000
 58 60 -1
obdef
loc3d
        4.94310367286119              0.67063823067780             37.30942153930664     -1
kind
     25     
    57600          153949     
       12.25000000000000  
 OBS            60
       5.01648996139818
       3.33569323786360
       1.00000000000000
 59 61 -1
obdef
loc3d
        4.94312354358950              0.69286317278749            201.84664916992190     -1
kind
     25     
    57600          153949     
       12.25000000000000  
 OBS            61
       7.59034564530560
       2.57894119774171
       1.00000000000000
 60 62 -1
obdef
loc3d
        4.93202293942753              0.69056809921756            124.38476562500000     -1
kind
     25     
    57600          153949     
       12.25000000000000  
 OBS            62
       4.47076431017021
       3.16566082802550
       1.00000000000000
 61 63 -1
obdef
loc3d
        4.93852899085493              0.69282303339671            210.85327148437500     -1
kind
     25     
    57600          153949     
       12.25000000000000  
 OBS            63
       1.92238230965685
       3.75604779892504
       1.00000000000000
 62 64 -1
obdef
loc3d
        4.93925110381924              0.68654477021234            169.40324401855469     -1
kind
     25     
    57600          153949     
       12.25000000000000  
 OBS            64
       4.63430761972609
       3.12183402186722
       1.00000000000000
 63 65 -1
obdef
loc3d
        4.94561300163474              0.69021407942450            101.67103576660161     -1
kind
     25     
    57600          153949     
       12.25000000000000  
 OBS            65
       5.11353052887818
       3.22415270756472
       1.00000000000000
 64 66 -1
obdef
loc3d
        4.94677761419795              0.66921213830349             30.00000000000000     -1
kind
     25     
    57600          153949     
       12.25000000000000  
 OBS            66
       3.03459161969855
       2.54588514561538
       1.00000000000000
 65 67 -1
obdef
loc3d
        4.91464000802058              0.69220313236118            256.98049926757812     -1
kind
     25     
    57600          153949     
       12.25000000000000  
 OBS            67
       0.42129414290300
       2.16740343977123
       1.00000000000000
 66 68 -1
obdef
loc3d
        4.91222840493483              0.69213090540308            311.66015625000000     -1
kind
     25     
    57600          153949     
       12.25000000000000  
 OBS            68
       2.74380206739753
       5.08713844691286
       1.00000000000000
 67 69 -1
obdef
loc3d
        4.90319820253832              0.69077085029214            558.21520996093750     -1
kind
     25     
    57600          153949     
       12.25000000000000  
 OBS            69
       4.22237566712942
       3.05439188779076
       1.00000000000000
 68 70 -1
obdef
loc3d
        4.90548367400941              0.68961427180382            340.45385742187500     -1
kind
     25     
    57600          153949     
       12.25000000000000  
 OBS            70
       6.27824334575773
       5.21548357245402
       1.00000000000000
 69 71 -1
obdef
loc3d
        4.90182808691748              0.69286665451088            711.58941650390625     -1
kind
     25     
    57600          153949     
       12.25000000000000  
 OBS            71
      -2.48836373004835
       2.58709392626296
       1.00000000000000
 70 72 -1
obdef
loc3d
        4.92199514385413              0.69211089395115            185.84292602539060     -1
kind
     25     
    57600          153949     
       12.25000000000000  
 OBS            72
       3.31053629128917
       2.24775934649729
       1.00000000000000
 71 73 -1
obdef
loc3d
        4.91709198426003              0.69266703903771            205.88345336914060     -1
kind
     25     
    57600          153949     
       12.25000000000000  
 OBS            73
      -2.55876840311827
       2.14317068792572
       1.00000000000000
 72 74 -1
obdef
loc3d
        4.91305125126208              0.69031483822850            320.48217773437500     -1
kind
     25     
    57600          153949     
       12.25000000000000  
 OBS            74
       0.86778691958515
       2.25821750787195
       1.00000000000000
 73 75 -1
obdef
loc3d
        4.90918301095293              0.69233086407935            229.95614624023440     -1
kind
     25     
    57600          153949     
       12.25000000000000  
 OBS            75
       7.89423047174581
       4.93346964432588
       1.00000000000000
 74 76 -1
obdef
loc3d
        4.90002894620424              0.69031812013417            840.25653076171875     -1
kind
     25     
    57600          153949     
       12.25000000000000  
 OBS            76
      -3.36827155179929
      -1.02883660318859
       1.00000000000000
 75 77 -1
obdef
loc3d
        4.90540352515539              0.69194112440599            606.33142089843750     -1
kind
     26     
    57600          153949     
       12.25000000000000  
 OBS            77
       0.95217868045952
       3.10130278231406
       1.00000000000000
 76 78 -1
obdef
loc3d
        4.94546412681761              0.68348353984884             17.75631332397461     -1
kind
     26     
    57600          153949     
       12.25000000000000  
 OBS            78
       4.99790685203470
       2.15506873001716
       1.00000000000000
 77 79 -1
obdef
loc3d
        4.94660974174000              0.67744857875853             29.35406684875488     -1
kind
     26     
    57600          153949     
       12.25000000000000  
 OBS            79
       4.55522490882292
       2.73803746931403
       1.00000000000000
 78 80 -1
obdef
loc3d
        4.94648126630843              0.68652865419204             54.82812500000000     -1
kind
     26     
    57600          153949     
       12.25000000000000  
 OBS            80
       2.00823443478961
       0.73219381958504
       1.00000000000000
 79 81 -1
obdef
loc3d
        4.94445426011379              0.68507566758975             62.61011505126953     -1
kind
     26     
    57600          153949     
       12.25000000000000  
 OBS            81
       3.30428932148405
       2.22640817696301
       1.00000000000000
 80 82 -1
obdef
loc3d
        4.94602055174578              0.68752162087271            134.15721130371091     -1
kind
     26     
    57600          153949     
       12.25000000000000  
 OBS            82
      -4.37868896421943
       2.84392567051920
       1.00000000000000
 81 83 -1
obdef
loc3d
        4.94603912728501              0.67254511985829             35.00297546386719     -1
kind
     26     
    57600          153949     
       12.25000000000000  
 OBS            83
      -0.47808936186598
       4.30075711382829
       1.00000000000000
 82 84 -1
obdef
loc3d
        4.95877904994953              0.67986585977255             17.04111671447754     -1
kind
     26     
    57600          153949     
       12.25000000000000  
 OBS            84
       3.96990304878883
       1.31714588896374
       1.00000000000000
 83 85 -1
obdef
loc3d
        4.93958042817759              0.69095160998657            226.13127136230469     -1
kind
     26     
    57600          153949     
       12.25000000000000  
 OBS            85
       3.44047713606411
       4.88786282644832
       1.00000000000000
 84 86 -1
obdef
loc3d
        4.95756313665553              0.69181797222864             89.84997558593750     -1
kind
     26     
    57600          153949     
       12.25000000000000  
 OBS            86
       3.42779843898379
       3.15230942034443
       1.00000000000000
 85 87 -1
obdef
loc3d
        4.94078657111844              0.67409210989409             60.81152343750000     -1
kind
     26     
    57600          153949     
       12.25000000000000  
 OBS            87
       3.71092941792346
       5.20530244103246
       1.00000000000000
 86 88 -1
obdef
loc3d
        4.95557846691255              0.67267262139613              1.00000000000000     -1
kind
     26     
    57600          153949     
       12.25000000000000  
 OBS            88
       2.65509877146686
       1.82251376317320
       1.00000000000000
 87 89 -1
obdef
loc3d
        4.93193348448080              0.68856418981073            106.00000000000000     -1
kind
     26     
    57600          153949     
       12.25000000000000  
 OBS            89
       0.94171328784442
       0.07227053252310
       1.00000000000000
 88 90 -1
obdef
loc3d
        4.89970838141578              0.68765245249877            785.09423828125000     -1
kind
     26     
    57600          153949     
       12.25000000000000  
 OBS            90
      -3.59541504673830
       0.47542063243914
       1.00000000000000
 89 91 -1
obdef
loc3d
        4.95026814558372              0.68993059237416             93.11567687988281     -1
kind
     26     
    57600          153949     
       12.25000000000000  
 OBS            91
      -1.95077116700162
       1.22896205301702
       1.00000000000000
 90 92 -1
obdef
loc3d
        4.94174512165160              0.68484635226999            116.56585693359381     -1
kind
     26     
    57600          153949     
       12.25000000000000  
 OBS            92
       0.61513560889144
       3.45538355301215
       1.00000000000000
 91 93 -1
obdef
loc3d
        4.95420735021482              0.68473663912788             15.00000000000000     -1
kind
     26     
    57600          153949     
       12.25000000000000  
 OBS            93
      -0.34100918552127
       1.49444462370488
       1.00000000000000
 92 94 -1
obdef
loc3d
        4.93477042118681              0.68310638816012            118.89588928222661     -1
kind
     26     
    57600          153949     
       12.25000000000000  
 OBS            94
       0.11418947188974
       0.94557133949298
       1.00000000000000
 93 95 -1
obdef
loc3d
        4.93795631029682              0.68276407673392            144.94107055664060     -1
kind
     26     
    57600          153949     
       12.25000000000000  
 OBS            95
      -1.04150351092165
       2.39853238366344
       1.00000000000000
 94 96 -1
obdef
loc3d
        4.94001671685736              0.68064929967652             43.67281723022461     -1
kind
     26     
    57600          153949     
       12.25000000000000  
 OBS            96
       0.86701790777002
       2.57700206118565
       1.00000000000000
 95 97 -1
obdef
loc3d
        4.94058460161740              0.67807181314514             70.17810058593750     -1
kind
     26     
    57600          153949     
       12.25000000000000  
 OBS            97
      -0.02742360976370
       3.51756088448682
       1.00000000000000
 96 98 -1
obdef
loc3d
        4.95423295419494              0.68033176843505              3.71636104583740     -1
kind
     26     
    57600          153949     
       12.25000000000000  
 OBS            98
      -0.04390884767605
       4.71210393642056
       1.00000000000000
 97 99 -1
obdef
loc3d
        4.94926894458696              0.66642585587446             10.91526031494141     -1
kind
     26     
    57600          153949     
       12.25000000000000  
 OBS            99
       8.14711800303558
       5.32811279289300
       1.00000000000000
 98 100 -1
obdef
loc3d
        4.96223480186848              0.66700036066835              5.00000000000000     -1
kind
     26     
    57600          153949     
       12.25000000000000  
 OBS            100
       8.38176923152555
       3.84959469523660
       1.00000000000000
 99 101 -1
obdef
loc3d
        4.95546148971009              0.67729393735082              6.17724800109863     -1
kind
     26     
    57600          153949     
       12.25000000000000  
 OBS            101
       5.08599418089165
       0.42609943232450
       1.00000000000000
 100 102 -1
obdef
loc3d
        4.92652723985629              0.69051382381431            146.04148864746091     -1
kind
     26     
    57600          153949     
       12.25000000000000  
 OBS            102
       2.27732681667331
       4.51181423020102
       1.00000000000000
 101 103 -1
obdef
loc3d
        4.96366005344362              0.66920346185787              6.00000000000000     -1
kind
     26     
    57600          153949     
       12.25000000000000  
 OBS            103
       4.30645826094662
       5.68577226999045
       1.00000000000000
 102 104 -1
obdef
loc3d
        4.97052949833720              0.66907739847133              8.84140872955322     -1
kind
     26     
    57600          153949     
       12.25000000000000  
 OBS            104
       5.71566907679798
       2.87681455743245
       1.00000000000000
 103 105 -1
obdef
loc3d
        4.93505853489354              0.69035668900909            163.38452148437500     -1
kind
     26     
    57600          153949     
       12.25000000000000  
 OBS            105
       9.08399654562825
       3.70055446791104
       1.00000000000000
 104 106 -1
obdef
loc3d
        4.93979773523841              0.67259214116167             45.00000000000000     -1
kind
     26     
    57600          153949     
       12.25000000000000  
 OBS            106
       5.73923912497907
       1.17226468671898
       1.00000000000000
 105 107 -1
obdef
loc3d
        4.92901815402419              0.68818595396932            126.56063842773440     -1
kind
     26     
    57600          153949     
       12.25000000000000  
 OBS            107
      -1.71313428614759
       0.13348898831863
       1.00000000000000
 106 108 -1
obdef
loc3d
        4.92864050752959              0.68988490592333            360.09008789062500     -1
kind
     26     
    57600          153949     
       12.25000000000000  
 OBS            108
       1.21659906341899
       1.70676219292287
       1.00000000000000
 107 109 -1
obdef
loc3d
        4.94071794293451              0.68880476183725            173.77728271484381     -1
kind
     26     
    57600          153949     
       12.25000000000000  
 OBS            109
      -3.62888702721665
       1.55789507576216
       1.00000000000000
 108 110 -1
obdef
loc3d
        4.94475069255349              0.67936922784321             17.10044860839844     -1
kind
     26     
    57600          153949     
       12.25000000000000  
 OBS            110
       2.90805523699402
       1.07877440701027
       1.00000000000000
 109 111 -1
obdef
loc3d
        4.93040524362615              0.68956958577383            472.38653564453119     -1
kind
     26     
    57600          153949     
       12.25000000000000  
 OBS            111
       0.22629830012707
       1.60720357085644
       1.00000000000000
 110 112 -1
obdef
loc3d
        4.93438788521233              0.68743777381223            157.39462280273440     -1
kind
     26     
    57600          153949     
       12.25000000000000  
 OBS            112
      -0.93537437143661
       0.47307690006700
       1.00000000000000
 111 113 -1
obdef
loc3d
        4.93003537520636              0.69083454089469            382.75677490234381     -1
kind
     26     
    57600          153949     
       12.25000000000000  
 OBS            113
      -0.53106446803846
       1.88696370844668
       1.00000000000000
 112 114 -1
obdef
loc3d
        4.94262489165251              0.68702513034102            130.29710388183591     -1
kind
     26     
    57600          153949     
       12.25000000000000  
 OBS            114
       4.51033721598269
       0.71202057091375
       1.00000000000000
 113 115 -1
obdef
loc3d
        4.93100113789334              0.68653549583784             94.66114807128906     -1
kind
     26     
    57600          153949     
       12.25000000000000  
 OBS            115
       1.25027606278095
       1.23044686040585
       1.00000000000000
 114 116 -1
obdef
loc3d
        4.94000002935902              0.67612888350011             59.69976806640625     -1
kind
     26     
    57600          153949     
       12.25000000000000  
 OBS            116
      -0.55873225198817
       0.32381992737472
       1.00000000000000
 115 117 -1
obdef
loc3d
        4.94231604692662              0.69077376274482            190.83442687988281     -1
kind
     26     
    57600          153949     
       12.25000000000000  
 OBS            117
      -2.64057293818760
      -0.00971263735613
       1.00000000000000
 116 118 -1
obdef
loc3d
        4.93554247635603              0.69268257167582            131.09960937500000     -1
kind
     26     
    57600          153949     
       12.25000000000000  
 OBS            118
      -1.69482696176068
       1.45985907528025
       1.00000000000000
 117 119 -1
obdef
loc3d
        4.94069913477896              0.68279864123905            131.77731323242190     -1
kind
     26     
    57600          153949     
       12.25000000000000  
 OBS            119
      -1.36906932737569
       2.33375147596755
       1.00000000000000
 118 120 -1
obdef
loc3d
        4.94367854378329              0.67420565331297             56.55799865722656     -1
kind
     26     
    57600          153949     
       12.25000000000000  
 OBS            120
      -3.29967726380010
       0.84119931111741
       1.00000000000000
 119 121 -1
obdef
loc3d
        4.93814984943932              0.67457436016830             39.55386734008789     -1
kind
     26     
    57600          153949     
       12.25000000000000  
 OBS            121
       7.06517340766461
       3.12030945940331
       1.00000000000000
 120 122 -1
obdef
loc3d
        4.94253566982520              0.68065092526894             48.56933593750000     -1
kind
     26     
    57600          153949     
       12.25000000000000  
 OBS            122
       1.63036045230163
       2.28089084007693
       1.00000000000000
 121 123 -1
obdef
loc3d
        4.93593154408741              0.68080949477360             85.35743713378906     -1
kind
     26     
    57600          153949     
       12.25000000000000  
 OBS            123
      -1.89281210666649
       2.10675029146943
       1.00000000000000
 122 124 -1
obdef
loc3d
        4.94758068519446              0.69282395273635            179.51908874511719     -1
kind
     26     
    57600          153949     
       12.25000000000000  
 OBS            124
       5.98394082906573
       3.12035572321619
       1.00000000000000
 123 125 -1
obdef
loc3d
        4.93541634697774              0.67261831698898             21.54207611083984     -1
kind
     26     
    57600          153949     
       12.25000000000000  
 OBS            125
      -0.20950806592557
       1.00783433656981
       1.00000000000000
 124 126 -1
obdef
loc3d
        4.93342752395137              0.68533697059699            120.48287200927730     -1
kind
     26     
    57600          153949     
       12.25000000000000  
 OBS            126
      -0.17706853353649
       0.66585689691919
       1.00000000000000
 125 127 -1
obdef
loc3d
        4.92811551620144              0.69141391763145            189.00242614746091     -1
kind
     26     
    57600          153949     
       12.25000000000000  
 OBS            127
       4.55585829137367
       1.97695410040083
       1.00000000000000
 126 128 -1
obdef
loc3d
        4.94328780634786              0.67761918906629             21.61136627197266     -1
kind
     26     
    57600          153949     
       12.25000000000000  
 OBS            128
       2.36949960226670
       0.87910560723716
       1.00000000000000
 127 129 -1
obdef
loc3d
        4.93617130041664              0.68578341426755            199.41349792480469     -1
kind
     26     
    57600          153949     
       12.25000000000000  
 OBS            129
      -0.31992388079305
       2.10373028907191
       1.00000000000000
 128 130 -1
obdef
loc3d
        4.94488890698391              0.68151038983677             42.34177017211914     -1
kind
     26     
    57600          153949     
       12.25000000000000  
 OBS            130
       4.11959953844437
       2.47317261004504
       1.00000000000000
 129 131 -1
obdef
loc3d
        4.94610769319308              0.67540343249948             44.88281250000000     -1
kind
     26     
    57600          153949     
       12.25000000000000  
 OBS            131
       0.50297329967880
      -0.54233349323824
       1.00000000000000
 130 132 -1
obdef
loc3d
        4.93098289428918              0.69278368564599            411.59194946289062     -1
kind
     26     
    57600          153949     
       12.25000000000000  
 OBS            132
       8.23330106069470
       2.56482240255503
       1.00000000000000
 131 133 -1
obdef
loc3d
        4.93746284305807              0.67295620864423             44.45593643188477     -1
kind
     26     
    57600          153949     
       12.25000000000000  
 OBS            133
       3.38233110932287
       1.55503334455874
       1.00000000000000
 132 134 -1
obdef
loc3d
        4.93742549337872              0.68866580079864            241.84100341796881     -1
kind
     26     
    57600          153949     
       12.25000000000000  
 OBS            134
       3.83719245329916
       3.72358860336439
       1.00000000000000
 133 135 -1
obdef
loc3d
        4.94310367286119              0.67063823067780             37.30942153930664     -1
kind
     26     
    57600          153949     
       12.25000000000000  
 OBS            135
      -1.13933767668446
       1.14446935887616
       1.00000000000000
 134 136 -1
obdef
loc3d
        4.94312354358950              0.69286317278749            201.84664916992190     -1
kind
     26     
    57600          153949     
       12.25000000000000  
 OBS            136
       3.01923201011344
       1.37566242347605
       1.00000000000000
 135 137 -1
obdef
loc3d
        4.93202293942753              0.69056809921756            124.38476562500000     -1
kind
     26     
    57600          153949     
       12.25000000000000  
 OBS            137
       6.55997285692294
       1.31887456628365
       1.00000000000000
 136 138 -1
obdef
loc3d
        4.93852899085493              0.69282303339671            210.85327148437500     -1
kind
     26     
    57600          153949     
       12.25000000000000  
 OBS            138
       2.85577063192641
       1.36647231275876
       1.00000000000000
 137 139 -1
obdef
loc3d
        4.93925110381924              0.68654477021234            169.40324401855469     -1
kind
     26     
    57600          153949     
       12.25000000000000  
 OBS            139
      -3.80487116923965
       1.67152502500336
       1.00000000000000
 138 140 -1
obdef
loc3d
        4.94561300163474              0.69021407942450            101.67103576660161     -1
kind
     26     
    57600          153949     
       12.25000000000000  
 OBS            140
       1.45492283441923
       4.09655002274984
       1.00000000000000
 139 141 -1
obdef
loc3d
        4.94677761419795              0.66921213830349             30.00000000000000     -1
kind
     26     
    57600          153949     
       12.25000000000000  
 OBS            141
       4.40225724197776
      -0.02145522815311
       1.00000000000000
 140 142 -1
obdef
loc3d
        4.91464000802058              0.69220313236118            256.98049926757812     -1
kind
     26     
    57600          153949     
       12.25000000000000  
 OBS            142
       2.93134085007966
       0.29311099215454
       1.00000000000000
 141 143 -1
obdef
loc3d
        4.91222840493483              0.69213090540308            311.66015625000000     -1
kind
     26     
    57600          153949     
       12.25000000000000  
 OBS            143
      -5.63920551720714
      -1.08328459114029
       1.00000000000000
 142 144 -1
obdef
loc3d
        4.90319820253832              0.69077085029214            558.21520996093750     -1
kind
     26     
    57600          153949     
       12.25000000000000  
 OBS            144
      -0.63509041475911
       0.74766485583177
       1.00000000000000
 143 145 -1
obdef
loc3d
        4.90548367400941              0.68961427180382            340.45385742187500     -1
kind
     26     
    57600          153949     
       12.25000000000000  
 OBS            145
      -7.14906587556539
      -0.65414257514324
       1.00000000000000
 144 146 -1
obdef
loc3d
        4.90182808691748              0.69286665451088            711.58941650390625     -1
kind
     26     
    57600          153949     
       12.25000000000000  
 OBS            146
       5.24245629381554
       0.11850475917733
       1.00000000000000
 145 147 -1
obdef
loc3d
        4.92199514385413              0.69211089395115            185.84292602539060     -1
kind
     26     
    57600          153949     
       12.25000000000000  
 OBS            147
      -1.75735777210968
       0.42464466696274
       1.00000000000000
 146 148 -1
obdef
loc3d
        4.91709198426003              0.69266703903771            205.88345336914060     -1
kind
     26     
    57600          153949     
       12.25000000000000  
 OBS            148
       0.68892332207775
       0.67368767737774
       1.00000000000000
 147 149 -1
obdef
loc3d
        4.91305125126208              0.69031483822850            320.48217773437500     -1
kind
     26     
    57600          153949     
       12.25000000000000  
 OBS            149
       2.40902572769821
      -0.98507049117510
       1.00000000000000
 148 150 -1
obdef
loc3d
        4.90918301095293              0.69233086407935            229.95614624023440     -1
kind
     26     
    57600          153949     
       12.25000000000000  
 OBS            150
       0.45350922081368
      -1.17821036156137
       1.00000000000000
 149 151 -1
obdef
loc3d
        4.90002894620424              0.69031812013417            840.25653076171875     -1
kind
     26     
    57600          153949     
       12.25000000000000  
 OBS            151
     303.46320785316630
     303.08586979530298
       1.00000000000000
 150 152 -1
obdef
loc3d
        4.90540352515539              0.69194112440599            606.33142089843750     -1
kind
     27     
    57600          153949     
        6.25000000000000  
 OBS            152
     308.52621866029966
     306.60120209442198
       1.00000000000000
 151 153 -1
obdef
loc3d
        4.94546412681761              0.68348353984884             17.75631332397461     -1
kind
     27     
    57600          153949     
        6.25000000000000  
 OBS            153
     306.33406947167987
     306.10312546080598
       1.00000000000000
 152 154 -1
obdef
loc3d
        4.94660974174000              0.67744857875853             29.35406684875488     -1
kind
     27     
    57600          153949     
        6.25000000000000  
 OBS            154
     307.22659021503659
     305.66344719855601
       1.00000000000000
 153 155 -1
obdef
loc3d
        4.94648126630843              0.68652865419204             54.82812500000000     -1
kind
     27     
    57600          153949     
        6.25000000000000  
 OBS            155
     307.26918354776240
     306.04101536917301
       1.00000000000000
 154 156 -1
obdef
loc3d
        4.94445426011379              0.68507566758975             62.61011505126953     -1
kind
     27     
    57600          153949     
        6.25000000000000  
 OBS            156
     305.86998741262028
     305.63203652575800
       1.00000000000000
 155 157 -1
obdef
loc3d
        4.94602055174578              0.68752162087271            134.15721130371091     -1
kind
     27     
    57600          153949     
        6.25000000000000  
 OBS            157
     305.85289300335717
     306.23373546257397
       1.00000000000000
 156 158 -1
obdef
loc3d
        4.94603912728501              0.67254511985829             35.00297546386719     -1
kind
     27     
    57600          153949     
        6.25000000000000  
 OBS            158
     304.94100270010955
     304.72898184741598
       1.00000000000000
 157 159 -1
obdef
loc3d
        4.95877904994953              0.67986585977255             17.04111671447754     -1
kind
     27     
    57600          153949     
        6.25000000000000  
 OBS            159
     304.91104720223058
     304.58552866685102
       1.00000000000000
 158 160 -1
obdef
loc3d
        4.93958042817759              0.69095160998657            226.13127136230469     -1
kind
     27     
    57600          153949     
        6.25000000000000  
 OBS            160
     302.97641574078722
     303.16682239758501
       1.00000000000000
 159 161 -1
obdef
loc3d
        4.95756313665553              0.69181797222864             89.84997558593750     -1
kind
     27     
    57600          153949     
        6.25000000000000  
 OBS            161
     307.00075198323208
     306.45587364717397
       1.00000000000000
 160 162 -1
obdef
loc3d
        4.94078657111844              0.67409210989409             60.81152343750000     -1
kind
     27     
    57600          153949     
        6.25000000000000  
 OBS            162
     302.88026953386060
     304.84892923073500
       1.00000000000000
 161 163 -1
obdef
loc3d
        4.95557846691255              0.67267262139613              1.00000000000000     -1
kind
     27     
    57600          153949     
        6.25000000000000  
 OBS            163
     306.05534153283168
     305.53516635304902
       1.00000000000000
 162 164 -1
obdef
loc3d
        4.93193348448080              0.68856418981073            106.00000000000000     -1
kind
     27     
    57600          153949     
        6.25000000000000  
 OBS            164
     299.09955959460859
     299.93303509030301
       1.00000000000000
 163 165 -1
obdef
loc3d
        4.89970838141578              0.68765245249877            785.09423828125000     -1
kind
     27     
    57600          153949     
        6.25000000000000  
 OBS            165
     304.88496554227419
     305.17954337634302
       1.00000000000000
 164 166 -1
obdef
loc3d
        4.95026814558372              0.68993059237416             93.11567687988281     -1
kind
     27     
    57600          153949     
        6.25000000000000  
 OBS            166
     307.26070262613507
     306.82663418653499
       1.00000000000000
 165 167 -1
obdef
loc3d
        4.94174512165160              0.68484635226999            116.56585693359381     -1
kind
     27     
    57600          153949     
        6.25000000000000  
 OBS            167
     305.73899139164331
     304.38338605807201
       1.00000000000000
 166 168 -1
obdef
loc3d
        4.95420735021482              0.68473663912788             15.00000000000000     -1
kind
     27     
    57600          153949     
        6.25000000000000  
 OBS            168
     305.67145568634658
     305.79440554970898
       1.00000000000000
 167 169 -1
obdef
loc3d
        4.93477042118681              0.68310638816012            118.89588928222661     -1
kind
     27     
    57600          153949     
        6.25000000000000  
 OBS            169
     304.69293250084394
     306.66617697750797
       1.00000000000000
 168 170 -1
obdef
loc3d
        4.93795631029682              0.68276407673392            144.94107055664060     -1
kind
     27     
    57600          153949     
        6.25000000000000  
 OBS            170
     306.53716216930724
     306.57487093974697
       1.00000000000000
 169 171 -1
obdef
loc3d
        4.94001671685736              0.68064929967652             43.67281723022461     -1
kind
     27     
    57600          153949     
        6.25000000000000  
 OBS            171
     307.14241390030850
     306.31333759662999
       1.00000000000000
 170 172 -1
obdef
loc3d
        4.94058460161740              0.67807181314514             70.17810058593750     -1
kind
     27     
    57600          153949     
        6.25000000000000  
 OBS            172
     304.26078402821139
     303.81973224571300
       1.00000000000000
 171 173 -1
obdef
loc3d
        4.95423295419494              0.68033176843505              3.71636104583740     -1
kind
     27     
    57600          153949     
        6.25000000000000  
 OBS            173
     305.00685789743267
     304.90169465403602
       1.00000000000000
 172 174 -1
obdef
loc3d
        4.94926894458696              0.66642585587446             10.91526031494141     -1
kind
     27     
    57600          153949     
        6.25000000000000  
 OBS            174
     303.82164608065938
     304.55394453378398
       1.00000000000000
 173 175 -1
obdef
loc3d
        4.96223480186848              0.66700036066835              5.00000000000000     -1
kind
     27     
    57600          153949     
        6.25000000000000  
 OBS            175
     305.29000275275547
     303.99207586022499
       1.00000000000000
 174 176 -1
obdef
loc3d
        4.95546148971009              0.67729393735082              6.17724800109863     -1
kind
     27     
    57600          153949     
        6.25000000000000  
 OBS            176
     305.88838969856079
     305.90747020941899
       1.00000000000000
 175 177 -1
obdef
loc3d
        4.92652723985629              0.69051382381431            146.04148864746091     -1
kind
     27     
    57600          153949     
        6.25000000000000  
 OBS            177
     304.32271638791576
     304.23323523931901
       1.00000000000000
 176 178 -1
obdef
loc3d
        4.96366005344362              0.66920346185787              6.00000000000000     -1
kind
     27     
    57600          153949     
        6.25000000000000  
 OBS            178
     305.26999925041264
     303.81422324284898
       1.00000000000000
 177 179 -1
obdef
loc3d
        4.97052949833720              0.66907739847133              8.84140872955322     -1
kind
     27     
    57600          153949     
        6.25000000000000  
 OBS            179
     306.30155262389280
     305.15647355540000
       1.00000000000000
 178 180 -1
obdef
loc3d
        4.93505853489354              0.69035668900909            163.38452148437500     -1
kind
     27     
    57600          153949     
        6.25000000000000  
 OBS            180
     307.54660186217950
     306.07296776785500
       1.00000000000000
 179 181 -1
obdef
loc3d
        4.93979773523841              0.67259214116167             45.00000000000000     -1
kind
     27     
    57600          153949     
        6.25000000000000  
 OBS            181
     306.42029754884783
     304.83949819429802
       1.00000000000000
 180 182 -1
obdef
loc3d
        4.92901815402419              0.68818595396932            126.56063842773440     -1
kind
     27     
    57600          153949     
        6.25000000000000  
 OBS            182
     304.07228572141094
     304.18149046356501
       1.00000000000000
 181 183 -1
obdef
loc3d
        4.92864050752959              0.68988490592333            360.09008789062500     -1
kind
     27     
    57600          153949     
        6.25000000000000  
 OBS            183
     305.58188500328362
     305.60108905982099
       1.00000000000000
 182 184 -1
obdef
loc3d
        4.94071794293451              0.68880476183725            173.77728271484381     -1
kind
     27     
    57600          153949     
        6.25000000000000  
 OBS            184
     305.77817962301543
     306.05696692372197
       1.00000000000000
 183 185 -1
obdef
loc3d
        4.94475069255349              0.67936922784321             17.10044860839844     -1
kind
     27     
    57600          153949     
        6.25000000000000  
 OBS            185
     302.30604934642088
     303.20160397724197
       1.00000000000000
 184 186 -1
obdef
loc3d
        4.93040524362615              0.68956958577383            472.38653564453119     -1
kind
     27     
    57600          153949     
        6.25000000000000  
 OBS            186
     304.15050071393034
     305.25384469315100
       1.00000000000000
 185 187 -1
obdef
loc3d
        4.93438788521233              0.68743777381223            157.39462280273440     -1
kind
     27     
    57600          153949     
        6.25000000000000  
 OBS            187
     302.74640725372853
     303.68371739021700
       1.00000000000000
 186 188 -1
obdef
loc3d
        4.93003537520636              0.69083454089469            382.75677490234381     -1
kind
     27     
    57600          153949     
        6.25000000000000  
 OBS            188
     303.76808009439628
     305.04097152924697
       1.00000000000000
 187 189 -1
obdef
loc3d
        4.94262489165251              0.68702513034102            130.29710388183591     -1
kind
     27     
    57600          153949     
        6.25000000000000  
 OBS            189
     305.42158921865507
     305.43488946856797
       1.00000000000000
 188 190 -1
obdef
loc3d
        4.93100113789334              0.68653549583784             94.66114807128906     -1
kind
     27     
    57600          153949     
        6.25000000000000  
 OBS            190
     305.52280702456324
     306.30485545909602
       1.00000000000000
 189 191 -1
obdef
loc3d
        4.94000002935902              0.67612888350011             59.69976806640625     -1
kind
     27     
    57600          153949     
        6.25000000000000  
 OBS            191
     305.01373978781953
     305.28865734640800
       1.00000000000000
 190 192 -1
obdef
loc3d
        4.94231604692662              0.69077376274482            190.83442687988281     -1
kind
     27     
    57600          153949     
        6.25000000000000  
 OBS            192
     307.99438484398917
     306.80867318035098
       1.00000000000000
 191 193 -1
obdef
loc3d
        4.93554247635603              0.69268257167582            131.09960937500000     -1
kind
     27     
    57600          153949     
        6.25000000000000  
 OBS            193
     306.65355771163405
     306.95590114625497
       1.00000000000000
 192 194 -1
obdef
loc3d
        4.94069913477896              0.68279864123905            131.77731323242190     -1
kind
     27     
    57600          153949     
        6.25000000000000  
 OBS            194
     306.05105755748798
     306.42648349407500
       1.00000000000000
 193 195 -1
obdef
loc3d
        4.94367854378329              0.67420565331297             56.55799865722656     -1
kind
     27     
    57600          153949     
        6.25000000000000  
 OBS            195
     305.60656439919723
     306.04844179567101
       1.00000000000000
 194 196 -1
obdef
loc3d
        4.93814984943932              0.67457436016830             39.55386734008789     -1
kind
     27     
    57600          153949     
        6.25000000000000  
 OBS            196
     304.91835028963897
     305.20690690311500
       1.00000000000000
 195 197 -1
obdef
loc3d
        4.94253566982520              0.68065092526894             48.56933593750000     -1
kind
     27     
    57600          153949     
        6.25000000000000  
 OBS            197
     307.02519307251424
     306.63232110324901
       1.00000000000000
 196 198 -1
obdef
loc3d
        4.93593154408741              0.68080949477360             85.35743713378906     -1
kind
     27     
    57600          153949     
        6.25000000000000  
 OBS            198
     307.45169955448239
     305.42914952562802
       1.00000000000000
 197 199 -1
obdef
loc3d
        4.94758068519446              0.69282395273635            179.51908874511719     -1
kind
     27     
    57600          153949     
        6.25000000000000  
 OBS            199
     305.10262972087929
     305.76130551886098
       1.00000000000000
 198 200 -1
obdef
loc3d
        4.93541634697774              0.67261831698898             21.54207611083984     -1
kind
     27     
    57600          153949     
        6.25000000000000  
 OBS            200
     305.61386394942650
     305.68470886496800
       1.00000000000000
 199 201 -1
obdef
loc3d
        4.93342752395137              0.68533697059699            120.48287200927730     -1
kind
     27     
    57600          153949     
        6.25000000000000  
 OBS            201
     306.74824452958359
     305.51902863255202
       1.00000000000000
 200 202 -1
obdef
loc3d
        4.92811551620144              0.69141391763145            189.00242614746091     -1
kind
     27     
    57600          153949     
        6.25000000000000  
 OBS            202
     308.00627562813617
     307.33843493350901
       1.00000000000000
 201 203 -1
obdef
loc3d
        4.94328780634786              0.67761918906629             21.61136627197266     -1
kind
     27     
    57600          153949     
        6.25000000000000  
 OBS            203
     305.47761395047263
     305.15373090126099
       1.00000000000000
 202 204 -1
obdef
loc3d
        4.93617130041664              0.68578341426755            199.41349792480469     -1
kind
     27     
    57600          153949     
        6.25000000000000  
 OBS            204
     304.53712780236089
     306.12266903506099
       1.00000000000000
 203 205 -1
obdef
loc3d
        4.94488890698391              0.68151038983677             42.34177017211914     -1
kind
     27     
    57600          153949     
        6.25000000000000  
 OBS            205
     306.64001614695690
     306.29323631864702
       1.00000000000000
 204 206 -1
obdef
loc3d
        4.94610769319308              0.67540343249948             44.88281250000000     -1
kind
     27     
    57600          153949     
        6.25000000000000  
 OBS            206
     301.30575052304340
     302.82826394433403
       1.00000000000000
 205 207 -1
obdef
loc3d
        4.93098289428918              0.69278368564599            411.59194946289062     -1
kind
     27     
    57600          153949     
        6.25000000000000  
 OBS            207
     307.22272017601534
     306.11407252776598
       1.00000000000000
 206 208 -1
obdef
loc3d
        4.93746284305807              0.67295620864423             44.45593643188477     -1
kind
     27     
    57600          153949     
        6.25000000000000  
 OBS            208
     303.26306457718408
     304.77958683110700
       1.00000000000000
 207 209 -1
obdef
loc3d
        4.93742549337872              0.68866580079864            241.84100341796881     -1
kind
     27     
    57600          153949     
        6.25000000000000  
 OBS            209
     307.37226108558826
     306.31354317389901
       1.00000000000000
 208 210 -1
obdef
loc3d
        4.94310367286119              0.67063823067780             37.30942153930664     -1
kind
     27     
    57600          153949     
        6.25000000000000  
 OBS            210
     304.35917841956064
     305.07038318758202
       1.00000000000000
 209 211 -1
obdef
loc3d
        4.94312354358950              0.69286317278749            201.84664916992190     -1
kind
     27     
    57600          153949     
        6.25000000000000  
 OBS            211
     307.37468426595575
     306.49090577466899
       1.00000000000000
 210 212 -1
obdef
loc3d
        4.93202293942753              0.69056809921756            124.38476562500000     -1
kind
     27     
    57600          153949     
        6.25000000000000  
 OBS            212
     304.83542121406259
     305.73826943078097
       1.00000000000000
 211 213 -1
obdef
loc3d
        4.93852899085493              0.69282303339671            210.85327148437500     -1
kind
     27     
    57600          153949     
        6.25000000000000  
 OBS            213
     306.09632602009538
     305.64164307164998
       1.00000000000000
 212 214 -1
obdef
loc3d
        4.93925110381924              0.68654477021234            169.40324401855469     -1
kind
     27     
    57600          153949     
        6.25000000000000  
 OBS            214
     306.05033664506669
     306.52172953181798
       1.00000000000000
 213 215 -1
obdef
loc3d
        4.94561300163474              0.69021407942450            101.67103576660161     -1
kind
     27     
    57600          153949     
        6.25000000000000  
 OBS            215
     306.69645302638781
     305.93090604437998
       1.00000000000000
 214 216 -1
obdef
loc3d
        4.94677761419795              0.66921213830349             30.00000000000000     -1
kind
     27     
    57600          153949     
        6.25000000000000  
 OBS            216
     304.96191419475502
     305.40628900202802
       1.00000000000000
 215 217 -1
obdef
loc3d
        4.91464000802058              0.69220313236118            256.98049926757812     -1
kind
     27     
    57600          153949     
        6.25000000000000  
 OBS            217
     306.30613418822281
     305.65062913534399
       1.00000000000000
 216 218 -1
obdef
loc3d
        4.91222840493483              0.69213090540308            311.66015625000000     -1
kind
     27     
    57600          153949     
        6.25000000000000  
 OBS            218
     302.24485695076402
     301.08852470129000
       1.00000000000000
 217 219 -1
obdef
loc3d
        4.90319820253832              0.69077085029214            558.21520996093750     -1
kind
     27     
    57600          153949     
        6.25000000000000  
 OBS            219
     303.61248310982495
     304.12806144921700
       1.00000000000000
 218 220 -1
obdef
loc3d
        4.90548367400941              0.68961427180382            340.45385742187500     -1
kind
     27     
    57600          153949     
        6.25000000000000  
 OBS            220
     301.64009522382406
     301.24105532047201
       1.00000000000000
 219 221 -1
obdef
loc3d
        4.90182808691748              0.69286665451088            711.58941650390625     -1
kind
     27     
    57600          153949     
        6.25000000000000  
 OBS            221
     305.92625150653203
     305.64958358033300
       1.00000000000000
 220 222 -1
obdef
loc3d
        4.92199514385413              0.69211089395115            185.84292602539060     -1
kind
     27     
    57600          153949     
        6.25000000000000  
 OBS            222
     305.38808841485036
     305.91650585451299
       1.00000000000000
 221 223 -1
obdef
loc3d
        4.91709198426003              0.69266703903771            205.88345336914060     -1
kind
     27     
    57600          153949     
        6.25000000000000  
 OBS            223
     303.85472751561537
     305.03924919383002
       1.00000000000000
 222 224 -1
obdef
loc3d
        4.91305125126208              0.69031483822850            320.48217773437500     -1
kind
     27     
    57600          153949     
        6.25000000000000  
 OBS            224
     308.50134434691262
     306.79064000659503
       1.00000000000000
 223 225 -1
obdef
loc3d
        4.90918301095293              0.69233086407935            229.95614624023440     -1
kind
     27     
    57600          153949     
        6.25000000000000  
 OBS            225
     299.67507590593283
     299.86171868520597
       1.00000000000000
 224 -1 -1
obdef
loc3d
        4.90002894620424              0.69031812013417            840.25653076171875     -1
kind
     27     
    57600          153949     
        6.25000000000000  
