 obs_sequence
obs_kind_definitions
       3
    25          LAND_SFC_U_WIND_COMPONENT   
    26          LAND_SFC_V_WIND_COMPONENT   
    27          LAND_SFC_TEMPERATURE   
  num_copies:            2  num_qc:            1
 num_obs:       225  max_num_obs:       225
observations
truth
QC radar
  first:            1  last:       225
 OBS            1
       1.34971054427153
       4.51569320493920
       1.00000000000000
 -1 2 -1
obdef
loc3d
        4.90540352515539              0.69194112440599            606.33142089843750     -1
kind
     25     
    75600          153949     
       12.25000000000000  
 OBS            2
      -5.20662447048453
      -0.32275942740625
       1.00000000000000
 1 3 -1
obdef
loc3d
        4.94546412681761              0.68348353984884             17.75631332397461     -1
kind
     25     
    75600          153949     
       12.25000000000000  
 OBS            3
       0.39645321958324
      -0.46173629365299
       1.00000000000000
 2 4 -1
obdef
loc3d
        4.94660974174000              0.67744857875853             29.35406684875488     -1
kind
     25     
    75600          153949     
       12.25000000000000  
 OBS            4
      -0.87462569625307
       2.89467141709306
       1.00000000000000
 3 5 -1
obdef
loc3d
        4.94648126630843              0.68652865419204             54.82812500000000     -1
kind
     25     
    75600          153949     
       12.25000000000000  
 OBS            5
       3.39544590635966
       1.32006006530860
       1.00000000000000
 4 6 -1
obdef
loc3d
        4.94445426011379              0.68507566758975             62.61011505126953     -1
kind
     25     
    75600          153949     
       12.25000000000000  
 OBS            6
       3.81676435712659
       1.99943645577597
       1.00000000000000
 5 7 -1
obdef
loc3d
        4.94602055174578              0.68752162087271            134.15721130371091     -1
kind
     25     
    75600          153949     
       12.25000000000000  
 OBS            7
       6.82137467273405
       3.82360398774042
       1.00000000000000
 6 8 -1
obdef
loc3d
        4.94603912728501              0.67254511985829             35.00297546386719     -1
kind
     25     
    75600          153949     
       12.25000000000000  
 OBS            8
       6.17664800536090
       2.13937680609363
       1.00000000000000
 7 9 -1
obdef
loc3d
        4.95877904994953              0.67986585977255             17.04111671447754     -1
kind
     25     
    75600          153949     
       12.25000000000000  
 OBS            9
      -1.48544123512959
       3.05336198240811
       1.00000000000000
 8 10 -1
obdef
loc3d
        4.93958042817759              0.69095160998657            226.13127136230469     -1
kind
     25     
    75600          153949     
       12.25000000000000  
 OBS            10
       4.76899714833592
       3.66318177035704
       1.00000000000000
 9 11 -1
obdef
loc3d
        4.95756313665553              0.69181797222864             89.84997558593750     -1
kind
     25     
    75600          153949     
       12.25000000000000  
 OBS            11
       9.23820760758792
       4.13614623441870
       1.00000000000000
 10 12 -1
obdef
loc3d
        4.94078657111844              0.67409210989409             60.81152343750000     -1
kind
     25     
    75600          153949     
       12.25000000000000  
 OBS            12
      -1.86306769494175
       1.14790431218574
       1.00000000000000
 11 13 -1
obdef
loc3d
        4.95557846691255              0.67267262139613              1.00000000000000     -1
kind
     25     
    75600          153949     
       12.25000000000000  
 OBS            13
       0.56825835937770
       1.48828372552331
       1.00000000000000
 12 14 -1
obdef
loc3d
        4.93193348448080              0.68856418981073            106.00000000000000     -1
kind
     25     
    75600          153949     
       12.25000000000000  
 OBS            14
       4.71871497815711
       2.95497648246795
       1.00000000000000
 13 15 -1
obdef
loc3d
        4.89970838141578              0.68765245249877            785.09423828125000     -1
kind
     25     
    75600          153949     
       12.25000000000000  
 OBS            15
       0.87072786082078
      -0.37454167915412
       1.00000000000000
 14 16 -1
obdef
loc3d
        4.95026814558372              0.68993059237416             93.11567687988281     -1
kind
     25     
    75600          153949     
       12.25000000000000  
 OBS            16
      -4.62954021507125
      -0.57459157848430
       1.00000000000000
 15 17 -1
obdef
loc3d
        4.94174512165160              0.68484635226999            116.56585693359381     -1
kind
     25     
    75600          153949     
       12.25000000000000  
 OBS            17
       0.20977501843071
       0.85440510884408
       1.00000000000000
 16 18 -1
obdef
loc3d
        4.95420735021482              0.68473663912788             15.00000000000000     -1
kind
     25     
    75600          153949     
       12.25000000000000  
 OBS            18
       0.01758580632824
      -1.50897973802815
       1.00000000000000
 17 19 -1
obdef
loc3d
        4.93477042118681              0.68310638816012            118.89588928222661     -1
kind
     25     
    75600          153949     
       12.25000000000000  
 OBS            19
       0.31122442631512
      -0.12820039678092
       1.00000000000000
 18 20 -1
obdef
loc3d
        4.93795631029682              0.68276407673392            144.94107055664060     -1
kind
     25     
    75600          153949     
       12.25000000000000  
 OBS            20
      -1.18568172586259
       1.51393137677063
       1.00000000000000
 19 21 -1
obdef
loc3d
        4.94001671685736              0.68064929967652             43.67281723022461     -1
kind
     25     
    75600          153949     
       12.25000000000000  
 OBS            21
       2.35133687121057
       1.54914909690146
       1.00000000000000
 20 22 -1
obdef
loc3d
        4.94058460161740              0.67807181314514             70.17810058593750     -1
kind
     25     
    75600          153949     
       12.25000000000000  
 OBS            22
       1.28188955582793
       1.10620961176320
       1.00000000000000
 21 23 -1
obdef
loc3d
        4.95423295419494              0.68033176843505              3.71636104583740     -1
kind
     25     
    75600          153949     
       12.25000000000000  
 OBS            23
      -1.73481762473402
       0.80718971522003
       1.00000000000000
 22 24 -1
obdef
loc3d
        4.94926894458696              0.66642585587446             10.91526031494141     -1
kind
     25     
    75600          153949     
       12.25000000000000  
 OBS            24
      -0.53851509764707
       2.44336735578651
       1.00000000000000
 23 25 -1
obdef
loc3d
        4.96223480186848              0.66700036066835              5.00000000000000     -1
kind
     25     
    75600          153949     
       12.25000000000000  
 OBS            25
      -1.22953946559739
       0.76016391986962
       1.00000000000000
 24 26 -1
obdef
loc3d
        4.95546148971009              0.67729393735082              6.17724800109863     -1
kind
     25     
    75600          153949     
       12.25000000000000  
 OBS            26
       6.82078390135862
       4.22727825704064
       1.00000000000000
 25 27 -1
obdef
loc3d
        4.92652723985629              0.69051382381431            146.04148864746091     -1
kind
     25     
    75600          153949     
       12.25000000000000  
 OBS            27
       3.44164711942874
       3.59253800784272
       1.00000000000000
 26 28 -1
obdef
loc3d
        4.96366005344362              0.66920346185787              6.00000000000000     -1
kind
     25     
    75600          153949     
       12.25000000000000  
 OBS            28
       1.35420257886357
       0.71395699437604
       1.00000000000000
 27 29 -1
obdef
loc3d
        4.97052949833720              0.66907739847133              8.84140872955322     -1
kind
     25     
    75600          153949     
       12.25000000000000  
 OBS            29
      -0.14794558054071
      -0.53764826582506
       1.00000000000000
 28 30 -1
obdef
loc3d
        4.93727739535368              0.69277976810143            187.24655151367190     -1
kind
     25     
    75600          153949     
       12.25000000000000  
 OBS            30
       7.58978624266336
      -0.04545389510165
       1.00000000000000
 29 31 -1
obdef
loc3d
        4.94575592838423              0.68143846111579             35.01654815673828     -1
kind
     25     
    75600          153949     
       12.25000000000000  
 OBS            31
      -0.42454370678826
       0.17393197964493
       1.00000000000000
 30 32 -1
obdef
loc3d
        4.93184075890513              0.68784163962489             92.58054351806641     -1
kind
     25     
    75600          153949     
       12.25000000000000  
 OBS            32
       0.30455768862134
       1.48924738911306
       1.00000000000000
 31 33 -1
obdef
loc3d
        4.94081711590956              0.68854862967758            162.55853271484381     -1
kind
     25     
    75600          153949     
       12.25000000000000  
 OBS            33
      -0.24554608550988
       0.80381966985823
       1.00000000000000
 32 34 -1
obdef
loc3d
        4.94249854456299              0.67650785339572             60.39866638183594     -1
kind
     25     
    75600          153949     
       12.25000000000000  
 OBS            34
     -11.17497312807949
      -2.37504522430872
       1.00000000000000
 33 35 -1
obdef
loc3d
        4.93162931041089              0.68282844530430             93.04485321044922     -1
kind
     25     
    75600          153949     
       12.25000000000000  
 OBS            35
       4.26607700753028
       3.26347177992400
       1.00000000000000
 34 36 -1
obdef
loc3d
        4.93293180012842              0.69147876068069            106.50605773925780     -1
kind
     25     
    75600          153949     
       12.25000000000000  
 OBS            36
       0.33898193048520
       2.15078872991789
       1.00000000000000
 35 37 -1
obdef
loc3d
        4.94231542915734              0.67925336633936             45.80761718750000     -1
kind
     25     
    75600          153949     
       12.25000000000000  
 OBS            37
       0.68108068085369
       2.26418059739032
       1.00000000000000
 36 38 -1
obdef
loc3d
        4.94267046375275              0.67009027494016             28.73577499389648     -1
kind
     25     
    75600          153949     
       12.25000000000000  
 OBS            38
      -6.31176619946473
       0.45955020314737
       1.00000000000000
 37 39 -1
obdef
loc3d
        4.95301390972552              0.69283749825579             93.74549102783203     -1
kind
     25     
    75600          153949     
       12.25000000000000  
 OBS            39
      -0.02026425577344
       2.25695729677179
       1.00000000000000
 38 40 -1
obdef
loc3d
        4.93993476658470              0.67588412939320             29.35707092285156     -1
kind
     25     
    75600          153949     
       12.25000000000000  
 OBS            40
       4.26847333627722
       2.97353239132955
       1.00000000000000
 39 41 -1
obdef
loc3d
        4.93755681423869              0.67212761520231             23.80049896240234     -1
kind
     25     
    75600          153949     
       12.25000000000000  
 OBS            41
       3.71300916314056
       0.19913731165392
       1.00000000000000
 40 42 -1
obdef
loc3d
        4.93524778363115              0.68687961042640            201.53530883789060     -1
kind
     25     
    75600          153949     
       12.25000000000000  
 OBS            42
      -1.11168541963408
      -0.19863834595356
       1.00000000000000
 41 43 -1
obdef
loc3d
        4.94487715611266              0.69284945127485            184.54177856445310     -1
kind
     25     
    75600          153949     
       12.25000000000000  
 OBS            43
      -2.17730483456052
      -1.59053647220402
       1.00000000000000
 42 44 -1
obdef
loc3d
        4.93574679201688              0.68074234291388             92.12267303466797     -1
kind
     25     
    75600          153949     
       12.25000000000000  
 OBS            44
      -4.38650325882878
       0.71434912075836
       1.00000000000000
 43 45 -1
obdef
loc3d
        4.93948311897746              0.68677523412020            143.54531860351560     -1
kind
     25     
    75600          153949     
       12.25000000000000  
 OBS            45
       2.03002343315795
       1.99013713789109
       1.00000000000000
 44 46 -1
obdef
loc3d
        4.93535147134114              0.68874818734546            154.91955566406250     -1
kind
     25     
    75600          153949     
       12.25000000000000  
 OBS            46
       6.28782783330095
       5.52684965175725
       1.00000000000000
 45 47 -1
obdef
loc3d
        4.93998720508067              0.67099618858999             15.00000000000000     -1
kind
     25     
    75600          153949     
       12.25000000000000  
 OBS            47
       1.44726174903572
       1.46476573941308
       1.00000000000000
 46 48 -1
obdef
loc3d
        4.95377154670010              0.68841616298427              1.00000000000000     -1
kind
     25     
    75600          153949     
       12.25000000000000  
 OBS            48
       3.65603060031043
       5.59200902589721
       1.00000000000000
 47 49 -1
obdef
loc3d
        4.94369600674710              0.67424831199146             56.55799865722656     -1
kind
     25     
    75600          153949     
       12.25000000000000  
 OBS            49
      -4.24320687501481
      -2.88081163168984
       1.00000000000000
 48 50 -1
obdef
loc3d
        4.94554915949750              0.67592825057405             27.37830162048340     -1
kind
     25     
    75600          153949     
       12.25000000000000  
 OBS            50
       4.83705557996472
       2.10479720790673
       1.00000000000000
 49 51 -1
obdef
loc3d
        4.93817225910204              0.68863985936718            220.11502075195310     -1
kind
     25     
    75600          153949     
       12.25000000000000  
 OBS            51
       2.87139165341457
       2.75831671086987
       1.00000000000000
 50 52 -1
obdef
loc3d
        4.94679227765370              0.67424304503817             25.38815879821777     -1
kind
     25     
    75600          153949     
       12.25000000000000  
 OBS            52
       8.78184437825555
       2.72617288070571
       1.00000000000000
 51 53 -1
obdef
loc3d
        4.93825175772606              0.67415674930066             45.00000000000000     -1
kind
     25     
    75600          153949     
       12.25000000000000  
 OBS            53
       3.93911562025959
       2.59824771772420
       1.00000000000000
 52 54 -1
obdef
loc3d
        4.94311892630401              0.68721450203000            155.69055175781250     -1
kind
     25     
    75600          153949     
       12.25000000000000  
 OBS            54
      -5.61900771125659
      -2.51676508090961
       1.00000000000000
 53 55 -1
obdef
loc3d
        4.94449382724881              0.67792071808206             14.15527343750000     -1
kind
     25     
    75600          153949     
       12.25000000000000  
 OBS            55
      -1.81251978359066
       1.34871491900795
       1.00000000000000
 54 56 -1
obdef
loc3d
        4.94565692959859              0.66987151098961             30.00000000000000     -1
kind
     25     
    75600          153949     
       12.25000000000000  
 OBS            56
       2.93719676464605
      -0.32968718364660
       1.00000000000000
 55 57 -1
obdef
loc3d
        4.93623940611723              0.68485115788194            160.48159790039060     -1
kind
     25     
    75600          153949     
       12.25000000000000  
 OBS            57
       2.35274146420024
       2.34701573150947
       1.00000000000000
 56 58 -1
obdef
loc3d
        4.93207688179052              0.69191340558627            266.88421630859381     -1
kind
     25     
    75600          153949     
       12.25000000000000  
 OBS            58
       6.60059343543561
       3.64583225513128
       1.00000000000000
 57 59 -1
obdef
loc3d
        4.94337184525690              0.69048472086632            168.92642211914060     -1
kind
     25     
    75600          153949     
       12.25000000000000  
 OBS            59
       0.93416819454699
       1.11375793051766
       1.00000000000000
 58 60 -1
obdef
loc3d
        4.93083275656657              0.69156409584246            530.37139892578125     -1
kind
     25     
    75600          153949     
       12.25000000000000  
 OBS            60
       1.28066184972857
       1.28288788970763
       1.00000000000000
 59 61 -1
obdef
loc3d
        4.93576715774405              0.67026358084744             15.00000000000000     -1
kind
     25     
    75600          153949     
       12.25000000000000  
 OBS            61
      -7.84357745217934
      -0.13120540223829
       1.00000000000000
 60 62 -1
obdef
loc3d
        4.94676264345478              0.69035499858378            170.37097167968750     -1
kind
     25     
    75600          153949     
       12.25000000000000  
 OBS            62
       3.53986607936745
       0.95394592995806
       1.00000000000000
 61 63 -1
obdef
loc3d
        4.94046883892718              0.69230960363225            232.29916381835940     -1
kind
     25     
    75600          153949     
       12.25000000000000  
 OBS            63
      -0.53538249487962
       1.35047032968394
       1.00000000000000
 62 64 -1
obdef
loc3d
        4.94668005348904              0.66792517272334             30.00000000000000     -1
kind
     25     
    75600          153949     
       12.25000000000000  
 OBS            64
       2.81150845206099
       1.79308153124360
       1.00000000000000
 63 65 -1
obdef
loc3d
        4.93142664351951              0.69067116425814            352.18109130859381     -1
kind
     25     
    75600          153949     
       12.25000000000000  
 OBS            65
       0.01202371403395
       2.85770155139636
       1.00000000000000
 64 66 -1
obdef
loc3d
        4.93315860158957              0.69236546390432            148.09797668457031     -1
kind
     25     
    75600          153949     
       12.25000000000000  
 OBS            66
      -0.98950052811371
      -1.55503739389816
       1.00000000000000
 65 67 -1
obdef
loc3d
        4.94330474517536              0.68101851702487             28.94674682617188     -1
kind
     25     
    75600          153949     
       12.25000000000000  
 OBS            67
       3.79051998672116
       0.91250866085624
       1.00000000000000
 66 68 -1
obdef
loc3d
        4.93900329796962              0.68465687192145            135.10733032226560     -1
kind
     25     
    75600          153949     
       12.25000000000000  
 OBS            68
       3.47959287764556
       0.31111814836423
       1.00000000000000
 67 69 -1
obdef
loc3d
        4.94044166392076              0.68262352587105            131.77731323242190     -1
kind
     25     
    75600          153949     
       12.25000000000000  
 OBS            69
      -0.61690630814562
       3.30812823423978
       1.00000000000000
 68 70 -1
obdef
loc3d
        4.92619210793233              0.68978851614430            140.91706848144531     -1
kind
     25     
    75600          153949     
       12.25000000000000  
 OBS            70
       0.41942086717112
      -2.02007966708672
       1.00000000000000
 69 71 -1
obdef
loc3d
        4.94963312081941              0.66996996266355             29.99300956726074     -1
kind
     25     
    75600          153949     
       12.25000000000000  
 OBS            71
      -0.61912740400219
       1.44876513433682
       1.00000000000000
 70 72 -1
obdef
loc3d
        4.92700392971737              0.68887132383449            128.38885498046881     -1
kind
     25     
    75600          153949     
       12.25000000000000  
 OBS            72
       1.93600647875891
       3.60598293249001
       1.00000000000000
 71 73 -1
obdef
loc3d
        4.94246333188258              0.67229541033138             45.31371688842773     -1
kind
     25     
    75600          153949     
       12.25000000000000  
 OBS            73
      -0.28813259979927
       0.26579046339047
       1.00000000000000
 72 74 -1
obdef
loc3d
        4.94297820410103              0.68302629331082             53.72113800048828     -1
kind
     25     
    75600          153949     
       12.25000000000000  
 OBS            74
      -1.94578491308710
      -1.40529148557867
       1.00000000000000
 73 75 -1
obdef
loc3d
        4.94625467437127              0.67931016686449             42.11843872070312     -1
kind
     25     
    75600          153949     
       12.25000000000000  
 OBS            75
       0.61989061739142
       1.18859162303705
       1.00000000000000
 74 76 -1
obdef
loc3d
        4.93718236751881              0.69150375136553            153.15858459472659     -1
kind
     25     
    75600          153949     
       12.25000000000000  
 OBS            76
       0.21411908722076
       1.41496587966826
       1.00000000000000
 75 77 -1
obdef
loc3d
        4.90540352515539              0.69194112440599            606.33142089843750     -1
kind
     26     
    75600          153949     
       12.25000000000000  
 OBS            77
       8.28494135577318
       3.94427105706583
       1.00000000000000
 76 78 -1
obdef
loc3d
        4.94546412681761              0.68348353984884             17.75631332397461     -1
kind
     26     
    75600          153949     
       12.25000000000000  
 OBS            78
       3.86763323192800
       3.40220189156609
       1.00000000000000
 77 79 -1
obdef
loc3d
        4.94660974174000              0.67744857875853             29.35406684875488     -1
kind
     26     
    75600          153949     
       12.25000000000000  
 OBS            79
       5.71334266201791
       6.65830638190512
       1.00000000000000
 78 80 -1
obdef
loc3d
        4.94648126630843              0.68652865419204             54.82812500000000     -1
kind
     26     
    75600          153949     
       12.25000000000000  
 OBS            80
      -1.76885843403292
       2.98453394046914
       1.00000000000000
 79 81 -1
obdef
loc3d
        4.94445426011379              0.68507566758975             62.61011505126953     -1
kind
     26     
    75600          153949     
       12.25000000000000  
 OBS            81
       9.07149635708089
       8.32061163998660
       1.00000000000000
 80 82 -1
obdef
loc3d
        4.94602055174578              0.68752162087271            134.15721130371091     -1
kind
     26     
    75600          153949     
       12.25000000000000  
 OBS            82
       6.33085280153587
       3.87954420527214
       1.00000000000000
 81 83 -1
obdef
loc3d
        4.94603912728501              0.67254511985829             35.00297546386719     -1
kind
     26     
    75600          153949     
       12.25000000000000  
 OBS            83
       3.54873172987759
       5.09511359405114
       1.00000000000000
 82 84 -1
obdef
loc3d
        4.95877904994953              0.67986585977255             17.04111671447754     -1
kind
     26     
    75600          153949     
       12.25000000000000  
 OBS            84
       6.22656556662309
       1.07652685204422
       1.00000000000000
 83 85 -1
obdef
loc3d
        4.93958042817759              0.69095160998657            226.13127136230469     -1
kind
     26     
    75600          153949     
       12.25000000000000  
 OBS            85
       8.30282378633806
       7.25985383223886
       1.00000000000000
 84 86 -1
obdef
loc3d
        4.95756313665553              0.69181797222864             89.84997558593750     -1
kind
     26     
    75600          153949     
       12.25000000000000  
 OBS            86
       4.53395697493790
      -1.50072453363276
       1.00000000000000
 85 87 -1
obdef
loc3d
        4.94078657111844              0.67409210989409             60.81152343750000     -1
kind
     26     
    75600          153949     
       12.25000000000000  
 OBS            87
      -0.54580001585466
       5.63225782584936
       1.00000000000000
 86 88 -1
obdef
loc3d
        4.95557846691255              0.67267262139613              1.00000000000000     -1
kind
     26     
    75600          153949     
       12.25000000000000  
 OBS            88
      10.09796513135660
       4.94172280557039
       1.00000000000000
 87 89 -1
obdef
loc3d
        4.93193348448080              0.68856418981073            106.00000000000000     -1
kind
     26     
    75600          153949     
       12.25000000000000  
 OBS            89
      -3.39116499590292
      -0.94880352734273
       1.00000000000000
 88 90 -1
obdef
loc3d
        4.89970838141578              0.68765245249877            785.09423828125000     -1
kind
     26     
    75600          153949     
       12.25000000000000  
 OBS            90
       8.29794929554005
       7.53476395803418
       1.00000000000000
 89 91 -1
obdef
loc3d
        4.95026814558372              0.68993059237416             93.11567687988281     -1
kind
     26     
    75600          153949     
       12.25000000000000  
 OBS            91
       1.58621219336481
       3.60527816076556
       1.00000000000000
 90 92 -1
obdef
loc3d
        4.94174512165160              0.68484635226999            116.56585693359381     -1
kind
     26     
    75600          153949     
       12.25000000000000  
 OBS            92
       3.00595556655667
       6.21113405393406
       1.00000000000000
 91 93 -1
obdef
loc3d
        4.95420735021482              0.68473663912788             15.00000000000000     -1
kind
     26     
    75600          153949     
       12.25000000000000  
 OBS            93
       2.90515596993933
       5.20675062841726
       1.00000000000000
 92 94 -1
obdef
loc3d
        4.93477042118681              0.68310638816012            118.89588928222661     -1
kind
     26     
    75600          153949     
       12.25000000000000  
 OBS            94
       5.48514726863299
       4.37711848395112
       1.00000000000000
 93 95 -1
obdef
loc3d
        4.93795631029682              0.68276407673392            144.94107055664060     -1
kind
     26     
    75600          153949     
       12.25000000000000  
 OBS            95
       4.75292675238797
       4.30547792667123
       1.00000000000000
 94 96 -1
obdef
loc3d
        4.94001671685736              0.68064929967652             43.67281723022461     -1
kind
     26     
    75600          153949     
       12.25000000000000  
 OBS            96
       5.92539387442529
       2.89388993889999
       1.00000000000000
 95 97 -1
obdef
loc3d
        4.94058460161740              0.67807181314514             70.17810058593750     -1
kind
     26     
    75600          153949     
       12.25000000000000  
 OBS            97
       1.23761284651696
       4.44395208990664
       1.00000000000000
 96 98 -1
obdef
loc3d
        4.95423295419494              0.68033176843505              3.71636104583740     -1
kind
     26     
    75600          153949     
       12.25000000000000  
 OBS            98
       6.12425134055972
       5.96547908324559
       1.00000000000000
 97 99 -1
obdef
loc3d
        4.94926894458696              0.66642585587446             10.91526031494141     -1
kind
     26     
    75600          153949     
       12.25000000000000  
 OBS            99
      10.13948990395281
       5.76541949550841
       1.00000000000000
 98 100 -1
obdef
loc3d
        4.96223480186848              0.66700036066835              5.00000000000000     -1
kind
     26     
    75600          153949     
       12.25000000000000  
 OBS            100
       9.98975426221824
       3.99884509024638
       1.00000000000000
 99 101 -1
obdef
loc3d
        4.95546148971009              0.67729393735082              6.17724800109863     -1
kind
     26     
    75600          153949     
       12.25000000000000  
 OBS            101
      -0.94904357999114
       1.83097507227675
       1.00000000000000
 100 102 -1
obdef
loc3d
        4.92652723985629              0.69051382381431            146.04148864746091     -1
kind
     26     
    75600          153949     
       12.25000000000000  
 OBS            102
      -0.08746398475407
       3.98977974669977
       1.00000000000000
 101 103 -1
obdef
loc3d
        4.96366005344362              0.66920346185787              6.00000000000000     -1
kind
     26     
    75600          153949     
       12.25000000000000  
 OBS            103
       9.38385393783794
       7.72573849230257
       1.00000000000000
 102 104 -1
obdef
loc3d
        4.97052949833720              0.66907739847133              8.84140872955322     -1
kind
     26     
    75600          153949     
       12.25000000000000  
 OBS            104
      -4.30160496446908
      -0.73749418243758
       1.00000000000000
 103 105 -1
obdef
loc3d
        4.93727739535368              0.69277976810143            187.24655151367190     -1
kind
     26     
    75600          153949     
       12.25000000000000  
 OBS            105
       7.44621123967030
       1.87656046812146
       1.00000000000000
 104 106 -1
obdef
loc3d
        4.94575592838423              0.68143846111579             35.01654815673828     -1
kind
     26     
    75600          153949     
       12.25000000000000  
 OBS            106
       4.55870855656201
       4.34885199535895
       1.00000000000000
 105 107 -1
obdef
loc3d
        4.93184075890513              0.68784163962489             92.58054351806641     -1
kind
     26     
    75600          153949     
       12.25000000000000  
 OBS            107
       5.84498368387797
       6.31002814195297
       1.00000000000000
 106 108 -1
obdef
loc3d
        4.94081711590956              0.68854862967758            162.55853271484381     -1
kind
     26     
    75600          153949     
       12.25000000000000  
 OBS            108
       6.33065618555571
       1.42125238199124
       1.00000000000000
 107 109 -1
obdef
loc3d
        4.94249854456299              0.67650785339572             60.39866638183594     -1
kind
     26     
    75600          153949     
       12.25000000000000  
 OBS            109
       0.50942922839075
       4.04815256564651
       1.00000000000000
 108 110 -1
obdef
loc3d
        4.93162931041089              0.68282844530430             93.04485321044922     -1
kind
     26     
    75600          153949     
       12.25000000000000  
 OBS            110
      10.11900831381470
       4.11126336059990
       1.00000000000000
 109 111 -1
obdef
loc3d
        4.93293180012842              0.69147876068069            106.50605773925780     -1
kind
     26     
    75600          153949     
       12.25000000000000  
 OBS            111
       1.29305480115352
       2.87129914579403
       1.00000000000000
 110 112 -1
obdef
loc3d
        4.94231542915734              0.67925336633936             45.80761718750000     -1
kind
     26     
    75600          153949     
       12.25000000000000  
 OBS            112
       6.04720368910551
       4.07934471559824
       1.00000000000000
 111 113 -1
obdef
loc3d
        4.94267046375275              0.67009027494016             28.73577499389648     -1
kind
     26     
    75600          153949     
       12.25000000000000  
 OBS            113
       3.39051114192121
       4.78638114123858
       1.00000000000000
 112 114 -1
obdef
loc3d
        4.95301390972552              0.69283749825579             93.74549102783203     -1
kind
     26     
    75600          153949     
       12.25000000000000  
 OBS            114
       0.75677005379329
       4.41771161773550
       1.00000000000000
 113 115 -1
obdef
loc3d
        4.93993476658470              0.67588412939320             29.35707092285156     -1
kind
     26     
    75600          153949     
       12.25000000000000  
 OBS            115
      -5.57530726141554
      -2.75365251134667
       1.00000000000000
 114 116 -1
obdef
loc3d
        4.93755681423869              0.67212761520231             23.80049896240234     -1
kind
     26     
    75600          153949     
       12.25000000000000  
 OBS            116
       0.52342536220008
       5.80352972053011
       1.00000000000000
 115 117 -1
obdef
loc3d
        4.93524778363115              0.68687961042640            201.53530883789060     -1
kind
     26     
    75600          153949     
       12.25000000000000  
 OBS            117
      -2.86436676818775
      -4.71068230035254
       1.00000000000000
 116 118 -1
obdef
loc3d
        4.94487715611266              0.69284945127485            184.54177856445310     -1
kind
     26     
    75600          153949     
       12.25000000000000  
 OBS            118
       2.17685252283330
       4.28923232485288
       1.00000000000000
 117 119 -1
obdef
loc3d
        4.93574679201688              0.68074234291388             92.12267303466797     -1
kind
     26     
    75600          153949     
       12.25000000000000  
 OBS            119
       5.31723601615840
       6.68919553592269
       1.00000000000000
 118 120 -1
obdef
loc3d
        4.93948311897746              0.68677523412020            143.54531860351560     -1
kind
     26     
    75600          153949     
       12.25000000000000  
 OBS            120
       8.86038888242549
       5.83075259025604
       1.00000000000000
 119 121 -1
obdef
loc3d
        4.93535147134114              0.68874818734546            154.91955566406250     -1
kind
     26     
    75600          153949     
       12.25000000000000  
 OBS            121
       1.29652802141115
       1.96033986214203
       1.00000000000000
 120 122 -1
obdef
loc3d
        4.93998720508067              0.67099618858999             15.00000000000000     -1
kind
     26     
    75600          153949     
       12.25000000000000  
 OBS            122
       0.88803443201725
       6.25438762738004
       1.00000000000000
 121 123 -1
obdef
loc3d
        4.95377154670010              0.68841616298427              1.00000000000000     -1
kind
     26     
    75600          153949     
       12.25000000000000  
 OBS            123
      -4.25285245777229
      -0.97172148077351
       1.00000000000000
 122 124 -1
obdef
loc3d
        4.94369600674710              0.67424831199146             56.55799865722656     -1
kind
     26     
    75600          153949     
       12.25000000000000  
 OBS            124
      -3.41640681823333
      -1.65578048005179
       1.00000000000000
 123 125 -1
obdef
loc3d
        4.94554915949750              0.67592825057405             27.37830162048340     -1
kind
     26     
    75600          153949     
       12.25000000000000  
 OBS            125
       6.64488632160555
       6.42691372173476
       1.00000000000000
 124 126 -1
obdef
loc3d
        4.93817225910204              0.68863985936718            220.11502075195310     -1
kind
     26     
    75600          153949     
       12.25000000000000  
 OBS            126
       2.00886012869969
       0.29044219610884
       1.00000000000000
 125 127 -1
obdef
loc3d
        4.94679227765370              0.67424304503817             25.38815879821777     -1
kind
     26     
    75600          153949     
       12.25000000000000  
 OBS            127
       5.87553774621550
       1.20825862587147
       1.00000000000000
 126 128 -1
obdef
loc3d
        4.93825175772606              0.67415674930066             45.00000000000000     -1
kind
     26     
    75600          153949     
       12.25000000000000  
 OBS            128
       9.86455806127379
       6.93054122663834
       1.00000000000000
 127 129 -1
obdef
loc3d
        4.94311892630401              0.68721450203000            155.69055175781250     -1
kind
     26     
    75600          153949     
       12.25000000000000  
 OBS            129
      -2.71029163806469
       1.44137217525832
       1.00000000000000
 128 130 -1
obdef
loc3d
        4.94449382724881              0.67792071808206             14.15527343750000     -1
kind
     26     
    75600          153949     
       12.25000000000000  
 OBS            130
       2.43213159732836
       4.66913098605333
       1.00000000000000
 129 131 -1
obdef
loc3d
        4.94565692959859              0.66987151098961             30.00000000000000     -1
kind
     26     
    75600          153949     
       12.25000000000000  
 OBS            131
       9.00297273348845
       5.68816531801732
       1.00000000000000
 130 132 -1
obdef
loc3d
        4.93623940611723              0.68485115788194            160.48159790039060     -1
kind
     26     
    75600          153949     
       12.25000000000000  
 OBS            132
       5.55799012349639
       2.43461522787830
       1.00000000000000
 131 133 -1
obdef
loc3d
        4.93207688179052              0.69191340558627            266.88421630859381     -1
kind
     26     
    75600          153949     
       12.25000000000000  
 OBS            133
       3.18819049574543
       1.56211167524227
       1.00000000000000
 132 134 -1
obdef
loc3d
        4.94337184525690              0.69048472086632            168.92642211914060     -1
kind
     26     
    75600          153949     
       12.25000000000000  
 OBS            134
       2.97655657427526
       1.65369491745762
       1.00000000000000
 133 135 -1
obdef
loc3d
        4.93083275656657              0.69156409584246            530.37139892578125     -1
kind
     26     
    75600          153949     
       12.25000000000000  
 OBS            135
      -6.81420352341981
      -9.07444194547497
       1.00000000000000
 134 136 -1
obdef
loc3d
        4.93576715774405              0.67026358084744             15.00000000000000     -1
kind
     26     
    75600          153949     
       12.25000000000000  
 OBS            136
       7.74524294549804
       6.43256853152546
       1.00000000000000
 135 137 -1
obdef
loc3d
        4.94676264345478              0.69035499858378            170.37097167968750     -1
kind
     26     
    75600          153949     
       12.25000000000000  
 OBS            137
       2.87925661027116
      -2.89909550138456
       1.00000000000000
 136 138 -1
obdef
loc3d
        4.94046883892718              0.69230960363225            232.29916381835940     -1
kind
     26     
    75600          153949     
       12.25000000000000  
 OBS            138
       0.55500553297525
       3.49883244730440
       1.00000000000000
 137 139 -1
obdef
loc3d
        4.94668005348904              0.66792517272334             30.00000000000000     -1
kind
     26     
    75600          153949     
       12.25000000000000  
 OBS            139
       5.47782107925112
       3.10594504072689
       1.00000000000000
 138 140 -1
obdef
loc3d
        4.93142664351951              0.69067116425814            352.18109130859381     -1
kind
     26     
    75600          153949     
       12.25000000000000  
 OBS            140
      -1.47626066047694
       2.50781510860617
       1.00000000000000
 139 141 -1
obdef
loc3d
        4.93315860158957              0.69236546390432            148.09797668457031     -1
kind
     26     
    75600          153949     
       12.25000000000000  
 OBS            141
       0.56776954504701
      -1.62631811886725
       1.00000000000000
 140 142 -1
obdef
loc3d
        4.94330474517536              0.68101851702487             28.94674682617188     -1
kind
     26     
    75600          153949     
       12.25000000000000  
 OBS            142
      11.20405982909909
       5.02041579033105
       1.00000000000000
 141 143 -1
obdef
loc3d
        4.93900329796962              0.68465687192145            135.10733032226560     -1
kind
     26     
    75600          153949     
       12.25000000000000  
 OBS            143
       1.73559050209012
       4.25166337591418
       1.00000000000000
 142 144 -1
obdef
loc3d
        4.94044166392076              0.68262352587105            131.77731323242190     -1
kind
     26     
    75600          153949     
       12.25000000000000  
 OBS            144
       2.58250146124090
       6.89674776253900
       1.00000000000000
 143 145 -1
obdef
loc3d
        4.92619210793233              0.68978851614430            140.91706848144531     -1
kind
     26     
    75600          153949     
       12.25000000000000  
 OBS            145
       4.23597192169793
       4.28590269052935
       1.00000000000000
 144 146 -1
obdef
loc3d
        4.94963312081941              0.66996996266355             29.99300956726074     -1
kind
     26     
    75600          153949     
       12.25000000000000  
 OBS            146
       2.77012037631195
       4.28733172879794
       1.00000000000000
 145 147 -1
obdef
loc3d
        4.92700392971737              0.68887132383449            128.38885498046881     -1
kind
     26     
    75600          153949     
       12.25000000000000  
 OBS            147
       1.83845902963920
       2.95057773344746
       1.00000000000000
 146 148 -1
obdef
loc3d
        4.94246333188258              0.67229541033138             45.31371688842773     -1
kind
     26     
    75600          153949     
       12.25000000000000  
 OBS            148
      -0.17634122993747
       1.98663193299691
       1.00000000000000
 147 149 -1
obdef
loc3d
        4.94297820410103              0.68302629331082             53.72113800048828     -1
kind
     26     
    75600          153949     
       12.25000000000000  
 OBS            149
       1.27673235785161
       4.50440185528681
       1.00000000000000
 148 150 -1
obdef
loc3d
        4.94625467437127              0.67931016686449             42.11843872070312     -1
kind
     26     
    75600          153949     
       12.25000000000000  
 OBS            150
       8.76582136874181
       5.30239971730057
       1.00000000000000
 149 151 -1
obdef
loc3d
        4.93718236751881              0.69150375136553            153.15858459472659     -1
kind
     26     
    75600          153949     
       12.25000000000000  
 OBS            151
     300.58528501177108
     302.50580925119402
       1.00000000000000
 150 152 -1
obdef
loc3d
        4.90540352515539              0.69194112440599            606.33142089843750     -1
kind
     27     
    75600          153949     
        6.25000000000000  
 OBS            152
     300.85686076898861
     300.73451821365700
       1.00000000000000
 151 153 -1
obdef
loc3d
        4.94546412681761              0.68348353984884             17.75631332397461     -1
kind
     27     
    75600          153949     
        6.25000000000000  
 OBS            153
     300.56404945013708
     299.90471644923002
       1.00000000000000
 152 154 -1
obdef
loc3d
        4.94660974174000              0.67744857875853             29.35406684875488     -1
kind
     27     
    75600          153949     
        6.25000000000000  
 OBS            154
     304.03137097046431
     302.13434222069702
       1.00000000000000
 153 155 -1
obdef
loc3d
        4.94648126630843              0.68652865419204             54.82812500000000     -1
kind
     27     
    75600          153949     
        6.25000000000000  
 OBS            155
     298.17522944337549
     300.18974887490901
       1.00000000000000
 154 156 -1
obdef
loc3d
        4.94445426011379              0.68507566758975             62.61011505126953     -1
kind
     27     
    75600          153949     
        6.25000000000000  
 OBS            156
     303.25846154838024
     302.87323224899802
       1.00000000000000
 155 157 -1
obdef
loc3d
        4.94602055174578              0.68752162087271            134.15721130371091     -1
kind
     27     
    75600          153949     
        6.25000000000000  
 OBS            157
     306.29465946529899
     306.57165050418803
       1.00000000000000
 156 158 -1
obdef
loc3d
        4.94603912728501              0.67254511985829             35.00297546386719     -1
kind
     27     
    75600          153949     
        6.25000000000000  
 OBS            158
     305.32276654894520
     304.93107437436902
       1.00000000000000
 157 159 -1
obdef
loc3d
        4.95877904994953              0.67986585977255             17.04111671447754     -1
kind
     27     
    75600          153949     
        6.25000000000000  
 OBS            159
     304.64751873893431
     303.75211666637199
       1.00000000000000
 158 160 -1
obdef
loc3d
        4.93958042817759              0.69095160998657            226.13127136230469     -1
kind
     27     
    75600          153949     
        6.25000000000000  
 OBS            160
     304.35609082253529
     304.40502835138301
       1.00000000000000
 159 161 -1
obdef
loc3d
        4.95756313665553              0.69181797222864             89.84997558593750     -1
kind
     27     
    75600          153949     
        6.25000000000000  
 OBS            161
     300.10470394019353
     300.48012969097101
       1.00000000000000
 160 162 -1
obdef
loc3d
        4.94078657111844              0.67409210989409             60.81152343750000     -1
kind
     27     
    75600          153949     
        6.25000000000000  
 OBS            162
     306.66448010794528
     305.87076361043700
       1.00000000000000
 161 163 -1
obdef
loc3d
        4.95557846691255              0.67267262139613              1.00000000000000     -1
kind
     27     
    75600          153949     
        6.25000000000000  
 OBS            163
     307.34565859280150
     307.96083962887798
       1.00000000000000
 162 164 -1
obdef
loc3d
        4.93193348448080              0.68856418981073            106.00000000000000     -1
kind
     27     
    75600          153949     
        6.25000000000000  
 OBS            164
     299.90018169441032
     299.15622316679497
       1.00000000000000
 163 165 -1
obdef
loc3d
        4.89970838141578              0.68765245249877            785.09423828125000     -1
kind
     27     
    75600          153949     
        6.25000000000000  
 OBS            165
     305.26590594859942
     303.57146577360197
       1.00000000000000
 164 166 -1
obdef
loc3d
        4.95026814558372              0.68993059237416             93.11567687988281     -1
kind
     27     
    75600          153949     
        6.25000000000000  
 OBS            166
     302.12002592061208
     301.54004080226900
       1.00000000000000
 165 167 -1
obdef
loc3d
        4.94174512165160              0.68484635226999            116.56585693359381     -1
kind
     27     
    75600          153949     
        6.25000000000000  
 OBS            167
     304.43475822062311
     303.79154021265998
       1.00000000000000
 166 168 -1
obdef
loc3d
        4.95420735021482              0.68473663912788             15.00000000000000     -1
kind
     27     
    75600          153949     
        6.25000000000000  
 OBS            168
     305.28179857893610
     303.72273638919000
       1.00000000000000
 167 169 -1
obdef
loc3d
        4.93477042118681              0.68310638816012            118.89588928222661     -1
kind
     27     
    75600          153949     
        6.25000000000000  
 OBS            169
     303.46594433625171
     302.87728192190298
       1.00000000000000
 168 170 -1
obdef
loc3d
        4.93795631029682              0.68276407673392            144.94107055664060     -1
kind
     27     
    75600          153949     
        6.25000000000000  
 OBS            170
     303.74027990077536
     302.61412316320599
       1.00000000000000
 169 171 -1
obdef
loc3d
        4.94001671685736              0.68064929967652             43.67281723022461     -1
kind
     27     
    75600          153949     
        6.25000000000000  
 OBS            171
     303.04457547871908
     302.42564746701697
       1.00000000000000
 170 172 -1
obdef
loc3d
        4.94058460161740              0.67807181314514             70.17810058593750     -1
kind
     27     
    75600          153949     
        6.25000000000000  
 OBS            172
     305.95947616335343
     304.34347802347401
       1.00000000000000
 171 173 -1
obdef
loc3d
        4.95423295419494              0.68033176843505              3.71636104583740     -1
kind
     27     
    75600          153949     
        6.25000000000000  
 OBS            173
     305.54310507777313
     306.65485014384001
       1.00000000000000
 172 174 -1
obdef
loc3d
        4.94926894458696              0.66642585587446             10.91526031494141     -1
kind
     27     
    75600          153949     
        6.25000000000000  
 OBS            174
     306.83807091437751
     306.81822486381202
       1.00000000000000
 173 175 -1
obdef
loc3d
        4.96223480186848              0.66700036066835              5.00000000000000     -1
kind
     27     
    75600          153949     
        6.25000000000000  
 OBS            175
     302.95290654692576
     302.13222503559399
       1.00000000000000
 174 176 -1
obdef
loc3d
        4.95546148971009              0.67729393735082              6.17724800109863     -1
kind
     27     
    75600          153949     
        6.25000000000000  
 OBS            176
     308.83848008020806
     307.94825022122302
       1.00000000000000
 175 177 -1
obdef
loc3d
        4.92652723985629              0.69051382381431            146.04148864746091     -1
kind
     27     
    75600          153949     
        6.25000000000000  
 OBS            177
     306.66849964328338
     306.01491407167998
       1.00000000000000
 176 178 -1
obdef
loc3d
        4.96366005344362              0.66920346185787              6.00000000000000     -1
kind
     27     
    75600          153949     
        6.25000000000000  
 OBS            178
     303.47043748404582
     301.79962650994702
       1.00000000000000
 177 179 -1
obdef
loc3d
        4.97052949833720              0.66907739847133              8.84140872955322     -1
kind
     27     
    75600          153949     
        6.25000000000000  
 OBS            179
     308.17894163564165
     307.24551275389200
       1.00000000000000
 178 180 -1
obdef
loc3d
        4.93727739535368              0.69277976810143            187.24655151367190     -1
kind
     27     
    75600          153949     
        6.25000000000000  
 OBS            180
     303.65338487473571
     301.46945812758798
       1.00000000000000
 179 181 -1
obdef
loc3d
        4.94575592838423              0.68143846111579             35.01654815673828     -1
kind
     27     
    75600          153949     
        6.25000000000000  
 OBS            181
     307.12789758841240
     307.58359335847200
       1.00000000000000
 180 182 -1
obdef
loc3d
        4.93184075890513              0.68784163962489             92.58054351806641     -1
kind
     27     
    75600          153949     
        6.25000000000000  
 OBS            182
     302.20376689994885
     303.84834887272001
       1.00000000000000
 181 183 -1
obdef
loc3d
        4.94081711590956              0.68854862967758            162.55853271484381     -1
kind
     27     
    75600          153949     
        6.25000000000000  
 OBS            183
     301.72452759734159
     302.10091629436101
       1.00000000000000
 182 184 -1
obdef
loc3d
        4.94249854456299              0.67650785339572             60.39866638183594     -1
kind
     27     
    75600          153949     
        6.25000000000000  
 OBS            184
     305.82446786877978
     306.30623781289597
       1.00000000000000
 183 185 -1
obdef
loc3d
        4.93162931041089              0.68282844530430             93.04485321044922     -1
kind
     27     
    75600          153949     
        6.25000000000000  
 OBS            185
     307.29568226746210
     307.35497405448700
       1.00000000000000
 184 186 -1
obdef
loc3d
        4.93293180012842              0.69147876068069            106.50605773925780     -1
kind
     27     
    75600          153949     
        6.25000000000000  
 OBS            186
     303.65505764635014
     304.24790581447598
       1.00000000000000
 185 187 -1
obdef
loc3d
        4.94231542915734              0.67925336633936             45.80761718750000     -1
kind
     27     
    75600          153949     
        6.25000000000000  
 OBS            187
     306.45539260982048
     306.74710104486900
       1.00000000000000
 186 188 -1
obdef
loc3d
        4.94267046375275              0.67009027494016             28.73577499389648     -1
kind
     27     
    75600          153949     
        6.25000000000000  
 OBS            188
     303.83229070730812
     303.82925137785003
       1.00000000000000
 187 189 -1
obdef
loc3d
        4.95301390972552              0.69283749825579             93.74549102783203     -1
kind
     27     
    75600          153949     
        6.25000000000000  
 OBS            189
     298.65489253289445
     300.18974534993600
       1.00000000000000
 188 190 -1
obdef
loc3d
        4.93993476658470              0.67588412939320             29.35707092285156     -1
kind
     27     
    75600          153949     
        6.25000000000000  
 OBS            190
     296.19629541254187
     298.19663044182198
       1.00000000000000
 189 191 -1
obdef
loc3d
        4.93755681423869              0.67212761520231             23.80049896240234     -1
kind
     27     
    75600          153949     
        6.25000000000000  
 OBS            191
     304.44697691114499
     304.77231509748299
       1.00000000000000
 190 192 -1
obdef
loc3d
        4.93524778363115              0.68687961042640            201.53530883789060     -1
kind
     27     
    75600          153949     
        6.25000000000000  
 OBS            192
     305.97228221873041
     305.25866508906699
       1.00000000000000
 191 193 -1
obdef
loc3d
        4.94487715611266              0.69284945127485            184.54177856445310     -1
kind
     27     
    75600          153949     
        6.25000000000000  
 OBS            193
     301.60503117730093
     301.89845612334898
       1.00000000000000
 192 194 -1
obdef
loc3d
        4.93574679201688              0.68074234291388             92.12267303466797     -1
kind
     27     
    75600          153949     
        6.25000000000000  
 OBS            194
     304.18980681790367
     304.96496278101199
       1.00000000000000
 193 195 -1
obdef
loc3d
        4.93948311897746              0.68677523412020            143.54531860351560     -1
kind
     27     
    75600          153949     
        6.25000000000000  
 OBS            195
     306.79600454296457
     306.25669082289102
       1.00000000000000
 194 196 -1
obdef
loc3d
        4.93535147134114              0.68874818734546            154.91955566406250     -1
kind
     27     
    75600          153949     
        6.25000000000000  
 OBS            196
     304.87535417247381
     305.81044237721397
       1.00000000000000
 195 197 -1
obdef
loc3d
        4.93998720508067              0.67099618858999             15.00000000000000     -1
kind
     27     
    75600          153949     
        6.25000000000000  
 OBS            197
     305.25311488982169
     305.17470263306501
       1.00000000000000
 196 198 -1
obdef
loc3d
        4.95377154670010              0.68841616298427              1.00000000000000     -1
kind
     27     
    75600          153949     
        6.25000000000000  
 OBS            198
     303.77966061774828
     303.81800142943899
       1.00000000000000
 197 199 -1
obdef
loc3d
        4.94369600674710              0.67424831199146             56.55799865722656     -1
kind
     27     
    75600          153949     
        6.25000000000000  
 OBS            199
     301.07414945353099
     300.46008389412998
       1.00000000000000
 198 200 -1
obdef
loc3d
        4.94554915949750              0.67592825057405             27.37830162048340     -1
kind
     27     
    75600          153949     
        6.25000000000000  
 OBS            200
     304.32309916968285
     303.70563575648498
       1.00000000000000
 199 201 -1
obdef
loc3d
        4.93817225910204              0.68863985936718            220.11502075195310     -1
kind
     27     
    75600          153949     
        6.25000000000000  
 OBS            201
     307.79422343447555
     306.40902137847399
       1.00000000000000
 200 202 -1
obdef
loc3d
        4.94679227765370              0.67424304503817             25.38815879821777     -1
kind
     27     
    75600          153949     
        6.25000000000000  
 OBS            202
     298.83064325864621
     299.80011251090400
       1.00000000000000
 201 203 -1
obdef
loc3d
        4.93825175772606              0.67415674930066             45.00000000000000     -1
kind
     27     
    75600          153949     
        6.25000000000000  
 OBS            203
     305.59894015373402
     303.90469512156898
       1.00000000000000
 202 204 -1
obdef
loc3d
        4.94311892630401              0.68721450203000            155.69055175781250     -1
kind
     27     
    75600          153949     
        6.25000000000000  
 OBS            204
     299.66206428536930
     301.50781930891401
       1.00000000000000
 203 205 -1
obdef
loc3d
        4.94449382724881              0.67792071808206             14.15527343750000     -1
kind
     27     
    75600          153949     
        6.25000000000000  
 OBS            205
     307.80174209588910
     306.75678756956597
       1.00000000000000
 204 206 -1
obdef
loc3d
        4.94565692959859              0.66987151098961             30.00000000000000     -1
kind
     27     
    75600          153949     
        6.25000000000000  
 OBS            206
     303.71366490395229
     304.26287385849702
       1.00000000000000
 205 207 -1
obdef
loc3d
        4.93623940611723              0.68485115788194            160.48159790039060     -1
kind
     27     
    75600          153949     
        6.25000000000000  
 OBS            207
     304.68606828365625
     306.44750459306999
       1.00000000000000
 206 208 -1
obdef
loc3d
        4.93207688179052              0.69191340558627            266.88421630859381     -1
kind
     27     
    75600          153949     
        6.25000000000000  
 OBS            208
     305.77665179914163
     304.51073029287198
       1.00000000000000
 207 209 -1
obdef
loc3d
        4.94337184525690              0.69048472086632            168.92642211914060     -1
kind
     27     
    75600          153949     
        6.25000000000000  
 OBS            209
     304.89003706321608
     303.39481317902499
       1.00000000000000
 208 210 -1
obdef
loc3d
        4.93083275656657              0.69156409584246            530.37139892578125     -1
kind
     27     
    75600          153949     
        6.25000000000000  
 OBS            210
     301.07234013675912
     300.70254927910099
       1.00000000000000
 209 211 -1
obdef
loc3d
        4.93576715774405              0.67026358084744             15.00000000000000     -1
kind
     27     
    75600          153949     
        6.25000000000000  
 OBS            211
     302.15539486464843
     304.12760556584101
       1.00000000000000
 210 212 -1
obdef
loc3d
        4.94676264345478              0.69035499858378            170.37097167968750     -1
kind
     27     
    75600          153949     
        6.25000000000000  
 OBS            212
     308.17055891567560
     307.40361645632100
       1.00000000000000
 211 213 -1
obdef
loc3d
        4.94046883892718              0.69230960363225            232.29916381835940     -1
kind
     27     
    75600          153949     
        6.25000000000000  
 OBS            213
     307.64531179629341
     306.61983041804001
       1.00000000000000
 212 214 -1
obdef
loc3d
        4.94668005348904              0.66792517272334             30.00000000000000     -1
kind
     27     
    75600          153949     
        6.25000000000000  
 OBS            214
     305.71133670135043
     305.92809509406300
       1.00000000000000
 213 215 -1
obdef
loc3d
        4.93142664351951              0.69067116425814            352.18109130859381     -1
kind
     27     
    75600          153949     
        6.25000000000000  
 OBS            215
     307.72471437678291
     308.12998081614700
       1.00000000000000
 214 216 -1
obdef
loc3d
        4.93315860158957              0.69236546390432            148.09797668457031     -1
kind
     27     
    75600          153949     
        6.25000000000000  
 OBS            216
     300.98969610979253
     302.32972766283598
       1.00000000000000
 215 217 -1
obdef
loc3d
        4.94330474517536              0.68101851702487             28.94674682617188     -1
kind
     27     
    75600          153949     
        6.25000000000000  
 OBS            217
     303.98137417677844
     303.84856636119400
       1.00000000000000
 216 218 -1
obdef
loc3d
        4.93900329796962              0.68465687192145            135.10733032226560     -1
kind
     27     
    75600          153949     
        6.25000000000000  
 OBS            218
     302.14907534386674
     301.56394483785903
       1.00000000000000
 217 219 -1
obdef
loc3d
        4.94044166392076              0.68262352587105            131.77731323242190     -1
kind
     27     
    75600          153949     
        6.25000000000000  
 OBS            219
     307.05973283515004
     306.18223401043201
       1.00000000000000
 218 220 -1
obdef
loc3d
        4.92619210793233              0.68978851614430            140.91706848144531     -1
kind
     27     
    75600          153949     
        6.25000000000000  
 OBS            220
     303.23483842406335
     302.58288246844501
       1.00000000000000
 219 221 -1
obdef
loc3d
        4.94963312081941              0.66996996266355             29.99300956726074     -1
kind
     27     
    75600          153949     
        6.25000000000000  
 OBS            221
     305.16158531338573
     304.51595120506300
       1.00000000000000
 220 222 -1
obdef
loc3d
        4.92700392971737              0.68887132383449            128.38885498046881     -1
kind
     27     
    75600          153949     
        6.25000000000000  
 OBS            222
     306.75089092965879
     306.52743958478300
       1.00000000000000
 221 223 -1
obdef
loc3d
        4.94246333188258              0.67229541033138             45.31371688842773     -1
kind
     27     
    75600          153949     
        6.25000000000000  
 OBS            223
     299.68506720851445
     301.41450778838703
       1.00000000000000
 222 224 -1
obdef
loc3d
        4.94297820410103              0.68302629331082             53.72113800048828     -1
kind
     27     
    75600          153949     
        6.25000000000000  
 OBS            224
     303.63720229719854
     301.59992967377701
       1.00000000000000
 223 225 -1
obdef
loc3d
        4.94625467437127              0.67931016686449             42.11843872070312     -1
kind
     27     
    75600          153949     
        6.25000000000000  
 OBS            225
     304.29304526761041
     305.25997556010901
       1.00000000000000
 224 -1 -1
obdef
loc3d
        4.93718236751881              0.69150375136553            153.15858459472659     -1
kind
     27     
    75600          153949     
        6.25000000000000  
