 obs_sequence
obs_kind_definitions
       3
    25          LAND_SFC_U_WIND_COMPONENT   
    26          LAND_SFC_V_WIND_COMPONENT   
    27          LAND_SFC_TEMPERATURE   
  num_copies:            2  num_qc:            1
 num_obs:       225  max_num_obs:       225
observations
truth
QC radar
  first:            1  last:       225
 OBS            1
       3.25159415504754
       3.58485893739878
       1.00000000000000
 -1 2 -1
obdef
loc3d
        4.90540352515539              0.69194112440599            606.33142089843750     -1
kind
     25     
    83700          153949     
       12.25000000000000  
 OBS            2
       5.39024579297768
       4.27313953447172
       1.00000000000000
 1 3 -1
obdef
loc3d
        4.94546412681761              0.68348353984884             17.75631332397461     -1
kind
     25     
    83700          153949     
       12.25000000000000  
 OBS            3
       6.11427886481791
       5.24892864545830
       1.00000000000000
 2 4 -1
obdef
loc3d
        4.94660974174000              0.67744857875853             29.35406684875488     -1
kind
     25     
    83700          153949     
       12.25000000000000  
 OBS            4
      -3.27691063897516
       0.95409766539105
       1.00000000000000
 3 5 -1
obdef
loc3d
        4.94648126630843              0.68652865419204             54.82812500000000     -1
kind
     25     
    83700          153949     
       12.25000000000000  
 OBS            5
      -2.80904066169610
       1.45460683827286
       1.00000000000000
 4 6 -1
obdef
loc3d
        4.94445426011379              0.68507566758975             62.61011505126953     -1
kind
     25     
    83700          153949     
       12.25000000000000  
 OBS            6
       0.33547687064235
       1.29296889319020
       1.00000000000000
 5 7 -1
obdef
loc3d
        4.94602055174578              0.68752162087271            134.15721130371091     -1
kind
     25     
    83700          153949     
       12.25000000000000  
 OBS            7
      -4.12228915377756
       0.61231765971569
       1.00000000000000
 6 8 -1
obdef
loc3d
        4.94603912728501              0.67254511985829             35.00297546386719     -1
kind
     25     
    83700          153949     
       12.25000000000000  
 OBS            8
       4.03211792476742
       1.86893986858824
       1.00000000000000
 7 9 -1
obdef
loc3d
        4.95877904994953              0.67986585977255             17.04111671447754     -1
kind
     25     
    83700          153949     
       12.25000000000000  
 OBS            9
      -2.69810851200720
      -0.47281239937102
       1.00000000000000
 8 10 -1
obdef
loc3d
        4.93958042817759              0.69095160998657            226.13127136230469     -1
kind
     25     
    83700          153949     
       12.25000000000000  
 OBS            10
       3.44288679174542
       2.27973339055408
       1.00000000000000
 9 11 -1
obdef
loc3d
        4.95756313665553              0.69181797222864             89.84997558593750     -1
kind
     25     
    83700          153949     
       12.25000000000000  
 OBS            11
       5.09390739658092
       2.86151912218618
       1.00000000000000
 10 12 -1
obdef
loc3d
        4.94078657111844              0.67409210989409             60.81152343750000     -1
kind
     25     
    83700          153949     
       12.25000000000000  
 OBS            12
       2.11715630620913
       0.10276739516853
       1.00000000000000
 11 13 -1
obdef
loc3d
        4.95557846691255              0.67267262139613              1.00000000000000     -1
kind
     25     
    83700          153949     
       12.25000000000000  
 OBS            13
       0.42592520650531
       1.54868636853607
       1.00000000000000
 12 14 -1
obdef
loc3d
        4.93193348448080              0.68856418981073            106.00000000000000     -1
kind
     25     
    83700          153949     
       12.25000000000000  
 OBS            14
       6.80461143099478
       1.46820918945550
       1.00000000000000
 13 15 -1
obdef
loc3d
        4.89970838141578              0.68765245249877            785.09423828125000     -1
kind
     25     
    83700          153949     
       12.25000000000000  
 OBS            15
       1.30041639452080
       5.17671095741413
       1.00000000000000
 14 16 -1
obdef
loc3d
        4.95026814558372              0.68993059237416             93.11567687988281     -1
kind
     25     
    83700          153949     
       12.25000000000000  
 OBS            16
      -3.25178031567852
       2.73587173993187
       1.00000000000000
 15 17 -1
obdef
loc3d
        4.94174512165160              0.68484635226999            116.56585693359381     -1
kind
     25     
    83700          153949     
       12.25000000000000  
 OBS            17
       5.85427609759666
       3.92750947423103
       1.00000000000000
 16 18 -1
obdef
loc3d
        4.95420735021482              0.68473663912788             15.00000000000000     -1
kind
     25     
    83700          153949     
       12.25000000000000  
 OBS            18
       0.03885442309597
       0.46968155151552
       1.00000000000000
 17 19 -1
obdef
loc3d
        4.93477042118681              0.68310638816012            118.89588928222661     -1
kind
     25     
    83700          153949     
       12.25000000000000  
 OBS            19
      -3.00947758061733
       1.87794432527596
       1.00000000000000
 18 20 -1
obdef
loc3d
        4.93795631029682              0.68276407673392            144.94107055664060     -1
kind
     25     
    83700          153949     
       12.25000000000000  
 OBS            20
       5.50401248904353
       2.02747331822909
       1.00000000000000
 19 21 -1
obdef
loc3d
        4.94001671685736              0.68064929967652             43.67281723022461     -1
kind
     25     
    83700          153949     
       12.25000000000000  
 OBS            21
      -1.25525670330377
       2.75899676369701
       1.00000000000000
 20 22 -1
obdef
loc3d
        4.94058460161740              0.67807181314514             70.17810058593750     -1
kind
     25     
    83700          153949     
       12.25000000000000  
 OBS            22
       6.42111686732778
       2.93171245597940
       1.00000000000000
 21 23 -1
obdef
loc3d
        4.95423295419494              0.68033176843505              3.71636104583740     -1
kind
     25     
    83700          153949     
       12.25000000000000  
 OBS            23
      -6.53183790399286
      -0.98422386131990
       1.00000000000000
 22 24 -1
obdef
loc3d
        4.94926894458696              0.66642585587446             10.91526031494141     -1
kind
     25     
    83700          153949     
       12.25000000000000  
 OBS            24
       2.21282648786163
       0.60746973268461
       1.00000000000000
 23 25 -1
obdef
loc3d
        4.96223480186848              0.66700036066835              5.00000000000000     -1
kind
     25     
    83700          153949     
       12.25000000000000  
 OBS            25
      -5.39359062321201
       2.11795264072627
       1.00000000000000
 24 26 -1
obdef
loc3d
        4.95546148971009              0.67729393735082              6.17724800109863     -1
kind
     25     
    83700          153949     
       12.25000000000000  
 OBS            26
      -8.34074580391137
      -0.13639099634896
       1.00000000000000
 25 27 -1
obdef
loc3d
        4.92652723985629              0.69051382381431            146.04148864746091     -1
kind
     25     
    83700          153949     
       12.25000000000000  
 OBS            27
       8.65925367421099
       0.37907273473252
       1.00000000000000
 26 28 -1
obdef
loc3d
        4.96366005344362              0.66920346185787              6.00000000000000     -1
kind
     25     
    83700          153949     
       12.25000000000000  
 OBS            28
       3.23430844376778
       1.20678199809659
       1.00000000000000
 27 29 -1
obdef
loc3d
        4.97052949833720              0.66907739847133              8.84140872955322     -1
kind
     25     
    83700          153949     
       12.25000000000000  
 OBS            29
       2.74638746301201
       2.23530839619167
       1.00000000000000
 28 30 -1
obdef
loc3d
        4.93505853489354              0.69035668900909            163.38452148437500     -1
kind
     25     
    83700          153949     
       12.25000000000000  
 OBS            30
       5.29145540825787
       0.96863270759424
       1.00000000000000
 29 31 -1
obdef
loc3d
        4.93979773523841              0.67259214116167             45.00000000000000     -1
kind
     25     
    83700          153949     
       12.25000000000000  
 OBS            31
       8.28153789889575
       1.30648422874502
       1.00000000000000
 30 32 -1
obdef
loc3d
        4.92901815402419              0.68818595396932            126.56063842773440     -1
kind
     25     
    83700          153949     
       12.25000000000000  
 OBS            32
       4.65299772965059
      -1.53048647231793
       1.00000000000000
 31 33 -1
obdef
loc3d
        4.92864050752959              0.68988490592333            360.09008789062500     -1
kind
     25     
    83700          153949     
       12.25000000000000  
 OBS            33
       1.52790543771001
       1.91914860467035
       1.00000000000000
 32 34 -1
obdef
loc3d
        4.94071794293451              0.68880476183725            173.77728271484381     -1
kind
     25     
    83700          153949     
       12.25000000000000  
 OBS            34
       6.86227894566684
       3.79537039331348
       1.00000000000000
 33 35 -1
obdef
loc3d
        4.94475069255349              0.67936922784321             17.10044860839844     -1
kind
     25     
    83700          153949     
       12.25000000000000  
 OBS            35
       1.53026482588822
       0.78359206287929
       1.00000000000000
 34 36 -1
obdef
loc3d
        4.93040524362615              0.68956958577383            472.38653564453119     -1
kind
     25     
    83700          153949     
       12.25000000000000  
 OBS            36
       7.13754933051126
       2.08327713466563
       1.00000000000000
 35 37 -1
obdef
loc3d
        4.93438788521233              0.68743777381223            157.39462280273440     -1
kind
     25     
    83700          153949     
       12.25000000000000  
 OBS            37
      -1.04584893189901
       0.26061930964559
       1.00000000000000
 36 38 -1
obdef
loc3d
        4.93003537520636              0.69083454089469            382.75677490234381     -1
kind
     25     
    83700          153949     
       12.25000000000000  
 OBS            38
       1.76007632675651
       1.37609450506709
       1.00000000000000
 37 39 -1
obdef
loc3d
        4.94262489165251              0.68702513034102            130.29710388183591     -1
kind
     25     
    83700          153949     
       12.25000000000000  
 OBS            39
       3.20323064276286
       1.42345980219607
       1.00000000000000
 38 40 -1
obdef
loc3d
        4.93100113789334              0.68653549583784             94.66114807128906     -1
kind
     25     
    83700          153949     
       12.25000000000000  
 OBS            40
       0.12660942466463
       0.35787341609142
       1.00000000000000
 39 41 -1
obdef
loc3d
        4.94000002935902              0.67612888350011             59.69976806640625     -1
kind
     25     
    83700          153949     
       12.25000000000000  
 OBS            41
       1.34299282718254
      -2.66497352962796
       1.00000000000000
 40 42 -1
obdef
loc3d
        4.94231604692662              0.69077376274482            190.83442687988281     -1
kind
     25     
    83700          153949     
       12.25000000000000  
 OBS            42
       3.79628042404607
      -0.48111351211129
       1.00000000000000
 41 43 -1
obdef
loc3d
        4.93554247635603              0.69268257167582            131.09960937500000     -1
kind
     25     
    83700          153949     
       12.25000000000000  
 OBS            43
       4.22377339043576
       2.78906523249921
       1.00000000000000
 42 44 -1
obdef
loc3d
        4.94069913477896              0.68279864123905            131.77731323242190     -1
kind
     25     
    83700          153949     
       12.25000000000000  
 OBS            44
       2.83299958035222
       4.44438683872036
       1.00000000000000
 43 45 -1
obdef
loc3d
        4.94367854378329              0.67420565331297             56.55799865722656     -1
kind
     25     
    83700          153949     
       12.25000000000000  
 OBS            45
       2.98592076701197
      -2.14125244905845
       1.00000000000000
 44 46 -1
obdef
loc3d
        4.93814984943932              0.67457436016830             39.55386734008789     -1
kind
     25     
    83700          153949     
       12.25000000000000  
 OBS            46
       4.79155664622227
       3.55333983234221
       1.00000000000000
 45 47 -1
obdef
loc3d
        4.94253566982520              0.68065092526894             48.56933593750000     -1
kind
     25     
    83700          153949     
       12.25000000000000  
 OBS            47
      -0.46138429780461
       0.24109089921517
       1.00000000000000
 46 48 -1
obdef
loc3d
        4.93593154408741              0.68080949477360             85.35743713378906     -1
kind
     25     
    83700          153949     
       12.25000000000000  
 OBS            48
      -3.80413364467940
       0.40920419382434
       1.00000000000000
 47 49 -1
obdef
loc3d
        4.94758068519446              0.69282395273635            179.51908874511719     -1
kind
     25     
    83700          153949     
       12.25000000000000  
 OBS            49
       0.23900030747835
      -1.24749547616711
       1.00000000000000
 48 50 -1
obdef
loc3d
        4.93541634697774              0.67261831698898             21.54207611083984     -1
kind
     25     
    83700          153949     
       12.25000000000000  
 OBS            50
      -3.30637178214962
       0.32950789253296
       1.00000000000000
 49 51 -1
obdef
loc3d
        4.93342752395137              0.68533697059699            120.48287200927730     -1
kind
     25     
    83700          153949     
       12.25000000000000  
 OBS            51
       0.05918849142304
      -0.86851205368739
       1.00000000000000
 50 52 -1
obdef
loc3d
        4.92811551620144              0.69141391763145            189.00242614746091     -1
kind
     25     
    83700          153949     
       12.25000000000000  
 OBS            52
       5.45158466709446
       4.56184112001993
       1.00000000000000
 51 53 -1
obdef
loc3d
        4.94328780634786              0.67761918906629             21.61136627197266     -1
kind
     25     
    83700          153949     
       12.25000000000000  
 OBS            53
       5.15286573083565
       2.57306290993375
       1.00000000000000
 52 54 -1
obdef
loc3d
        4.93617130041664              0.68578341426755            199.41349792480469     -1
kind
     25     
    83700          153949     
       12.25000000000000  
 OBS            54
       6.79514894026681
       4.65128841874333
       1.00000000000000
 53 55 -1
obdef
loc3d
        4.94488890698391              0.68151038983677             42.34177017211914     -1
kind
     25     
    83700          153949     
       12.25000000000000  
 OBS            55
      11.43491626311204
       4.81514102929147
       1.00000000000000
 54 56 -1
obdef
loc3d
        4.94610769319308              0.67540343249948             44.88281250000000     -1
kind
     25     
    83700          153949     
       12.25000000000000  
 OBS            56
       2.13034695053216
       2.26924202555106
       1.00000000000000
 55 57 -1
obdef
loc3d
        4.93098289428918              0.69278368564599            411.59194946289062     -1
kind
     25     
    83700          153949     
       12.25000000000000  
 OBS            57
       0.74596550814463
      -1.11779633279258
       1.00000000000000
 56 58 -1
obdef
loc3d
        4.93746284305807              0.67295620864423             44.45593643188477     -1
kind
     25     
    83700          153949     
       12.25000000000000  
 OBS            58
       4.74932753184177
       1.18984544388059
       1.00000000000000
 57 59 -1
obdef
loc3d
        4.93742549337872              0.68866580079864            241.84100341796881     -1
kind
     25     
    83700          153949     
       12.25000000000000  
 OBS            59
       0.81100048310897
       3.27253906977464
       1.00000000000000
 58 60 -1
obdef
loc3d
        4.94310367286119              0.67063823067780             37.30942153930664     -1
kind
     25     
    83700          153949     
       12.25000000000000  
 OBS            60
      -5.47341694667180
      -1.10888017767761
       1.00000000000000
 59 61 -1
obdef
loc3d
        4.94312354358950              0.69286317278749            201.84664916992190     -1
kind
     25     
    83700          153949     
       12.25000000000000  
 OBS            61
      -4.53202875841334
       1.80277349408197
       1.00000000000000
 60 62 -1
obdef
loc3d
        4.93202293942753              0.69056809921756            124.38476562500000     -1
kind
     25     
    83700          153949     
       12.25000000000000  
 OBS            62
       2.55834125000817
       0.20973975603761
       1.00000000000000
 61 63 -1
obdef
loc3d
        4.93852899085493              0.69282303339671            210.85327148437500     -1
kind
     25     
    83700          153949     
       12.25000000000000  
 OBS            63
       8.89995838969684
       2.47548019123970
       1.00000000000000
 62 64 -1
obdef
loc3d
        4.93925110381924              0.68654477021234            169.40324401855469     -1
kind
     25     
    83700          153949     
       12.25000000000000  
 OBS            64
       4.68130826371725
      -2.14881208982582
       1.00000000000000
 63 65 -1
obdef
loc3d
        4.94561300163474              0.69021407942450            101.67103576660161     -1
kind
     25     
    83700          153949     
       12.25000000000000  
 OBS            65
      -0.62481004149477
       0.90585111794277
       1.00000000000000
 64 66 -1
obdef
loc3d
        4.94677761419795              0.66921213830349             30.00000000000000     -1
kind
     25     
    83700          153949     
       12.25000000000000  
 OBS            66
       1.00819719737572
       3.82497662431936
       1.00000000000000
 65 67 -1
obdef
loc3d
        4.91464000802058              0.69220313236118            256.98049926757812     -1
kind
     25     
    83700          153949     
       12.25000000000000  
 OBS            67
       3.63190560002983
       3.96760217212718
       1.00000000000000
 66 68 -1
obdef
loc3d
        4.91222840493483              0.69213090540308            311.66015625000000     -1
kind
     25     
    83700          153949     
       12.25000000000000  
 OBS            68
       0.01853300256318
       1.87248261983583
       1.00000000000000
 67 69 -1
obdef
loc3d
        4.90319820253832              0.69077085029214            558.21520996093750     -1
kind
     25     
    83700          153949     
       12.25000000000000  
 OBS            69
      -0.38837300991339
       3.26746172321019
       1.00000000000000
 68 70 -1
obdef
loc3d
        4.90548367400941              0.68961427180382            340.45385742187500     -1
kind
     25     
    83700          153949     
       12.25000000000000  
 OBS            70
       0.81523914800906
       2.08439518709355
       1.00000000000000
 69 71 -1
obdef
loc3d
        4.90182808691748              0.69286665451088            711.58941650390625     -1
kind
     25     
    83700          153949     
       12.25000000000000  
 OBS            71
       6.28554771606399
       3.59765202448212
       1.00000000000000
 70 72 -1
obdef
loc3d
        4.92199514385413              0.69211089395115            185.84292602539060     -1
kind
     25     
    83700          153949     
       12.25000000000000  
 OBS            72
       5.76937627174503
       2.80060993985888
       1.00000000000000
 71 73 -1
obdef
loc3d
        4.91709198426003              0.69266703903771            205.88345336914060     -1
kind
     25     
    83700          153949     
       12.25000000000000  
 OBS            73
      -0.07794706005478
       3.49993832275896
       1.00000000000000
 72 74 -1
obdef
loc3d
        4.91305125126208              0.69031483822850            320.48217773437500     -1
kind
     25     
    83700          153949     
       12.25000000000000  
 OBS            74
       5.81686261139724
       2.63543722346558
       1.00000000000000
 73 75 -1
obdef
loc3d
        4.90918301095293              0.69233086407935            229.95614624023440     -1
kind
     25     
    83700          153949     
       12.25000000000000  
 OBS            75
       2.47773480117433
       1.89590357393893
       1.00000000000000
 74 76 -1
obdef
loc3d
        4.90002894620424              0.69031812013417            840.25653076171875     -1
kind
     25     
    83700          153949     
       12.25000000000000  
 OBS            76
      -3.15559787295013
      -0.64134824396646
       1.00000000000000
 75 77 -1
obdef
loc3d
        4.90540352515539              0.69194112440599            606.33142089843750     -1
kind
     26     
    83700          153949     
       12.25000000000000  
 OBS            77
       0.73630723248012
       3.88750418977759
       1.00000000000000
 76 78 -1
obdef
loc3d
        4.94546412681761              0.68348353984884             17.75631332397461     -1
kind
     26     
    83700          153949     
       12.25000000000000  
 OBS            78
      -3.06691833058984
       0.37269269848222
       1.00000000000000
 77 79 -1
obdef
loc3d
        4.94660974174000              0.67744857875853             29.35406684875488     -1
kind
     26     
    83700          153949     
       12.25000000000000  
 OBS            79
      -2.75962136938264
       0.24295585342523
       1.00000000000000
 78 80 -1
obdef
loc3d
        4.94648126630843              0.68652865419204             54.82812500000000     -1
kind
     26     
    83700          153949     
       12.25000000000000  
 OBS            80
       3.34898603710454
       1.25802513484285
       1.00000000000000
 79 81 -1
obdef
loc3d
        4.94445426011379              0.68507566758975             62.61011505126953     -1
kind
     26     
    83700          153949     
       12.25000000000000  
 OBS            81
       1.11471327950577
       0.51621262837134
       1.00000000000000
 80 82 -1
obdef
loc3d
        4.94602055174578              0.68752162087271            134.15721130371091     -1
kind
     26     
    83700          153949     
       12.25000000000000  
 OBS            82
       2.22734065516811
       0.18819482074797
       1.00000000000000
 81 83 -1
obdef
loc3d
        4.94603912728501              0.67254511985829             35.00297546386719     -1
kind
     26     
    83700          153949     
       12.25000000000000  
 OBS            83
       1.45238622026767
       3.62607030207095
       1.00000000000000
 82 84 -1
obdef
loc3d
        4.95877904994953              0.67986585977255             17.04111671447754     -1
kind
     26     
    83700          153949     
       12.25000000000000  
 OBS            84
       3.20775864309986
       3.51487214506636
       1.00000000000000
 83 85 -1
obdef
loc3d
        4.93958042817759              0.69095160998657            226.13127136230469     -1
kind
     26     
    83700          153949     
       12.25000000000000  
 OBS            85
       3.63255713419290
       2.34175226905791
       1.00000000000000
 84 86 -1
obdef
loc3d
        4.95756313665553              0.69181797222864             89.84997558593750     -1
kind
     26     
    83700          153949     
       12.25000000000000  
 OBS            86
      -2.86242241541241
      -6.76038011503518
       1.00000000000000
 85 87 -1
obdef
loc3d
        4.94078657111844              0.67409210989409             60.81152343750000     -1
kind
     26     
    83700          153949     
       12.25000000000000  
 OBS            87
      10.55203849533632
       5.45495238003216
       1.00000000000000
 86 88 -1
obdef
loc3d
        4.95557846691255              0.67267262139613              1.00000000000000     -1
kind
     26     
    83700          153949     
       12.25000000000000  
 OBS            88
       5.43221272143586
       4.46837123772971
       1.00000000000000
 87 89 -1
obdef
loc3d
        4.93193348448080              0.68856418981073            106.00000000000000     -1
kind
     26     
    83700          153949     
       12.25000000000000  
 OBS            89
      -2.17095618111483
      -0.72403796180056
       1.00000000000000
 88 90 -1
obdef
loc3d
        4.89970838141578              0.68765245249877            785.09423828125000     -1
kind
     26     
    83700          153949     
       12.25000000000000  
 OBS            90
       3.44321785244908
       3.03985140667203
       1.00000000000000
 89 91 -1
obdef
loc3d
        4.95026814558372              0.68993059237416             93.11567687988281     -1
kind
     26     
    83700          153949     
       12.25000000000000  
 OBS            91
       1.34329445042862
       2.49415244576226
       1.00000000000000
 90 92 -1
obdef
loc3d
        4.94174512165160              0.68484635226999            116.56585693359381     -1
kind
     26     
    83700          153949     
       12.25000000000000  
 OBS            92
       0.66583933016449
       1.89918923415139
       1.00000000000000
 91 93 -1
obdef
loc3d
        4.95420735021482              0.68473663912788             15.00000000000000     -1
kind
     26     
    83700          153949     
       12.25000000000000  
 OBS            93
      -2.37794172733342
       2.51933537415513
       1.00000000000000
 92 94 -1
obdef
loc3d
        4.93477042118681              0.68310638816012            118.89588928222661     -1
kind
     26     
    83700          153949     
       12.25000000000000  
 OBS            94
       4.36967487647687
       3.72822529187304
       1.00000000000000
 93 95 -1
obdef
loc3d
        4.93795631029682              0.68276407673392            144.94107055664060     -1
kind
     26     
    83700          153949     
       12.25000000000000  
 OBS            95
      -0.30427190232353
       2.50751906519565
       1.00000000000000
 94 96 -1
obdef
loc3d
        4.94001671685736              0.68064929967652             43.67281723022461     -1
kind
     26     
    83700          153949     
       12.25000000000000  
 OBS            96
       5.86354177401042
       3.88352420601941
       1.00000000000000
 95 97 -1
obdef
loc3d
        4.94058460161740              0.67807181314514             70.17810058593750     -1
kind
     26     
    83700          153949     
       12.25000000000000  
 OBS            97
       6.34858106989954
       5.89437223474492
       1.00000000000000
 96 98 -1
obdef
loc3d
        4.95423295419494              0.68033176843505              3.71636104583740     -1
kind
     26     
    83700          153949     
       12.25000000000000  
 OBS            98
       1.97742426420197
       2.46652171611275
       1.00000000000000
 97 99 -1
obdef
loc3d
        4.94926894458696              0.66642585587446             10.91526031494141     -1
kind
     26     
    83700          153949     
       12.25000000000000  
 OBS            99
       9.52297968371682
       6.09409912473433
       1.00000000000000
 98 100 -1
obdef
loc3d
        4.96223480186848              0.66700036066835              5.00000000000000     -1
kind
     26     
    83700          153949     
       12.25000000000000  
 OBS            100
      11.52677139406492
       5.34800315329161
       1.00000000000000
 99 101 -1
obdef
loc3d
        4.95546148971009              0.67729393735082              6.17724800109863     -1
kind
     26     
    83700          153949     
       12.25000000000000  
 OBS            101
       8.78519476325611
       5.33115784508077
       1.00000000000000
 100 102 -1
obdef
loc3d
        4.92652723985629              0.69051382381431            146.04148864746091     -1
kind
     26     
    83700          153949     
       12.25000000000000  
 OBS            102
       3.39314728512130
       4.85480532342107
       1.00000000000000
 101 103 -1
obdef
loc3d
        4.96366005344362              0.66920346185787              6.00000000000000     -1
kind
     26     
    83700          153949     
       12.25000000000000  
 OBS            103
       0.41698155781500
       6.63931374057102
       1.00000000000000
 102 104 -1
obdef
loc3d
        4.97052949833720              0.66907739847133              8.84140872955322     -1
kind
     26     
    83700          153949     
       12.25000000000000  
 OBS            104
       8.17540274434862
       4.87311969244940
       1.00000000000000
 103 105 -1
obdef
loc3d
        4.93505853489354              0.69035668900909            163.38452148437500     -1
kind
     26     
    83700          153949     
       12.25000000000000  
 OBS            105
      -4.24373677432727
      -3.26191516080686
       1.00000000000000
 104 106 -1
obdef
loc3d
        4.93979773523841              0.67259214116167             45.00000000000000     -1
kind
     26     
    83700          153949     
       12.25000000000000  
 OBS            106
       2.47539565655876
       4.46186346046991
       1.00000000000000
 105 107 -1
obdef
loc3d
        4.92901815402419              0.68818595396932            126.56063842773440     -1
kind
     26     
    83700          153949     
       12.25000000000000  
 OBS            107
       3.60909463913229
       3.91017368750953
       1.00000000000000
 106 108 -1
obdef
loc3d
        4.92864050752959              0.68988490592333            360.09008789062500     -1
kind
     26     
    83700          153949     
       12.25000000000000  
 OBS            108
      11.27208585609621
       2.99425446472383
       1.00000000000000
 107 109 -1
obdef
loc3d
        4.94071794293451              0.68880476183725            173.77728271484381     -1
kind
     26     
    83700          153949     
       12.25000000000000  
 OBS            109
      -1.81825538519705
       0.98417038337699
       1.00000000000000
 108 110 -1
obdef
loc3d
        4.94475069255349              0.67936922784321             17.10044860839844     -1
kind
     26     
    83700          153949     
       12.25000000000000  
 OBS            110
       6.48963679238985
       4.70920767114540
       1.00000000000000
 109 111 -1
obdef
loc3d
        4.93040524362615              0.68956958577383            472.38653564453119     -1
kind
     26     
    83700          153949     
       12.25000000000000  
 OBS            111
       8.07023868385582
       5.64729778225468
       1.00000000000000
 110 112 -1
obdef
loc3d
        4.93438788521233              0.68743777381223            157.39462280273440     -1
kind
     26     
    83700          153949     
       12.25000000000000  
 OBS            112
       4.92448041586669
       5.31635477957887
       1.00000000000000
 111 113 -1
obdef
loc3d
        4.93003537520636              0.69083454089469            382.75677490234381     -1
kind
     26     
    83700          153949     
       12.25000000000000  
 OBS            113
       5.69569124772997
       3.12613895582352
       1.00000000000000
 112 114 -1
obdef
loc3d
        4.94262489165251              0.68702513034102            130.29710388183591     -1
kind
     26     
    83700          153949     
       12.25000000000000  
 OBS            114
       1.91091422767356
       4.00865703800741
       1.00000000000000
 113 115 -1
obdef
loc3d
        4.93100113789334              0.68653549583784             94.66114807128906     -1
kind
     26     
    83700          153949     
       12.25000000000000  
 OBS            115
      -1.32768851770048
       2.03184865209210
       1.00000000000000
 114 116 -1
obdef
loc3d
        4.94000002935902              0.67612888350011             59.69976806640625     -1
kind
     26     
    83700          153949     
       12.25000000000000  
 OBS            116
       3.90976416313068
       0.86554435589234
       1.00000000000000
 115 117 -1
obdef
loc3d
        4.94231604692662              0.69077376274482            190.83442687988281     -1
kind
     26     
    83700          153949     
       12.25000000000000  
 OBS            117
       4.62590425678789
       4.92444704571828
       1.00000000000000
 116 118 -1
obdef
loc3d
        4.93554247635603              0.69268257167582            131.09960937500000     -1
kind
     26     
    83700          153949     
       12.25000000000000  
 OBS            118
       8.99211639124135
       3.69713281911752
       1.00000000000000
 117 119 -1
obdef
loc3d
        4.94069913477896              0.68279864123905            131.77731323242190     -1
kind
     26     
    83700          153949     
       12.25000000000000  
 OBS            119
       0.40714146691395
      -1.57621462721264
       1.00000000000000
 118 120 -1
obdef
loc3d
        4.94367854378329              0.67420565331297             56.55799865722656     -1
kind
     26     
    83700          153949     
       12.25000000000000  
 OBS            120
      -3.82480669707793
      -1.33765011052032
       1.00000000000000
 119 121 -1
obdef
loc3d
        4.93814984943932              0.67457436016830             39.55386734008789     -1
kind
     26     
    83700          153949     
       12.25000000000000  
 OBS            121
       4.12140225076815
       2.52844492772246
       1.00000000000000
 120 122 -1
obdef
loc3d
        4.94253566982520              0.68065092526894             48.56933593750000     -1
kind
     26     
    83700          153949     
       12.25000000000000  
 OBS            122
       6.43664292959692
       3.24887464772939
       1.00000000000000
 121 123 -1
obdef
loc3d
        4.93593154408741              0.68080949477360             85.35743713378906     -1
kind
     26     
    83700          153949     
       12.25000000000000  
 OBS            123
       7.43138441403499
       6.61032058606222
       1.00000000000000
 122 124 -1
obdef
loc3d
        4.94758068519446              0.69282395273635            179.51908874511719     -1
kind
     26     
    83700          153949     
       12.25000000000000  
 OBS            124
      -3.23385682913075
      -1.34214311700897
       1.00000000000000
 123 125 -1
obdef
loc3d
        4.93541634697774              0.67261831698898             21.54207611083984     -1
kind
     26     
    83700          153949     
       12.25000000000000  
 OBS            125
      -0.38846984460282
       3.24696973500211
       1.00000000000000
 124 126 -1
obdef
loc3d
        4.93342752395137              0.68533697059699            120.48287200927730     -1
kind
     26     
    83700          153949     
       12.25000000000000  
 OBS            126
       7.05475163628620
       6.53808925132597
       1.00000000000000
 125 127 -1
obdef
loc3d
        4.92811551620144              0.69141391763145            189.00242614746091     -1
kind
     26     
    83700          153949     
       12.25000000000000  
 OBS            127
       4.60298782449884
       1.88972258994158
       1.00000000000000
 126 128 -1
obdef
loc3d
        4.94328780634786              0.67761918906629             21.61136627197266     -1
kind
     26     
    83700          153949     
       12.25000000000000  
 OBS            128
       5.60954563732041
       5.16085974655140
       1.00000000000000
 127 129 -1
obdef
loc3d
        4.93617130041664              0.68578341426755            199.41349792480469     -1
kind
     26     
    83700          153949     
       12.25000000000000  
 OBS            129
       0.75931611673730
       1.96252314656183
       1.00000000000000
 128 130 -1
obdef
loc3d
        4.94488890698391              0.68151038983677             42.34177017211914     -1
kind
     26     
    83700          153949     
       12.25000000000000  
 OBS            130
       1.57020957724938
      -0.94299383937856
       1.00000000000000
 129 131 -1
obdef
loc3d
        4.94610769319308              0.67540343249948             44.88281250000000     -1
kind
     26     
    83700          153949     
       12.25000000000000  
 OBS            131
       4.10907303679467
       5.08533142309254
       1.00000000000000
 130 132 -1
obdef
loc3d
        4.93098289428918              0.69278368564599            411.59194946289062     -1
kind
     26     
    83700          153949     
       12.25000000000000  
 OBS            132
      -3.50323758673948
      -2.46223977139249
       1.00000000000000
 131 133 -1
obdef
loc3d
        4.93746284305807              0.67295620864423             44.45593643188477     -1
kind
     26     
    83700          153949     
       12.25000000000000  
 OBS            133
      -1.14120313669355
       3.80373452192675
       1.00000000000000
 132 134 -1
obdef
loc3d
        4.93742549337872              0.68866580079864            241.84100341796881     -1
kind
     26     
    83700          153949     
       12.25000000000000  
 OBS            134
       1.91549253709183
      -2.05476729168605
       1.00000000000000
 133 135 -1
obdef
loc3d
        4.94310367286119              0.67063823067780             37.30942153930664     -1
kind
     26     
    83700          153949     
       12.25000000000000  
 OBS            135
       1.16093018463593
       5.34952445092400
       1.00000000000000
 134 136 -1
obdef
loc3d
        4.94312354358950              0.69286317278749            201.84664916992190     -1
kind
     26     
    83700          153949     
       12.25000000000000  
 OBS            136
       4.96242208487794
       5.99987255554660
       1.00000000000000
 135 137 -1
obdef
loc3d
        4.93202293942753              0.69056809921756            124.38476562500000     -1
kind
     26     
    83700          153949     
       12.25000000000000  
 OBS            137
       1.74152298877136
       5.05461032933847
       1.00000000000000
 136 138 -1
obdef
loc3d
        4.93852899085493              0.69282303339671            210.85327148437500     -1
kind
     26     
    83700          153949     
       12.25000000000000  
 OBS            138
       6.27947925660214
       4.53552969059974
       1.00000000000000
 137 139 -1
obdef
loc3d
        4.93925110381924              0.68654477021234            169.40324401855469     -1
kind
     26     
    83700          153949     
       12.25000000000000  
 OBS            139
       1.33428653723242
      -0.39594614130984
       1.00000000000000
 138 140 -1
obdef
loc3d
        4.94561300163474              0.69021407942450            101.67103576660161     -1
kind
     26     
    83700          153949     
       12.25000000000000  
 OBS            140
       3.15433353812558
       0.70570367570583
       1.00000000000000
 139 141 -1
obdef
loc3d
        4.94677761419795              0.66921213830349             30.00000000000000     -1
kind
     26     
    83700          153949     
       12.25000000000000  
 OBS            141
       0.99332914195274
       0.08832843951721
       1.00000000000000
 140 142 -1
obdef
loc3d
        4.91464000802058              0.69220313236118            256.98049926757812     -1
kind
     26     
    83700          153949     
       12.25000000000000  
 OBS            142
      -3.69580913416465
      -0.88451523594562
       1.00000000000000
 141 143 -1
obdef
loc3d
        4.91222840493483              0.69213090540308            311.66015625000000     -1
kind
     26     
    83700          153949     
       12.25000000000000  
 OBS            143
      -5.37046090033118
      -0.23308204439118
       1.00000000000000
 142 144 -1
obdef
loc3d
        4.90319820253832              0.69077085029214            558.21520996093750     -1
kind
     26     
    83700          153949     
       12.25000000000000  
 OBS            144
       0.37751743303988
      -1.37962710114843
       1.00000000000000
 143 145 -1
obdef
loc3d
        4.90548367400941              0.68961427180382            340.45385742187500     -1
kind
     26     
    83700          153949     
       12.25000000000000  
 OBS            145
       0.97688922564014
       0.87875265819795
       1.00000000000000
 144 146 -1
obdef
loc3d
        4.90182808691748              0.69286665451088            711.58941650390625     -1
kind
     26     
    83700          153949     
       12.25000000000000  
 OBS            146
       3.95648946594170
       1.47500061097772
       1.00000000000000
 145 147 -1
obdef
loc3d
        4.92199514385413              0.69211089395115            185.84292602539060     -1
kind
     26     
    83700          153949     
       12.25000000000000  
 OBS            147
       9.62326576650620
       1.52553961088472
       1.00000000000000
 146 148 -1
obdef
loc3d
        4.91709198426003              0.69266703903771            205.88345336914060     -1
kind
     26     
    83700          153949     
       12.25000000000000  
 OBS            148
      -5.29535074131223
      -1.19865891388551
       1.00000000000000
 147 149 -1
obdef
loc3d
        4.91305125126208              0.69031483822850            320.48217773437500     -1
kind
     26     
    83700          153949     
       12.25000000000000  
 OBS            149
      -0.42844863698174
      -0.34217691892266
       1.00000000000000
 148 150 -1
obdef
loc3d
        4.90918301095293              0.69233086407935            229.95614624023440     -1
kind
     26     
    83700          153949     
       12.25000000000000  
 OBS            150
       1.18677071867546
       0.65625012440557
       1.00000000000000
 149 151 -1
obdef
loc3d
        4.90002894620424              0.69031812013417            840.25653076171875     -1
kind
     26     
    83700          153949     
       12.25000000000000  
 OBS            151
     296.07900747477248
     296.56028464571699
       1.00000000000000
 150 152 -1
obdef
loc3d
        4.90540352515539              0.69194112440599            606.33142089843750     -1
kind
     27     
    83700          153949     
        6.25000000000000  
 OBS            152
     299.04594492235958
     298.45400946455197
       1.00000000000000
 151 153 -1
obdef
loc3d
        4.94546412681761              0.68348353984884             17.75631332397461     -1
kind
     27     
    83700          153949     
        6.25000000000000  
 OBS            153
     299.41479785288425
     299.27673179792100
       1.00000000000000
 152 154 -1
obdef
loc3d
        4.94660974174000              0.67744857875853             29.35406684875488     -1
kind
     27     
    83700          153949     
        6.25000000000000  
 OBS            154
     300.16424477376216
     299.81742593646402
       1.00000000000000
 153 155 -1
obdef
loc3d
        4.94648126630843              0.68652865419204             54.82812500000000     -1
kind
     27     
    83700          153949     
        6.25000000000000  
 OBS            155
     299.84881110807885
     299.02393866488802
       1.00000000000000
 154 156 -1
obdef
loc3d
        4.94445426011379              0.68507566758975             62.61011505126953     -1
kind
     27     
    83700          153949     
        6.25000000000000  
 OBS            156
     300.08732819870971
     299.51836045053199
       1.00000000000000
 155 157 -1
obdef
loc3d
        4.94602055174578              0.68752162087271            134.15721130371091     -1
kind
     27     
    83700          153949     
        6.25000000000000  
 OBS            157
     301.66400700175700
     300.99120850021899
       1.00000000000000
 156 158 -1
obdef
loc3d
        4.94603912728501              0.67254511985829             35.00297546386719     -1
kind
     27     
    83700          153949     
        6.25000000000000  
 OBS            158
     300.72671337665480
     301.34639410290299
       1.00000000000000
 157 159 -1
obdef
loc3d
        4.95877904994953              0.67986585977255             17.04111671447754     -1
kind
     27     
    83700          153949     
        6.25000000000000  
 OBS            159
     298.63866469984009
     299.02504381574300
       1.00000000000000
 158 160 -1
obdef
loc3d
        4.93958042817759              0.69095160998657            226.13127136230469     -1
kind
     27     
    83700          153949     
        6.25000000000000  
 OBS            160
     300.88783953779887
     299.64935253053898
       1.00000000000000
 159 161 -1
obdef
loc3d
        4.95756313665553              0.69181797222864             89.84997558593750     -1
kind
     27     
    83700          153949     
        6.25000000000000  
 OBS            161
     299.08866099944601
     298.54761348589301
       1.00000000000000
 160 162 -1
obdef
loc3d
        4.94078657111844              0.67409210989409             60.81152343750000     -1
kind
     27     
    83700          153949     
        6.25000000000000  
 OBS            162
     301.83023965106372
     301.84031350270197
       1.00000000000000
 161 163 -1
obdef
loc3d
        4.95557846691255              0.67267262139613              1.00000000000000     -1
kind
     27     
    83700          153949     
        6.25000000000000  
 OBS            163
     302.00270044744434
     300.53731594530200
       1.00000000000000
 162 164 -1
obdef
loc3d
        4.93193348448080              0.68856418981073            106.00000000000000     -1
kind
     27     
    83700          153949     
        6.25000000000000  
 OBS            164
     292.75213263299582
     295.41009453550703
       1.00000000000000
 163 165 -1
obdef
loc3d
        4.89970838141578              0.68765245249877            785.09423828125000     -1
kind
     27     
    83700          153949     
        6.25000000000000  
 OBS            165
     300.22334467954209
     298.41514182168999
       1.00000000000000
 164 166 -1
obdef
loc3d
        4.95026814558372              0.68993059237416             93.11567687988281     -1
kind
     27     
    83700          153949     
        6.25000000000000  
 OBS            166
     299.07302322934760
     298.35582991901299
       1.00000000000000
 165 167 -1
obdef
loc3d
        4.94174512165160              0.68484635226999            116.56585693359381     -1
kind
     27     
    83700          153949     
        6.25000000000000  
 OBS            167
     300.63044028748635
     300.91603938763700
       1.00000000000000
 166 168 -1
obdef
loc3d
        4.95420735021482              0.68473663912788             15.00000000000000     -1
kind
     27     
    83700          153949     
        6.25000000000000  
 OBS            168
     298.21023739505523
     298.39907523243699
       1.00000000000000
 167 169 -1
obdef
loc3d
        4.93477042118681              0.68310638816012            118.89588928222661     -1
kind
     27     
    83700          153949     
        6.25000000000000  
 OBS            169
     296.65338744983535
     297.43456030938199
       1.00000000000000
 168 170 -1
obdef
loc3d
        4.93795631029682              0.68276407673392            144.94107055664060     -1
kind
     27     
    83700          153949     
        6.25000000000000  
 OBS            170
     297.03014880986927
     297.66959506639103
       1.00000000000000
 169 171 -1
obdef
loc3d
        4.94001671685736              0.68064929967652             43.67281723022461     -1
kind
     27     
    83700          153949     
        6.25000000000000  
 OBS            171
     297.76867104550763
     297.44504013595002
       1.00000000000000
 170 172 -1
obdef
loc3d
        4.94058460161740              0.67807181314514             70.17810058593750     -1
kind
     27     
    83700          153949     
        6.25000000000000  
 OBS            172
     302.39813545503182
     301.59845920868599
       1.00000000000000
 171 173 -1
obdef
loc3d
        4.95423295419494              0.68033176843505              3.71636104583740     -1
kind
     27     
    83700          153949     
        6.25000000000000  
 OBS            173
     304.13420054972681
     302.44880710024398
       1.00000000000000
 172 174 -1
obdef
loc3d
        4.94926894458696              0.66642585587446             10.91526031494141     -1
kind
     27     
    83700          153949     
        6.25000000000000  
 OBS            174
     301.86361196816279
     302.09953208046898
       1.00000000000000
 173 175 -1
obdef
loc3d
        4.96223480186848              0.66700036066835              5.00000000000000     -1
kind
     27     
    83700          153949     
        6.25000000000000  
 OBS            175
     299.65398464823369
     300.04476329201202
       1.00000000000000
 174 176 -1
obdef
loc3d
        4.95546148971009              0.67729393735082              6.17724800109863     -1
kind
     27     
    83700          153949     
        6.25000000000000  
 OBS            176
     301.21863772535824
     301.56765757787099
       1.00000000000000
 175 177 -1
obdef
loc3d
        4.92652723985629              0.69051382381431            146.04148864746091     -1
kind
     27     
    83700          153949     
        6.25000000000000  
 OBS            177
     302.52417681323828
     301.73414652634102
       1.00000000000000
 176 178 -1
obdef
loc3d
        4.96366005344362              0.66920346185787              6.00000000000000     -1
kind
     27     
    83700          153949     
        6.25000000000000  
 OBS            178
     297.11033563817159
     297.85915927996501
       1.00000000000000
 177 179 -1
obdef
loc3d
        4.97052949833720              0.66907739847133              8.84140872955322     -1
kind
     27     
    83700          153949     
        6.25000000000000  
 OBS            179
     299.18022205808307
     299.84310495689903
       1.00000000000000
 178 180 -1
obdef
loc3d
        4.93505853489354              0.69035668900909            163.38452148437500     -1
kind
     27     
    83700          153949     
        6.25000000000000  
 OBS            180
     300.51921934837316
     298.88736674974399
       1.00000000000000
 179 181 -1
obdef
loc3d
        4.93979773523841              0.67259214116167             45.00000000000000     -1
kind
     27     
    83700          153949     
        6.25000000000000  
 OBS            181
     299.36640292696461
     300.16901848330900
       1.00000000000000
 180 182 -1
obdef
loc3d
        4.92901815402419              0.68818595396932            126.56063842773440     -1
kind
     27     
    83700          153949     
        6.25000000000000  
 OBS            182
     301.90168589122823
     299.69397809073399
       1.00000000000000
 181 183 -1
obdef
loc3d
        4.92864050752959              0.68988490592333            360.09008789062500     -1
kind
     27     
    83700          153949     
        6.25000000000000  
 OBS            183
     298.97549726069980
     299.00671775063500
       1.00000000000000
 182 184 -1
obdef
loc3d
        4.94071794293451              0.68880476183725            173.77728271484381     -1
kind
     27     
    83700          153949     
        6.25000000000000  
 OBS            184
     298.36738966082510
     298.57348566698897
       1.00000000000000
 183 185 -1
obdef
loc3d
        4.94475069255349              0.67936922784321             17.10044860839844     -1
kind
     27     
    83700          153949     
        6.25000000000000  
 OBS            185
     298.69954376379883
     298.61589645621802
       1.00000000000000
 184 186 -1
obdef
loc3d
        4.93040524362615              0.68956958577383            472.38653564453119     -1
kind
     27     
    83700          153949     
        6.25000000000000  
 OBS            186
     300.19821103042040
     299.57004377972100
       1.00000000000000
 185 187 -1
obdef
loc3d
        4.93438788521233              0.68743777381223            157.39462280273440     -1
kind
     27     
    83700          153949     
        6.25000000000000  
 OBS            187
     300.09554725975130
     298.77906429094003
       1.00000000000000
 186 188 -1
obdef
loc3d
        4.93003537520636              0.69083454089469            382.75677490234381     -1
kind
     27     
    83700          153949     
        6.25000000000000  
 OBS            188
     299.45393130033057
     298.77931565033703
       1.00000000000000
 187 189 -1
obdef
loc3d
        4.94262489165251              0.68702513034102            130.29710388183591     -1
kind
     27     
    83700          153949     
        6.25000000000000  
 OBS            189
     298.63391702265955
     299.39173088162499
       1.00000000000000
 188 190 -1
obdef
loc3d
        4.93100113789334              0.68653549583784             94.66114807128906     -1
kind
     27     
    83700          153949     
        6.25000000000000  
 OBS            190
     297.91837954923756
     297.92570807920799
       1.00000000000000
 189 191 -1
obdef
loc3d
        4.94000002935902              0.67612888350011             59.69976806640625     -1
kind
     27     
    83700          153949     
        6.25000000000000  
 OBS            191
     298.72003721240350
     297.71683673774800
       1.00000000000000
 190 192 -1
obdef
loc3d
        4.94231604692662              0.69077376274482            190.83442687988281     -1
kind
     27     
    83700          153949     
        6.25000000000000  
 OBS            192
     299.71812991069180
     300.33897579471500
       1.00000000000000
 191 193 -1
obdef
loc3d
        4.93554247635603              0.69268257167582            131.09960937500000     -1
kind
     27     
    83700          153949     
        6.25000000000000  
 OBS            193
     296.50418507793950
     297.40816892884999
       1.00000000000000
 192 194 -1
obdef
loc3d
        4.94069913477896              0.68279864123905            131.77731323242190     -1
kind
     27     
    83700          153949     
        6.25000000000000  
 OBS            194
     299.73947933312922
     299.80514698337299
       1.00000000000000
 193 195 -1
obdef
loc3d
        4.94367854378329              0.67420565331297             56.55799865722656     -1
kind
     27     
    83700          153949     
        6.25000000000000  
 OBS            195
     298.00226735645742
     298.17730999126502
       1.00000000000000
 194 196 -1
obdef
loc3d
        4.93814984943932              0.67457436016830             39.55386734008789     -1
kind
     27     
    83700          153949     
        6.25000000000000  
 OBS            196
     298.73896001729520
     297.70353570666498
       1.00000000000000
 195 197 -1
obdef
loc3d
        4.94253566982520              0.68065092526894             48.56933593750000     -1
kind
     27     
    83700          153949     
        6.25000000000000  
 OBS            197
     297.52729761576495
     297.64975258037498
       1.00000000000000
 196 198 -1
obdef
loc3d
        4.93593154408741              0.68080949477360             85.35743713378906     -1
kind
     27     
    83700          153949     
        6.25000000000000  
 OBS            198
     296.96151450908127
     297.24731198345899
       1.00000000000000
 197 199 -1
obdef
loc3d
        4.94758068519446              0.69282395273635            179.51908874511719     -1
kind
     27     
    83700          153949     
        6.25000000000000  
 OBS            199
     297.34919229768911
     298.75676034828001
       1.00000000000000
 198 200 -1
obdef
loc3d
        4.93541634697774              0.67261831698898             21.54207611083984     -1
kind
     27     
    83700          153949     
        6.25000000000000  
 OBS            200
     298.71223388792112
     298.87001125542400
       1.00000000000000
 199 201 -1
obdef
loc3d
        4.93342752395137              0.68533697059699            120.48287200927730     -1
kind
     27     
    83700          153949     
        6.25000000000000  
 OBS            201
     302.16063283903748
     301.88064573756600
       1.00000000000000
 200 202 -1
obdef
loc3d
        4.92811551620144              0.69141391763145            189.00242614746091     -1
kind
     27     
    83700          153949     
        6.25000000000000  
 OBS            202
     297.08024588819342
     298.41742812750999
       1.00000000000000
 201 203 -1
obdef
loc3d
        4.94328780634786              0.67761918906629             21.61136627197266     -1
kind
     27     
    83700          153949     
        6.25000000000000  
 OBS            203
     298.32844245066377
     297.98867269820602
       1.00000000000000
 202 204 -1
obdef
loc3d
        4.93617130041664              0.68578341426755            199.41349792480469     -1
kind
     27     
    83700          153949     
        6.25000000000000  
 OBS            204
     298.31132969126759
     298.24764041178503
       1.00000000000000
 203 205 -1
obdef
loc3d
        4.94488890698391              0.68151038983677             42.34177017211914     -1
kind
     27     
    83700          153949     
        6.25000000000000  
 OBS            205
     299.64016407412197
     300.04881789230598
       1.00000000000000
 204 206 -1
obdef
loc3d
        4.94610769319308              0.67540343249948             44.88281250000000     -1
kind
     27     
    83700          153949     
        6.25000000000000  
 OBS            206
     301.21408977596332
     300.14511488736400
       1.00000000000000
 205 207 -1
obdef
loc3d
        4.93098289428918              0.69278368564599            411.59194946289062     -1
kind
     27     
    83700          153949     
        6.25000000000000  
 OBS            207
     298.60663757694311
     298.70655978558301
       1.00000000000000
 206 208 -1
obdef
loc3d
        4.93746284305807              0.67295620864423             44.45593643188477     -1
kind
     27     
    83700          153949     
        6.25000000000000  
 OBS            208
     299.40177152608220
     299.17172238876498
       1.00000000000000
 207 209 -1
obdef
loc3d
        4.93742549337872              0.68866580079864            241.84100341796881     -1
kind
     27     
    83700          153949     
        6.25000000000000  
 OBS            209
     303.69062886901798
     302.90197796058999
       1.00000000000000
 208 210 -1
obdef
loc3d
        4.94310367286119              0.67063823067780             37.30942153930664     -1
kind
     27     
    83700          153949     
        6.25000000000000  
 OBS            210
     296.95155345347723
     296.97918905719098
       1.00000000000000
 209 211 -1
obdef
loc3d
        4.94312354358950              0.69286317278749            201.84664916992190     -1
kind
     27     
    83700          153949     
        6.25000000000000  
 OBS            211
     300.25307221188592
     300.16789941251398
       1.00000000000000
 210 212 -1
obdef
loc3d
        4.93202293942753              0.69056809921756            124.38476562500000     -1
kind
     27     
    83700          153949     
        6.25000000000000  
 OBS            212
     301.49187682342279
     299.43331435263798
       1.00000000000000
 211 213 -1
obdef
loc3d
        4.93852899085493              0.69282303339671            210.85327148437500     -1
kind
     27     
    83700          153949     
        6.25000000000000  
 OBS            213
     297.19262343514254
     298.54842518417598
       1.00000000000000
 212 214 -1
obdef
loc3d
        4.93925110381924              0.68654477021234            169.40324401855469     -1
kind
     27     
    83700          153949     
        6.25000000000000  
 OBS            214
     298.56575524425352
     298.93784348274397
       1.00000000000000
 213 215 -1
obdef
loc3d
        4.94561300163474              0.69021407942450            101.67103576660161     -1
kind
     27     
    83700          153949     
        6.25000000000000  
 OBS            215
     304.13541388693454
     304.99528122720500
       1.00000000000000
 214 216 -1
obdef
loc3d
        4.94677761419795              0.66921213830349             30.00000000000000     -1
kind
     27     
    83700          153949     
        6.25000000000000  
 OBS            216
     300.98117803083863
     300.86941204161701
       1.00000000000000
 215 217 -1
obdef
loc3d
        4.91464000802058              0.69220313236118            256.98049926757812     -1
kind
     27     
    83700          153949     
        6.25000000000000  
 OBS            217
     299.07034373714163
     299.04864628184600
       1.00000000000000
 216 218 -1
obdef
loc3d
        4.91222840493483              0.69213090540308            311.66015625000000     -1
kind
     27     
    83700          153949     
        6.25000000000000  
 OBS            218
     295.76519559967130
     295.51640136752502
       1.00000000000000
 217 219 -1
obdef
loc3d
        4.90319820253832              0.69077085029214            558.21520996093750     -1
kind
     27     
    83700          153949     
        6.25000000000000  
 OBS            219
     298.60749949657253
     298.68308943855698
       1.00000000000000
 218 220 -1
obdef
loc3d
        4.90548367400941              0.68961427180382            340.45385742187500     -1
kind
     27     
    83700          153949     
        6.25000000000000  
 OBS            220
     298.52533882102051
     297.14056239154098
       1.00000000000000
 219 221 -1
obdef
loc3d
        4.90182808691748              0.69286665451088            711.58941650390625     -1
kind
     27     
    83700          153949     
        6.25000000000000  
 OBS            221
     302.94593224280300
     304.49146129516998
       1.00000000000000
 220 222 -1
obdef
loc3d
        4.92199514385413              0.69211089395115            185.84292602539060     -1
kind
     27     
    83700          153949     
        6.25000000000000  
 OBS            222
     302.60978722533923
     303.56535920046201
       1.00000000000000
 221 223 -1
obdef
loc3d
        4.91709198426003              0.69266703903771            205.88345336914060     -1
kind
     27     
    83700          153949     
        6.25000000000000  
 OBS            223
     298.98801631204242
     300.19234624045703
       1.00000000000000
 222 224 -1
obdef
loc3d
        4.91305125126208              0.69031483822850            320.48217773437500     -1
kind
     27     
    83700          153949     
        6.25000000000000  
 OBS            224
     298.94394599411811
     299.23413717665198
       1.00000000000000
 223 225 -1
obdef
loc3d
        4.90918301095293              0.69233086407935            229.95614624023440     -1
kind
     27     
    83700          153949     
        6.25000000000000  
 OBS            225
     295.94377521484495
     294.77685217899699
       1.00000000000000
 224 -1 -1
obdef
loc3d
        4.90002894620424              0.69031812013417            840.25653076171875     -1
kind
     27     
    83700          153949     
        6.25000000000000  
