 obs_sequence
obs_kind_definitions
       3
    25          LAND_SFC_U_WIND_COMPONENT   
    26          LAND_SFC_V_WIND_COMPONENT   
    27          LAND_SFC_TEMPERATURE   
  num_copies:            2  num_qc:            1
 num_obs:       225  max_num_obs:       225
observations
truth
QC radar
  first:            1  last:       225
 OBS            1
       7.06587973797729
       4.01546011991438
       1.00000000000000
 -1 2 -1
obdef
loc3d
        4.90540352515539              0.69194112440599            606.33142089843750     -1
kind
     25     
    56700          153949     
       12.25000000000000  
 OBS            2
       2.42994885788307
       2.31663806998451
       1.00000000000000
 1 3 -1
obdef
loc3d
        4.94546412681761              0.68348353984884             17.75631332397461     -1
kind
     25     
    56700          153949     
       12.25000000000000  
 OBS            3
       5.46285069561653
       2.19388569851765
       1.00000000000000
 2 4 -1
obdef
loc3d
        4.94660974174000              0.67744857875853             29.35406684875488     -1
kind
     25     
    56700          153949     
       12.25000000000000  
 OBS            4
       3.63764823892783
       1.06385414923608
       1.00000000000000
 3 5 -1
obdef
loc3d
        4.94648126630843              0.68652865419204             54.82812500000000     -1
kind
     25     
    56700          153949     
       12.25000000000000  
 OBS            5
      -2.91447929211968
       2.18227596666805
       1.00000000000000
 4 6 -1
obdef
loc3d
        4.94445426011379              0.68507566758975             62.61011505126953     -1
kind
     25     
    56700          153949     
       12.25000000000000  
 OBS            6
       4.77072792642165
       2.94096093669575
       1.00000000000000
 5 7 -1
obdef
loc3d
        4.94602055174578              0.68752162087271            134.15721130371091     -1
kind
     25     
    56700          153949     
       12.25000000000000  
 OBS            7
       3.60145549171795
       3.28535082564497
       1.00000000000000
 6 8 -1
obdef
loc3d
        4.94603912728501              0.67254511985829             35.00297546386719     -1
kind
     25     
    56700          153949     
       12.25000000000000  
 OBS            8
      -0.11449223570715
       3.89052400474413
       1.00000000000000
 7 9 -1
obdef
loc3d
        4.95877904994953              0.67986585977255             17.04111671447754     -1
kind
     25     
    56700          153949     
       12.25000000000000  
 OBS            9
       7.89497915266744
       3.55740540901425
       1.00000000000000
 8 10 -1
obdef
loc3d
        4.93958042817759              0.69095160998657            226.13127136230469     -1
kind
     25     
    56700          153949     
       12.25000000000000  
 OBS            10
       2.09061469452951
       1.53403243524173
       1.00000000000000
 9 11 -1
obdef
loc3d
        4.95756313665553              0.69181797222864             89.84997558593750     -1
kind
     25     
    56700          153949     
       12.25000000000000  
 OBS            11
       4.02098768765285
       2.16939174775544
       1.00000000000000
 10 12 -1
obdef
loc3d
        4.94078657111844              0.67409210989409             60.81152343750000     -1
kind
     25     
    56700          153949     
       12.25000000000000  
 OBS            12
      -0.96070808467294
       2.86024016422536
       1.00000000000000
 11 13 -1
obdef
loc3d
        4.95557846691255              0.67267262139613              1.00000000000000     -1
kind
     25     
    56700          153949     
       12.25000000000000  
 OBS            13
       9.16542127043054
       2.71272882250723
       1.00000000000000
 12 14 -1
obdef
loc3d
        4.93193348448080              0.68856418981073            106.00000000000000     -1
kind
     25     
    56700          153949     
       12.25000000000000  
 OBS            14
       7.33182738894136
       4.72738585554039
       1.00000000000000
 13 15 -1
obdef
loc3d
        4.89970838141578              0.68765245249877            785.09423828125000     -1
kind
     25     
    56700          153949     
       12.25000000000000  
 OBS            15
       7.15042002035754
       2.90388071495194
       1.00000000000000
 14 16 -1
obdef
loc3d
        4.95026814558372              0.68993059237416             93.11567687988281     -1
kind
     25     
    56700          153949     
       12.25000000000000  
 OBS            16
       0.05806264600393
       3.49440232069192
       1.00000000000000
 15 17 -1
obdef
loc3d
        4.94174512165160              0.68484635226999            116.56585693359381     -1
kind
     25     
    56700          153949     
       12.25000000000000  
 OBS            17
      -1.04942671144065
       2.48959553266277
       1.00000000000000
 16 18 -1
obdef
loc3d
        4.95420735021482              0.68473663912788             15.00000000000000     -1
kind
     25     
    56700          153949     
       12.25000000000000  
 OBS            18
       2.30091335748307
       2.91339226844070
       1.00000000000000
 17 19 -1
obdef
loc3d
        4.93477042118681              0.68310638816012            118.89588928222661     -1
kind
     25     
    56700          153949     
       12.25000000000000  
 OBS            19
       4.78342105086721
       3.76811913905494
       1.00000000000000
 18 20 -1
obdef
loc3d
        4.93795631029682              0.68276407673392            144.94107055664060     -1
kind
     25     
    56700          153949     
       12.25000000000000  
 OBS            20
      -0.57221921904552
       2.37760851522988
       1.00000000000000
 19 21 -1
obdef
loc3d
        4.94001671685736              0.68064929967652             43.67281723022461     -1
kind
     25     
    56700          153949     
       12.25000000000000  
 OBS            21
       2.94962441264016
       2.55169055433342
       1.00000000000000
 20 22 -1
obdef
loc3d
        4.94058460161740              0.67807181314514             70.17810058593750     -1
kind
     25     
    56700          153949     
       12.25000000000000  
 OBS            22
      -1.75963261876820
       3.71968195623108
       1.00000000000000
 21 23 -1
obdef
loc3d
        4.95423295419494              0.68033176843505              3.71636104583740     -1
kind
     25     
    56700          153949     
       12.25000000000000  
 OBS            23
      -0.62594246630810
       2.34787822915461
       1.00000000000000
 22 24 -1
obdef
loc3d
        4.94926894458696              0.66642585587446             10.91526031494141     -1
kind
     25     
    56700          153949     
       12.25000000000000  
 OBS            24
       3.58667364967504
       4.35627059150601
       1.00000000000000
 23 25 -1
obdef
loc3d
        4.96223480186848              0.66700036066835              5.00000000000000     -1
kind
     25     
    56700          153949     
       12.25000000000000  
 OBS            25
       0.99985268201961
       4.20163402637131
       1.00000000000000
 24 26 -1
obdef
loc3d
        4.95546148971009              0.67729393735082              6.17724800109863     -1
kind
     25     
    56700          153949     
       12.25000000000000  
 OBS            26
       1.40671089675136
       2.94072757342767
       1.00000000000000
 25 27 -1
obdef
loc3d
        4.92652723985629              0.69051382381431            146.04148864746091     -1
kind
     25     
    56700          153949     
       12.25000000000000  
 OBS            27
      11.99783122466353
       3.96457248586576
       1.00000000000000
 26 28 -1
obdef
loc3d
        4.96366005344362              0.66920346185787              6.00000000000000     -1
kind
     25     
    56700          153949     
       12.25000000000000  
 OBS            28
       4.52702776651445
       3.61985150439895
       1.00000000000000
 27 29 -1
obdef
loc3d
        4.97052949833720              0.66907739847133              8.84140872955322     -1
kind
     25     
    56700          153949     
       12.25000000000000  
 OBS            29
       4.63085801956170
       2.77881184001916
       1.00000000000000
 28 30 -1
obdef
loc3d
        4.93727739535368              0.69277976810143            187.24655151367190     -1
kind
     25     
    56700          153949     
       12.25000000000000  
 OBS            30
       0.84667733454266
       2.13749031913441
       1.00000000000000
 29 31 -1
obdef
loc3d
        4.94575592838423              0.68143846111579             35.01654815673828     -1
kind
     25     
    56700          153949     
       12.25000000000000  
 OBS            31
      -4.87723902915711
       2.75943640771299
       1.00000000000000
 30 32 -1
obdef
loc3d
        4.93184075890513              0.68784163962489             92.58054351806641     -1
kind
     25     
    56700          153949     
       12.25000000000000  
 OBS            32
      -0.48502050078079
       3.57857874479102
       1.00000000000000
 31 33 -1
obdef
loc3d
        4.94081711590956              0.68854862967758            162.55853271484381     -1
kind
     25     
    56700          153949     
       12.25000000000000  
 OBS            33
       2.79669791371817
       2.53969660487623
       1.00000000000000
 32 34 -1
obdef
loc3d
        4.94249854456299              0.67650785339572             60.39866638183594     -1
kind
     25     
    56700          153949     
       12.25000000000000  
 OBS            34
       3.25879881031956
       3.26390091211970
       1.00000000000000
 33 35 -1
obdef
loc3d
        4.93162931041089              0.68282844530430             93.04485321044922     -1
kind
     25     
    56700          153949     
       12.25000000000000  
 OBS            35
       2.81007383062911
       2.87194694412748
       1.00000000000000
 34 36 -1
obdef
loc3d
        4.93293180012842              0.69147876068069            106.50605773925780     -1
kind
     25     
    56700          153949     
       12.25000000000000  
 OBS            36
      -1.37115429468164
       2.61547465930160
       1.00000000000000
 35 37 -1
obdef
loc3d
        4.94231542915734              0.67925336633936             45.80761718750000     -1
kind
     25     
    56700          153949     
       12.25000000000000  
 OBS            37
       4.18320645615369
       3.31737784453782
       1.00000000000000
 36 38 -1
obdef
loc3d
        4.94267046375275              0.67009027494016             28.73577499389648     -1
kind
     25     
    56700          153949     
       12.25000000000000  
 OBS            38
       0.34481315219113
       2.79772854148123
       1.00000000000000
 37 39 -1
obdef
loc3d
        4.95301390972552              0.69283749825579             93.74549102783203     -1
kind
     25     
    56700          153949     
       12.25000000000000  
 OBS            39
       6.44715309542006
       3.41650411182311
       1.00000000000000
 38 40 -1
obdef
loc3d
        4.93993476658470              0.67588412939320             29.35707092285156     -1
kind
     25     
    56700          153949     
       12.25000000000000  
 OBS            40
       0.96894945731899
       2.18186106986020
       1.00000000000000
 39 41 -1
obdef
loc3d
        4.93755681423869              0.67212761520231             23.80049896240234     -1
kind
     25     
    56700          153949     
       12.25000000000000  
 OBS            41
       5.52014849769610
       3.81523474660476
       1.00000000000000
 40 42 -1
obdef
loc3d
        4.93524778363115              0.68687961042640            201.53530883789060     -1
kind
     25     
    56700          153949     
       12.25000000000000  
 OBS            42
       7.85010472763775
       3.19844018875806
       1.00000000000000
 41 43 -1
obdef
loc3d
        4.94487715611266              0.69284945127485            184.54177856445310     -1
kind
     25     
    56700          153949     
       12.25000000000000  
 OBS            43
       1.29448220634964
       2.51466381042960
       1.00000000000000
 42 44 -1
obdef
loc3d
        4.93574679201688              0.68074234291388             92.12267303466797     -1
kind
     25     
    56700          153949     
       12.25000000000000  
 OBS            44
       3.76489505261651
       3.95459084073713
       1.00000000000000
 43 45 -1
obdef
loc3d
        4.93948311897746              0.68677523412020            143.54531860351560     -1
kind
     25     
    56700          153949     
       12.25000000000000  
 OBS            45
       0.26868922951792
       3.61271350212567
       1.00000000000000
 44 46 -1
obdef
loc3d
        4.93535147134114              0.68874818734546            154.91955566406250     -1
kind
     25     
    56700          153949     
       12.25000000000000  
 OBS            46
      -2.66311809014244
       3.61090416951313
       1.00000000000000
 45 47 -1
obdef
loc3d
        4.93998720508067              0.67099618858999             15.00000000000000     -1
kind
     25     
    56700          153949     
       12.25000000000000  
 OBS            47
       3.19325177004159
       1.65891564163634
       1.00000000000000
 46 48 -1
obdef
loc3d
        4.95377154670010              0.68841616298427              1.00000000000000     -1
kind
     25     
    56700          153949     
       12.25000000000000  
 OBS            48
       4.60660446757092
       2.21575051217054
       1.00000000000000
 47 49 -1
obdef
loc3d
        4.94369600674710              0.67424831199146             56.55799865722656     -1
kind
     25     
    56700          153949     
       12.25000000000000  
 OBS            49
       2.31362673319111
       2.55380635411565
       1.00000000000000
 48 50 -1
obdef
loc3d
        4.94554915949750              0.67592825057405             27.37830162048340     -1
kind
     25     
    56700          153949     
       12.25000000000000  
 OBS            50
       0.74708629440216
       4.22265902549111
       1.00000000000000
 49 51 -1
obdef
loc3d
        4.93817225910204              0.68863985936718            220.11502075195310     -1
kind
     25     
    56700          153949     
       12.25000000000000  
 OBS            51
       4.00124847998076
       2.97993290318847
       1.00000000000000
 50 52 -1
obdef
loc3d
        4.94679227765370              0.67424304503817             25.38815879821777     -1
kind
     25     
    56700          153949     
       12.25000000000000  
 OBS            52
       4.06266301909981
       2.68848710653007
       1.00000000000000
 51 53 -1
obdef
loc3d
        4.93825175772606              0.67415674930066             45.00000000000000     -1
kind
     25     
    56700          153949     
       12.25000000000000  
 OBS            53
       2.46420840833904
       3.59861162555002
       1.00000000000000
 52 54 -1
obdef
loc3d
        4.94311892630401              0.68721450203000            155.69055175781250     -1
kind
     25     
    56700          153949     
       12.25000000000000  
 OBS            54
       5.90609242607322
       2.23921591717276
       1.00000000000000
 53 55 -1
obdef
loc3d
        4.94449382724881              0.67792071808206             14.15527343750000     -1
kind
     25     
    56700          153949     
       12.25000000000000  
 OBS            55
      12.47366967202018
       3.78273455994623
       1.00000000000000
 54 56 -1
obdef
loc3d
        4.94565692959859              0.66987151098961             30.00000000000000     -1
kind
     25     
    56700          153949     
       12.25000000000000  
 OBS            56
       3.37954631472914
       3.81740929652526
       1.00000000000000
 55 57 -1
obdef
loc3d
        4.93623940611723              0.68485115788194            160.48159790039060     -1
kind
     25     
    56700          153949     
       12.25000000000000  
 OBS            57
       2.34703020475935
       2.54127659179089
       1.00000000000000
 56 58 -1
obdef
loc3d
        4.93207688179052              0.69191340558627            266.88421630859381     -1
kind
     25     
    56700          153949     
       12.25000000000000  
 OBS            58
       4.04815907522340
       3.81205961667912
       1.00000000000000
 57 59 -1
obdef
loc3d
        4.94337184525690              0.69048472086632            168.92642211914060     -1
kind
     25     
    56700          153949     
       12.25000000000000  
 OBS            59
       4.59686930370565
       3.68382519298212
       1.00000000000000
 58 60 -1
obdef
loc3d
        4.93083275656657              0.69156409584246            530.37139892578125     -1
kind
     25     
    56700          153949     
       12.25000000000000  
 OBS            60
       0.38772066779281
       2.20939664969430
       1.00000000000000
 59 61 -1
obdef
loc3d
        4.93576715774405              0.67026358084744             15.00000000000000     -1
kind
     25     
    56700          153949     
       12.25000000000000  
 OBS            61
       6.15384798529274
       3.30053948585493
       1.00000000000000
 60 62 -1
obdef
loc3d
        4.94676264345478              0.69035499858378            170.37097167968750     -1
kind
     25     
    56700          153949     
       12.25000000000000  
 OBS            62
       4.92407536078414
       3.95293231637446
       1.00000000000000
 61 63 -1
obdef
loc3d
        4.94046883892718              0.69230960363225            232.29916381835940     -1
kind
     25     
    56700          153949     
       12.25000000000000  
 OBS            63
       2.81944172599778
       3.31736918728069
       1.00000000000000
 62 64 -1
obdef
loc3d
        4.94668005348904              0.66792517272334             30.00000000000000     -1
kind
     25     
    56700          153949     
       12.25000000000000  
 OBS            64
       5.14494599305021
       2.77926733452918
       1.00000000000000
 63 65 -1
obdef
loc3d
        4.93142664351951              0.69067116425814            352.18109130859381     -1
kind
     25     
    56700          153949     
       12.25000000000000  
 OBS            65
       2.51961472882844
       3.10207090402729
       1.00000000000000
 64 66 -1
obdef
loc3d
        4.93315860158957              0.69236546390432            148.09797668457031     -1
kind
     25     
    56700          153949     
       12.25000000000000  
 OBS            66
       2.94772786953197
       2.05726663614091
       1.00000000000000
 65 67 -1
obdef
loc3d
        4.94330474517536              0.68101851702487             28.94674682617188     -1
kind
     25     
    56700          153949     
       12.25000000000000  
 OBS            67
      -0.78582257524802
       3.30101697617155
       1.00000000000000
 66 68 -1
obdef
loc3d
        4.93900329796962              0.68465687192145            135.10733032226560     -1
kind
     25     
    56700          153949     
       12.25000000000000  
 OBS            68
       1.09248263994873
       3.50265912609219
       1.00000000000000
 67 69 -1
obdef
loc3d
        4.94044166392076              0.68262352587105            131.77731323242190     -1
kind
     25     
    56700          153949     
       12.25000000000000  
 OBS            69
       5.43554181372534
       2.87502999799316
       1.00000000000000
 68 70 -1
obdef
loc3d
        4.92619210793233              0.68978851614430            140.91706848144531     -1
kind
     25     
    56700          153949     
       12.25000000000000  
 OBS            70
       4.13952627154516
       2.86405556073443
       1.00000000000000
 69 71 -1
obdef
loc3d
        4.94963312081941              0.66996996266355             29.99300956726074     -1
kind
     25     
    56700          153949     
       12.25000000000000  
 OBS            71
       3.71173466216096
       2.69059906735339
       1.00000000000000
 70 72 -1
obdef
loc3d
        4.92700392971737              0.68887132383449            128.38885498046881     -1
kind
     25     
    56700          153949     
       12.25000000000000  
 OBS            72
       4.49899898142896
       3.33192433311709
       1.00000000000000
 71 73 -1
obdef
loc3d
        4.94246333188258              0.67229541033138             45.31371688842773     -1
kind
     25     
    56700          153949     
       12.25000000000000  
 OBS            73
       0.78397690660429
       1.40851631705585
       1.00000000000000
 72 74 -1
obdef
loc3d
        4.94297820410103              0.68302629331082             53.72113800048828     -1
kind
     25     
    56700          153949     
       12.25000000000000  
 OBS            74
      -3.00668156637687
       2.56442699039722
       1.00000000000000
 73 75 -1
obdef
loc3d
        4.94625467437127              0.67931016686449             42.11843872070312     -1
kind
     25     
    56700          153949     
       12.25000000000000  
 OBS            75
       1.47564119931411
       3.02382890822494
       1.00000000000000
 74 76 -1
obdef
loc3d
        4.93718236751881              0.69150375136553            153.15858459472659     -1
kind
     25     
    56700          153949     
       12.25000000000000  
 OBS            76
       1.89445928140962
      -0.57663604685266
       1.00000000000000
 75 77 -1
obdef
loc3d
        4.90540352515539              0.69194112440599            606.33142089843750     -1
kind
     26     
    56700          153949     
       12.25000000000000  
 OBS            77
      -0.15683406217653
       2.80115711260052
       1.00000000000000
 76 78 -1
obdef
loc3d
        4.94546412681761              0.68348353984884             17.75631332397461     -1
kind
     26     
    56700          153949     
       12.25000000000000  
 OBS            78
       2.94178698935711
       2.18126375961201
       1.00000000000000
 77 79 -1
obdef
loc3d
        4.94660974174000              0.67744857875853             29.35406684875488     -1
kind
     26     
    56700          153949     
       12.25000000000000  
 OBS            79
      -0.44627059718472
       3.14540439815198
       1.00000000000000
 78 80 -1
obdef
loc3d
        4.94648126630843              0.68652865419204             54.82812500000000     -1
kind
     26     
    56700          153949     
       12.25000000000000  
 OBS            80
       6.39948009282616
       1.58816999096691
       1.00000000000000
 79 81 -1
obdef
loc3d
        4.94445426011379              0.68507566758975             62.61011505126953     -1
kind
     26     
    56700          153949     
       12.25000000000000  
 OBS            81
       0.53214323848186
       2.30269734063860
       1.00000000000000
 80 82 -1
obdef
loc3d
        4.94602055174578              0.68752162087271            134.15721130371091     -1
kind
     26     
    56700          153949     
       12.25000000000000  
 OBS            82
       3.83273567436332
       2.45506567257672
       1.00000000000000
 81 83 -1
obdef
loc3d
        4.94603912728501              0.67254511985829             35.00297546386719     -1
kind
     26     
    56700          153949     
       12.25000000000000  
 OBS            83
       3.58954143386504
       3.92937503253158
       1.00000000000000
 82 84 -1
obdef
loc3d
        4.95877904994953              0.67986585977255             17.04111671447754     -1
kind
     26     
    56700          153949     
       12.25000000000000  
 OBS            84
       4.94462126204878
       1.39674226517812
       1.00000000000000
 83 85 -1
obdef
loc3d
        4.93958042817759              0.69095160998657            226.13127136230469     -1
kind
     26     
    56700          153949     
       12.25000000000000  
 OBS            85
       7.99462803824552
       3.67965741998308
       1.00000000000000
 84 86 -1
obdef
loc3d
        4.95756313665553              0.69181797222864             89.84997558593750     -1
kind
     26     
    56700          153949     
       12.25000000000000  
 OBS            86
       0.74511594277625
       2.63033457509871
       1.00000000000000
 85 87 -1
obdef
loc3d
        4.94078657111844              0.67409210989409             60.81152343750000     -1
kind
     26     
    56700          153949     
       12.25000000000000  
 OBS            87
      10.00822513935712
       5.22884337018098
       1.00000000000000
 86 88 -1
obdef
loc3d
        4.95557846691255              0.67267262139613              1.00000000000000     -1
kind
     26     
    56700          153949     
       12.25000000000000  
 OBS            88
       3.66374969136876
       1.79776171942904
       1.00000000000000
 87 89 -1
obdef
loc3d
        4.93193348448080              0.68856418981073            106.00000000000000     -1
kind
     26     
    56700          153949     
       12.25000000000000  
 OBS            89
      -2.16900943694577
       0.52330091457803
       1.00000000000000
 88 90 -1
obdef
loc3d
        4.89970838141578              0.68765245249877            785.09423828125000     -1
kind
     26     
    56700          153949     
       12.25000000000000  
 OBS            90
      -0.81608907072434
       0.93594174424387
       1.00000000000000
 89 91 -1
obdef
loc3d
        4.95026814558372              0.68993059237416             93.11567687988281     -1
kind
     26     
    56700          153949     
       12.25000000000000  
 OBS            91
      -0.34869692734096
       1.39034943936819
       1.00000000000000
 90 92 -1
obdef
loc3d
        4.94174512165160              0.68484635226999            116.56585693359381     -1
kind
     26     
    56700          153949     
       12.25000000000000  
 OBS            92
       3.48739833798190
       3.68203850482664
       1.00000000000000
 91 93 -1
obdef
loc3d
        4.95420735021482              0.68473663912788             15.00000000000000     -1
kind
     26     
    56700          153949     
       12.25000000000000  
 OBS            93
      -1.02057470034662
       1.34399124717182
       1.00000000000000
 92 94 -1
obdef
loc3d
        4.93477042118681              0.68310638816012            118.89588928222661     -1
kind
     26     
    56700          153949     
       12.25000000000000  
 OBS            94
      -4.28956577842045
       0.77968421525600
       1.00000000000000
 93 95 -1
obdef
loc3d
        4.93795631029682              0.68276407673392            144.94107055664060     -1
kind
     26     
    56700          153949     
       12.25000000000000  
 OBS            95
       5.33452813133266
       2.36150264311434
       1.00000000000000
 94 96 -1
obdef
loc3d
        4.94001671685736              0.68064929967652             43.67281723022461     -1
kind
     26     
    56700          153949     
       12.25000000000000  
 OBS            96
       3.79903180967501
       2.42507503439985
       1.00000000000000
 95 97 -1
obdef
loc3d
        4.94058460161740              0.67807181314514             70.17810058593750     -1
kind
     26     
    56700          153949     
       12.25000000000000  
 OBS            97
      -0.04106592841208
       3.64479322319410
       1.00000000000000
 96 98 -1
obdef
loc3d
        4.95423295419494              0.68033176843505              3.71636104583740     -1
kind
     26     
    56700          153949     
       12.25000000000000  
 OBS            98
       7.41918068655279
       4.61765567184165
       1.00000000000000
 97 99 -1
obdef
loc3d
        4.94926894458696              0.66642585587446             10.91526031494141     -1
kind
     26     
    56700          153949     
       12.25000000000000  
 OBS            99
       7.17447143766172
       5.55218494718758
       1.00000000000000
 98 100 -1
obdef
loc3d
        4.96223480186848              0.66700036066835              5.00000000000000     -1
kind
     26     
    56700          153949     
       12.25000000000000  
 OBS            100
       5.65728841821093
       3.95247387581808
       1.00000000000000
 99 101 -1
obdef
loc3d
        4.95546148971009              0.67729393735082              6.17724800109863     -1
kind
     26     
    56700          153949     
       12.25000000000000  
 OBS            101
       0.07396553412431
       0.78591338699220
       1.00000000000000
 100 102 -1
obdef
loc3d
        4.92652723985629              0.69051382381431            146.04148864746091     -1
kind
     26     
    56700          153949     
       12.25000000000000  
 OBS            102
       6.44928061683955
       4.62106050470884
       1.00000000000000
 101 103 -1
obdef
loc3d
        4.96366005344362              0.66920346185787              6.00000000000000     -1
kind
     26     
    56700          153949     
       12.25000000000000  
 OBS            103
       7.66777716202377
       5.50507858403684
       1.00000000000000
 102 104 -1
obdef
loc3d
        4.97052949833720              0.66907739847133              8.84140872955322     -1
kind
     26     
    56700          153949     
       12.25000000000000  
 OBS            104
       5.70166999102174
       1.45369593744316
       1.00000000000000
 103 105 -1
obdef
loc3d
        4.93727739535368              0.69277976810143            187.24655151367190     -1
kind
     26     
    56700          153949     
       12.25000000000000  
 OBS            105
       3.87300990064301
       2.26247841567986
       1.00000000000000
 104 106 -1
obdef
loc3d
        4.94575592838423              0.68143846111579             35.01654815673828     -1
kind
     26     
    56700          153949     
       12.25000000000000  
 OBS            106
       2.05566341639399
       1.42306425326174
       1.00000000000000
 105 107 -1
obdef
loc3d
        4.93184075890513              0.68784163962489             92.58054351806641     -1
kind
     26     
    56700          153949     
       12.25000000000000  
 OBS            107
       1.72081144236725
       1.63567168194682
       1.00000000000000
 106 108 -1
obdef
loc3d
        4.94081711590956              0.68854862967758            162.55853271484381     -1
kind
     26     
    56700          153949     
       12.25000000000000  
 OBS            108
       0.79560351445541
       1.97905037207788
       1.00000000000000
 107 109 -1
obdef
loc3d
        4.94249854456299              0.67650785339572             60.39866638183594     -1
kind
     26     
    56700          153949     
       12.25000000000000  
 OBS            109
       2.42804911603445
       0.78920684414849
       1.00000000000000
 108 110 -1
obdef
loc3d
        4.93162931041089              0.68282844530430             93.04485321044922     -1
kind
     26     
    56700          153949     
       12.25000000000000  
 OBS            110
       0.99216457380163
       0.41444803114976
       1.00000000000000
 109 111 -1
obdef
loc3d
        4.93293180012842              0.69147876068069            106.50605773925780     -1
kind
     26     
    56700          153949     
       12.25000000000000  
 OBS            111
       1.99299232175864
       1.20012622180181
       1.00000000000000
 110 112 -1
obdef
loc3d
        4.94231542915734              0.67925336633936             45.80761718750000     -1
kind
     26     
    56700          153949     
       12.25000000000000  
 OBS            112
       4.95041828963158
       3.24985162011661
       1.00000000000000
 111 113 -1
obdef
loc3d
        4.94267046375275              0.67009027494016             28.73577499389648     -1
kind
     26     
    56700          153949     
       12.25000000000000  
 OBS            113
       9.81678654543406
       1.30206963208976
       1.00000000000000
 112 114 -1
obdef
loc3d
        4.95301390972552              0.69283749825579             93.74549102783203     -1
kind
     26     
    56700          153949     
       12.25000000000000  
 OBS            114
      -0.97032679882217
       1.22950954398625
       1.00000000000000
 113 115 -1
obdef
loc3d
        4.93993476658470              0.67588412939320             29.35707092285156     -1
kind
     26     
    56700          153949     
       12.25000000000000  
 OBS            115
       5.24765339911296
       2.46345202981245
       1.00000000000000
 114 116 -1
obdef
loc3d
        4.93755681423869              0.67212761520231             23.80049896240234     -1
kind
     26     
    56700          153949     
       12.25000000000000  
 OBS            116
      -1.02833145713484
       1.51202014553267
       1.00000000000000
 115 117 -1
obdef
loc3d
        4.93524778363115              0.68687961042640            201.53530883789060     -1
kind
     26     
    56700          153949     
       12.25000000000000  
 OBS            117
       1.25533710506243
       1.71601440504835
       1.00000000000000
 116 118 -1
obdef
loc3d
        4.94487715611266              0.69284945127485            184.54177856445310     -1
kind
     26     
    56700          153949     
       12.25000000000000  
 OBS            118
       2.80842781605739
       1.90270038407433
       1.00000000000000
 117 119 -1
obdef
loc3d
        4.93574679201688              0.68074234291388             92.12267303466797     -1
kind
     26     
    56700          153949     
       12.25000000000000  
 OBS            119
       5.95444090649080
       0.93236523041740
       1.00000000000000
 118 120 -1
obdef
loc3d
        4.93948311897746              0.68677523412020            143.54531860351560     -1
kind
     26     
    56700          153949     
       12.25000000000000  
 OBS            120
       3.39967902076965
       1.54088723602995
       1.00000000000000
 119 121 -1
obdef
loc3d
        4.93535147134114              0.68874818734546            154.91955566406250     -1
kind
     26     
    56700          153949     
       12.25000000000000  
 OBS            121
       3.42657381240210
       1.94335305230793
       1.00000000000000
 120 122 -1
obdef
loc3d
        4.93998720508067              0.67099618858999             15.00000000000000     -1
kind
     26     
    56700          153949     
       12.25000000000000  
 OBS            122
      -1.35929888584561
       3.47424835315484
       1.00000000000000
 121 123 -1
obdef
loc3d
        4.95377154670010              0.68841616298427              1.00000000000000     -1
kind
     26     
    56700          153949     
       12.25000000000000  
 OBS            123
       5.57061647412685
       2.21340183878964
       1.00000000000000
 122 124 -1
obdef
loc3d
        4.94369600674710              0.67424831199146             56.55799865722656     -1
kind
     26     
    56700          153949     
       12.25000000000000  
 OBS            124
       5.52460103605002
       1.94265423671386
       1.00000000000000
 123 125 -1
obdef
loc3d
        4.94554915949750              0.67592825057405             27.37830162048340     -1
kind
     26     
    56700          153949     
       12.25000000000000  
 OBS            125
      -0.39506185716967
       1.24902070539646
       1.00000000000000
 124 126 -1
obdef
loc3d
        4.93817225910204              0.68863985936718            220.11502075195310     -1
kind
     26     
    56700          153949     
       12.25000000000000  
 OBS            126
       1.77269204994495
       2.29234815068371
       1.00000000000000
 125 127 -1
obdef
loc3d
        4.94679227765370              0.67424304503817             25.38815879821777     -1
kind
     26     
    56700          153949     
       12.25000000000000  
 OBS            127
      -0.39225598811656
       1.22928247605200
       1.00000000000000
 126 128 -1
obdef
loc3d
        4.93825175772606              0.67415674930066             45.00000000000000     -1
kind
     26     
    56700          153949     
       12.25000000000000  
 OBS            128
       5.39954360384168
       1.83932764212856
       1.00000000000000
 127 129 -1
obdef
loc3d
        4.94311892630401              0.68721450203000            155.69055175781250     -1
kind
     26     
    56700          153949     
       12.25000000000000  
 OBS            129
       3.62263816400567
       1.99249198478858
       1.00000000000000
 128 130 -1
obdef
loc3d
        4.94449382724881              0.67792071808206             14.15527343750000     -1
kind
     26     
    56700          153949     
       12.25000000000000  
 OBS            130
       1.78819485043874
       3.24107510202850
       1.00000000000000
 129 131 -1
obdef
loc3d
        4.94565692959859              0.66987151098961             30.00000000000000     -1
kind
     26     
    56700          153949     
       12.25000000000000  
 OBS            131
       2.07978139528807
       1.37579900484519
       1.00000000000000
 130 132 -1
obdef
loc3d
        4.93623940611723              0.68485115788194            160.48159790039060     -1
kind
     26     
    56700          153949     
       12.25000000000000  
 OBS            132
       2.38509216701755
       0.18577662657227
       1.00000000000000
 131 133 -1
obdef
loc3d
        4.93207688179052              0.69191340558627            266.88421630859381     -1
kind
     26     
    56700          153949     
       12.25000000000000  
 OBS            133
       2.55988437478957
       1.10955334939021
       1.00000000000000
 132 134 -1
obdef
loc3d
        4.94337184525690              0.69048472086632            168.92642211914060     -1
kind
     26     
    56700          153949     
       12.25000000000000  
 OBS            134
      -1.13169630935653
       0.15244582143139
       1.00000000000000
 133 135 -1
obdef
loc3d
        4.93083275656657              0.69156409584246            530.37139892578125     -1
kind
     26     
    56700          153949     
       12.25000000000000  
 OBS            135
       5.72729770753191
       2.92297983570140
       1.00000000000000
 134 136 -1
obdef
loc3d
        4.93576715774405              0.67026358084744             15.00000000000000     -1
kind
     26     
    56700          153949     
       12.25000000000000  
 OBS            136
       0.08330010545445
       1.66964450253914
       1.00000000000000
 135 137 -1
obdef
loc3d
        4.94676264345478              0.69035499858378            170.37097167968750     -1
kind
     26     
    56700          153949     
       12.25000000000000  
 OBS            137
      -0.80761309533241
       0.99867090551695
       1.00000000000000
 136 138 -1
obdef
loc3d
        4.94046883892718              0.69230960363225            232.29916381835940     -1
kind
     26     
    56700          153949     
       12.25000000000000  
 OBS            138
      11.65636892933083
       3.54236212073431
       1.00000000000000
 137 139 -1
obdef
loc3d
        4.94668005348904              0.66792517272334             30.00000000000000     -1
kind
     26     
    56700          153949     
       12.25000000000000  
 OBS            139
       0.31150986147521
       0.35125270044317
       1.00000000000000
 138 140 -1
obdef
loc3d
        4.93142664351951              0.69067116425814            352.18109130859381     -1
kind
     26     
    56700          153949     
       12.25000000000000  
 OBS            140
      -6.41421802636926
       0.83787537923515
       1.00000000000000
 139 141 -1
obdef
loc3d
        4.93315860158957              0.69236546390432            148.09797668457031     -1
kind
     26     
    56700          153949     
       12.25000000000000  
 OBS            141
       2.60879579532944
       2.52033886411953
       1.00000000000000
 140 142 -1
obdef
loc3d
        4.94330474517536              0.68101851702487             28.94674682617188     -1
kind
     26     
    56700          153949     
       12.25000000000000  
 OBS            142
       3.72429891734723
       1.71485010101611
       1.00000000000000
 141 143 -1
obdef
loc3d
        4.93900329796962              0.68465687192145            135.10733032226560     -1
kind
     26     
    56700          153949     
       12.25000000000000  
 OBS            143
       3.29108330084961
       1.72473545772989
       1.00000000000000
 142 144 -1
obdef
loc3d
        4.94044166392076              0.68262352587105            131.77731323242190     -1
kind
     26     
    56700          153949     
       12.25000000000000  
 OBS            144
      -0.95741428693366
       0.30183151560531
       1.00000000000000
 143 145 -1
obdef
loc3d
        4.92619210793233              0.68978851614430            140.91706848144531     -1
kind
     26     
    56700          153949     
       12.25000000000000  
 OBS            145
       2.65414391845707
       3.37926112302514
       1.00000000000000
 144 146 -1
obdef
loc3d
        4.94963312081941              0.66996996266355             29.99300956726074     -1
kind
     26     
    56700          153949     
       12.25000000000000  
 OBS            146
       1.33079185322743
       0.88850201778043
       1.00000000000000
 145 147 -1
obdef
loc3d
        4.92700392971737              0.68887132383449            128.38885498046881     -1
kind
     26     
    56700          153949     
       12.25000000000000  
 OBS            147
       5.54464685416092
       2.05074778736350
       1.00000000000000
 146 148 -1
obdef
loc3d
        4.94246333188258              0.67229541033138             45.31371688842773     -1
kind
     26     
    56700          153949     
       12.25000000000000  
 OBS            148
       8.01872538641399
       3.61912815671810
       1.00000000000000
 147 149 -1
obdef
loc3d
        4.94297820410103              0.68302629331082             53.72113800048828     -1
kind
     26     
    56700          153949     
       12.25000000000000  
 OBS            149
      -2.78895372752918
       1.19577548806333
       1.00000000000000
 148 150 -1
obdef
loc3d
        4.94625467437127              0.67931016686449             42.11843872070312     -1
kind
     26     
    56700          153949     
       12.25000000000000  
 OBS            150
       2.87053320354502
       1.68525367008855
       1.00000000000000
 149 151 -1
obdef
loc3d
        4.93718236751881              0.69150375136553            153.15858459472659     -1
kind
     26     
    56700          153949     
       12.25000000000000  
 OBS            151
     303.39160428736852
     302.85990298444699
       1.00000000000000
 150 152 -1
obdef
loc3d
        4.90540352515539              0.69194112440599            606.33142089843750     -1
kind
     27     
    56700          153949     
        6.25000000000000  
 OBS            152
     304.74841096900030
     306.18155070830301
       1.00000000000000
 151 153 -1
obdef
loc3d
        4.94546412681761              0.68348353984884             17.75631332397461     -1
kind
     27     
    56700          153949     
        6.25000000000000  
 OBS            153
     306.90764552750181
     305.61728898272702
       1.00000000000000
 152 154 -1
obdef
loc3d
        4.94660974174000              0.67744857875853             29.35406684875488     -1
kind
     27     
    56700          153949     
        6.25000000000000  
 OBS            154
     305.81430468340636
     306.14761328654401
       1.00000000000000
 153 155 -1
obdef
loc3d
        4.94648126630843              0.68652865419204             54.82812500000000     -1
kind
     27     
    56700          153949     
        6.25000000000000  
 OBS            155
     305.88727740844331
     306.06700474424798
       1.00000000000000
 154 156 -1
obdef
loc3d
        4.94445426011379              0.68507566758975             62.61011505126953     -1
kind
     27     
    56700          153949     
        6.25000000000000  
 OBS            156
     305.11775947089262
     306.42607672941199
       1.00000000000000
 155 157 -1
obdef
loc3d
        4.94602055174578              0.68752162087271            134.15721130371091     -1
kind
     27     
    56700          153949     
        6.25000000000000  
 OBS            157
     304.86209313699277
     305.83634369078601
       1.00000000000000
 156 158 -1
obdef
loc3d
        4.94603912728501              0.67254511985829             35.00297546386719     -1
kind
     27     
    56700          153949     
        6.25000000000000  
 OBS            158
     302.07487928027621
     304.86954042764199
       1.00000000000000
 157 159 -1
obdef
loc3d
        4.95877904994953              0.67986585977255             17.04111671447754     -1
kind
     27     
    56700          153949     
        6.25000000000000  
 OBS            159
     306.00600426415747
     304.21602343118002
       1.00000000000000
 158 160 -1
obdef
loc3d
        4.93958042817759              0.69095160998657            226.13127136230469     -1
kind
     27     
    56700          153949     
        6.25000000000000  
 OBS            160
     301.82412722779463
     302.70537101182100
       1.00000000000000
 159 161 -1
obdef
loc3d
        4.95756313665553              0.69181797222864             89.84997558593750     -1
kind
     27     
    56700          153949     
        6.25000000000000  
 OBS            161
     307.02957103433420
     306.12369194014900
       1.00000000000000
 160 162 -1
obdef
loc3d
        4.94078657111844              0.67409210989409             60.81152343750000     -1
kind
     27     
    56700          153949     
        6.25000000000000  
 OBS            162
     303.15847295256043
     304.47806787536302
       1.00000000000000
 161 163 -1
obdef
loc3d
        4.95557846691255              0.67267262139613              1.00000000000000     -1
kind
     27     
    56700          153949     
        6.25000000000000  
 OBS            163
     305.77086873660363
     305.22498073900101
       1.00000000000000
 162 164 -1
obdef
loc3d
        4.93193348448080              0.68856418981073            106.00000000000000     -1
kind
     27     
    56700          153949     
        6.25000000000000  
 OBS            164
     297.61266953092161
     299.56035936872797
       1.00000000000000
 163 165 -1
obdef
loc3d
        4.89970838141578              0.68765245249877            785.09423828125000     -1
kind
     27     
    56700          153949     
        6.25000000000000  
 OBS            165
     305.06092791561991
     304.56756917630599
       1.00000000000000
 164 166 -1
obdef
loc3d
        4.95026814558372              0.68993059237416             93.11567687988281     -1
kind
     27     
    56700          153949     
        6.25000000000000  
 OBS            166
     306.41538790840599
     306.41213497187800
       1.00000000000000
 165 167 -1
obdef
loc3d
        4.94174512165160              0.68484635226999            116.56585693359381     -1
kind
     27     
    56700          153949     
        6.25000000000000  
 OBS            167
     303.89245765187513
     303.95660383545999
       1.00000000000000
 166 168 -1
obdef
loc3d
        4.95420735021482              0.68473663912788             15.00000000000000     -1
kind
     27     
    56700          153949     
        6.25000000000000  
 OBS            168
     304.28640991936061
     305.40411520386601
       1.00000000000000
 167 169 -1
obdef
loc3d
        4.93477042118681              0.68310638816012            118.89588928222661     -1
kind
     27     
    56700          153949     
        6.25000000000000  
 OBS            169
     305.97330337148060
     306.31101069955400
       1.00000000000000
 168 170 -1
obdef
loc3d
        4.93795631029682              0.68276407673392            144.94107055664060     -1
kind
     27     
    56700          153949     
        6.25000000000000  
 OBS            170
     305.61205820783380
     306.21516953115201
       1.00000000000000
 169 171 -1
obdef
loc3d
        4.94001671685736              0.68064929967652             43.67281723022461     -1
kind
     27     
    56700          153949     
        6.25000000000000  
 OBS            171
     304.89807596323317
     305.87101359621300
       1.00000000000000
 170 172 -1
obdef
loc3d
        4.94058460161740              0.67807181314514             70.17810058593750     -1
kind
     27     
    56700          153949     
        6.25000000000000  
 OBS            172
     304.35805116754801
     303.31806209459802
       1.00000000000000
 171 173 -1
obdef
loc3d
        4.95423295419494              0.68033176843505              3.71636104583740     -1
kind
     27     
    56700          153949     
        6.25000000000000  
 OBS            173
     305.92440080017616
     304.60017831443901
       1.00000000000000
 172 174 -1
obdef
loc3d
        4.94926894458696              0.66642585587446             10.91526031494141     -1
kind
     27     
    56700          153949     
        6.25000000000000  
 OBS            174
     304.22032421284848
     304.40158797769197
       1.00000000000000
 173 175 -1
obdef
loc3d
        4.96223480186848              0.66700036066835              5.00000000000000     -1
kind
     27     
    56700          153949     
        6.25000000000000  
 OBS            175
     300.83728371209332
     303.07782212949297
       1.00000000000000
 174 176 -1
obdef
loc3d
        4.95546148971009              0.67729393735082              6.17724800109863     -1
kind
     27     
    56700          153949     
        6.25000000000000  
 OBS            176
     307.66915573761156
     305.38379339364297
       1.00000000000000
 175 177 -1
obdef
loc3d
        4.92652723985629              0.69051382381431            146.04148864746091     -1
kind
     27     
    56700          153949     
        6.25000000000000  
 OBS            177
     304.05186085043687
     304.06911065429301
       1.00000000000000
 176 178 -1
obdef
loc3d
        4.96366005344362              0.66920346185787              6.00000000000000     -1
kind
     27     
    56700          153949     
        6.25000000000000  
 OBS            178
     302.77376840436415
     303.67888143756699
       1.00000000000000
 177 179 -1
obdef
loc3d
        4.97052949833720              0.66907739847133              8.84140872955322     -1
kind
     27     
    56700          153949     
        6.25000000000000  
 OBS            179
     306.43170464901249
     305.53965340043197
       1.00000000000000
 178 180 -1
obdef
loc3d
        4.93727739535368              0.69277976810143            187.24655151367190     -1
kind
     27     
    56700          153949     
        6.25000000000000  
 OBS            180
     305.61731876757466
     304.98382306188302
       1.00000000000000
 179 181 -1
obdef
loc3d
        4.94575592838423              0.68143846111579             35.01654815673828     -1
kind
     27     
    56700          153949     
        6.25000000000000  
 OBS            181
     305.64325424155390
     305.08369143438802
       1.00000000000000
 180 182 -1
obdef
loc3d
        4.93184075890513              0.68784163962489             92.58054351806641     -1
kind
     27     
    56700          153949     
        6.25000000000000  
 OBS            182
     306.23463662305454
     305.13365178598798
       1.00000000000000
 181 183 -1
obdef
loc3d
        4.94081711590956              0.68854862967758            162.55853271484381     -1
kind
     27     
    56700          153949     
        6.25000000000000  
 OBS            183
     305.64766224475483
     306.42948144610699
       1.00000000000000
 182 184 -1
obdef
loc3d
        4.94249854456299              0.67650785339572             60.39866638183594     -1
kind
     27     
    56700          153949     
        6.25000000000000  
 OBS            184
     306.74823784009965
     306.24035582997698
       1.00000000000000
 183 185 -1
obdef
loc3d
        4.93162931041089              0.68282844530430             93.04485321044922     -1
kind
     27     
    56700          153949     
        6.25000000000000  
 OBS            185
     306.03046701602864
     306.30320146584199
       1.00000000000000
 184 186 -1
obdef
loc3d
        4.93293180012842              0.69147876068069            106.50605773925780     -1
kind
     27     
    56700          153949     
        6.25000000000000  
 OBS            186
     305.39431954647068
     305.69703801373402
       1.00000000000000
 185 187 -1
obdef
loc3d
        4.94231542915734              0.67925336633936             45.80761718750000     -1
kind
     27     
    56700          153949     
        6.25000000000000  
 OBS            187
     305.48622709886041
     305.69621603468897
       1.00000000000000
 186 188 -1
obdef
loc3d
        4.94267046375275              0.67009027494016             28.73577499389648     -1
kind
     27     
    56700          153949     
        6.25000000000000  
 OBS            188
     304.90563583179920
     304.83254136605700
       1.00000000000000
 187 189 -1
obdef
loc3d
        4.95301390972552              0.69283749825579             93.74549102783203     -1
kind
     27     
    56700          153949     
        6.25000000000000  
 OBS            189
     304.01876603010032
     305.99683347322201
       1.00000000000000
 188 190 -1
obdef
loc3d
        4.93993476658470              0.67588412939320             29.35707092285156     -1
kind
     27     
    56700          153949     
        6.25000000000000  
 OBS            190
     305.71016771054212
     305.56906030961301
       1.00000000000000
 189 191 -1
obdef
loc3d
        4.93755681423869              0.67212761520231             23.80049896240234     -1
kind
     27     
    56700          153949     
        6.25000000000000  
 OBS            191
     303.08604286281576
     304.28680429598597
       1.00000000000000
 190 192 -1
obdef
loc3d
        4.93524778363115              0.68687961042640            201.53530883789060     -1
kind
     27     
    56700          153949     
        6.25000000000000  
 OBS            192
     306.42235951707841
     304.95599128808999
       1.00000000000000
 191 193 -1
obdef
loc3d
        4.94487715611266              0.69284945127485            184.54177856445310     -1
kind
     27     
    56700          153949     
        6.25000000000000  
 OBS            193
     305.85137393354188
     306.28186968209098
       1.00000000000000
 192 194 -1
obdef
loc3d
        4.93574679201688              0.68074234291388             92.12267303466797     -1
kind
     27     
    56700          153949     
        6.25000000000000  
 OBS            194
     304.67301773309742
     305.37095257656102
       1.00000000000000
 193 195 -1
obdef
loc3d
        4.93948311897746              0.68677523412020            143.54531860351560     -1
kind
     27     
    56700          153949     
        6.25000000000000  
 OBS            195
     304.52369435530181
     304.91956361193900
       1.00000000000000
 194 196 -1
obdef
loc3d
        4.93535147134114              0.68874818734546            154.91955566406250     -1
kind
     27     
    56700          153949     
        6.25000000000000  
 OBS            196
     305.78275325931600
     305.50866827257602
       1.00000000000000
 195 197 -1
obdef
loc3d
        4.93998720508067              0.67099618858999             15.00000000000000     -1
kind
     27     
    56700          153949     
        6.25000000000000  
 OBS            197
     304.29178041839413
     304.31085013258598
       1.00000000000000
 196 198 -1
obdef
loc3d
        4.95377154670010              0.68841616298427              1.00000000000000     -1
kind
     27     
    56700          153949     
        6.25000000000000  
 OBS            198
     306.34896853396930
     305.88699093978801
       1.00000000000000
 197 199 -1
obdef
loc3d
        4.94369600674710              0.67424831199146             56.55799865722656     -1
kind
     27     
    56700          153949     
        6.25000000000000  
 OBS            199
     307.21145937858967
     306.03907022999101
       1.00000000000000
 198 200 -1
obdef
loc3d
        4.94554915949750              0.67592825057405             27.37830162048340     -1
kind
     27     
    56700          153949     
        6.25000000000000  
 OBS            200
     304.87215913086305
     304.58630120017398
       1.00000000000000
 199 201 -1
obdef
loc3d
        4.93817225910204              0.68863985936718            220.11502075195310     -1
kind
     27     
    56700          153949     
        6.25000000000000  
 OBS            201
     303.97861728824887
     305.18069997025600
       1.00000000000000
 200 202 -1
obdef
loc3d
        4.94679227765370              0.67424304503817             25.38815879821777     -1
kind
     27     
    56700          153949     
        6.25000000000000  
 OBS            202
     306.64294686857767
     306.04329049490599
       1.00000000000000
 201 203 -1
obdef
loc3d
        4.93825175772606              0.67415674930066             45.00000000000000     -1
kind
     27     
    56700          153949     
        6.25000000000000  
 OBS            203
     307.60983822738888
     305.97534101895900
       1.00000000000000
 202 204 -1
obdef
loc3d
        4.94311892630401              0.68721450203000            155.69055175781250     -1
kind
     27     
    56700          153949     
        6.25000000000000  
 OBS            204
     307.39744211000846
     306.31939062059803
       1.00000000000000
 203 205 -1
obdef
loc3d
        4.94449382724881              0.67792071808206             14.15527343750000     -1
kind
     27     
    56700          153949     
        6.25000000000000  
 OBS            205
     305.83900738884194
     305.28354646414999
       1.00000000000000
 204 206 -1
obdef
loc3d
        4.94565692959859              0.66987151098961             30.00000000000000     -1
kind
     27     
    56700          153949     
        6.25000000000000  
 OBS            206
     305.26334936075915
     305.56691667561199
       1.00000000000000
 205 207 -1
obdef
loc3d
        4.93623940611723              0.68485115788194            160.48159790039060     -1
kind
     27     
    56700          153949     
        6.25000000000000  
 OBS            207
     305.00433950196651
     305.45061422611900
       1.00000000000000
 206 208 -1
obdef
loc3d
        4.93207688179052              0.69191340558627            266.88421630859381     -1
kind
     27     
    56700          153949     
        6.25000000000000  
 OBS            208
     304.95364263449295
     305.60164752882002
       1.00000000000000
 207 209 -1
obdef
loc3d
        4.94337184525690              0.69048472086632            168.92642211914060     -1
kind
     27     
    56700          153949     
        6.25000000000000  
 OBS            209
     301.88658304901810
     302.41553255368200
       1.00000000000000
 208 210 -1
obdef
loc3d
        4.93083275656657              0.69156409584246            530.37139892578125     -1
kind
     27     
    56700          153949     
        6.25000000000000  
 OBS            210
     303.95962192267814
     305.22252696725798
       1.00000000000000
 209 211 -1
obdef
loc3d
        4.93576715774405              0.67026358084744             15.00000000000000     -1
kind
     27     
    56700          153949     
        6.25000000000000  
 OBS            211
     305.52097251735762
     305.40257353562203
       1.00000000000000
 210 212 -1
obdef
loc3d
        4.94676264345478              0.69035499858378            170.37097167968750     -1
kind
     27     
    56700          153949     
        6.25000000000000  
 OBS            212
     301.83666763511718
     305.00316334171600
       1.00000000000000
 211 213 -1
obdef
loc3d
        4.94046883892718              0.69230960363225            232.29916381835940     -1
kind
     27     
    56700          153949     
        6.25000000000000  
 OBS            213
     305.88849518969761
     304.44019083414003
       1.00000000000000
 212 214 -1
obdef
loc3d
        4.94668005348904              0.66792517272334             30.00000000000000     -1
kind
     27     
    56700          153949     
        6.25000000000000  
 OBS            214
     303.98178488796810
     303.74756308449201
       1.00000000000000
 213 215 -1
obdef
loc3d
        4.93142664351951              0.69067116425814            352.18109130859381     -1
kind
     27     
    56700          153949     
        6.25000000000000  
 OBS            215
     305.76913311510282
     306.00055246280198
       1.00000000000000
 214 216 -1
obdef
loc3d
        4.93315860158957              0.69236546390432            148.09797668457031     -1
kind
     27     
    56700          153949     
        6.25000000000000  
 OBS            216
     308.14159472619957
     305.79491112614397
       1.00000000000000
 215 217 -1
obdef
loc3d
        4.94330474517536              0.68101851702487             28.94674682617188     -1
kind
     27     
    56700          153949     
        6.25000000000000  
 OBS            217
     305.35126110582718
     305.50953012691002
       1.00000000000000
 216 218 -1
obdef
loc3d
        4.93900329796962              0.68465687192145            135.10733032226560     -1
kind
     27     
    56700          153949     
        6.25000000000000  
 OBS            218
     306.98417436894198
     306.64663729473602
       1.00000000000000
 217 219 -1
obdef
loc3d
        4.94044166392076              0.68262352587105            131.77731323242190     -1
kind
     27     
    56700          153949     
        6.25000000000000  
 OBS            219
     305.94874737342053
     305.49259091144398
       1.00000000000000
 218 220 -1
obdef
loc3d
        4.92619210793233              0.68978851614430            140.91706848144531     -1
kind
     27     
    56700          153949     
        6.25000000000000  
 OBS            220
     303.41947408945589
     303.86562376346200
       1.00000000000000
 219 221 -1
obdef
loc3d
        4.94963312081941              0.66996996266355             29.99300956726074     -1
kind
     27     
    56700          153949     
        6.25000000000000  
 OBS            221
     304.85221535761599
     304.80664333952399
       1.00000000000000
 220 222 -1
obdef
loc3d
        4.92700392971737              0.68887132383449            128.38885498046881     -1
kind
     27     
    56700          153949     
        6.25000000000000  
 OBS            222
     307.16674854076820
     306.05667656279297
       1.00000000000000
 221 223 -1
obdef
loc3d
        4.94246333188258              0.67229541033138             45.31371688842773     -1
kind
     27     
    56700          153949     
        6.25000000000000  
 OBS            223
     306.10161208497658
     307.24255576204001
       1.00000000000000
 222 224 -1
obdef
loc3d
        4.94297820410103              0.68302629331082             53.72113800048828     -1
kind
     27     
    56700          153949     
        6.25000000000000  
 OBS            224
     305.16934029699144
     305.77554996016403
       1.00000000000000
 223 225 -1
obdef
loc3d
        4.94625467437127              0.67931016686449             42.11843872070312     -1
kind
     27     
    56700          153949     
        6.25000000000000  
 OBS            225
     305.08564498587288
     305.57007394731397
       1.00000000000000
 224 -1 -1
obdef
loc3d
        4.93718236751881              0.69150375136553            153.15858459472659     -1
kind
     27     
    56700          153949     
        6.25000000000000  
