 obs_sequence
obs_kind_definitions
       3
    25          LAND_SFC_U_WIND_COMPONENT   
    26          LAND_SFC_V_WIND_COMPONENT   
    27          LAND_SFC_TEMPERATURE   
  num_copies:            2  num_qc:            1
 num_obs:       225  max_num_obs:       225
observations
truth
QC radar
  first:            1  last:       225
 OBS            1
       1.96819844547485
       0.75348078385044
       1.00000000000000
 -1 2 -1
obdef
loc3d
        4.90540352515539              0.69194112440599            606.33142089843750     -1
kind
     25     
    46800          153282     
       12.25000000000000  
 OBS            2
       2.51827161071264
       0.90811684070119
       1.00000000000000
 1 3 -1
obdef
loc3d
        4.94546412681761              0.68348353984884             17.75631332397461     -1
kind
     25     
    46800          153282     
       12.25000000000000  
 OBS            3
       2.17899865080886
       1.18092880182952
       1.00000000000000
 2 4 -1
obdef
loc3d
        4.94660974174000              0.67744857875853             29.35406684875488     -1
kind
     25     
    46800          153282     
       12.25000000000000  
 OBS            4
      -2.36919736034648
       0.50433155141847
       1.00000000000000
 3 5 -1
obdef
loc3d
        4.94648126630843              0.68652865419204             54.82812500000000     -1
kind
     25     
    46800          153282     
       12.25000000000000  
 OBS            5
       3.94209712896595
       0.18262177602455
       1.00000000000000
 4 6 -1
obdef
loc3d
        4.94445426011379              0.68507566758975             62.61011505126953     -1
kind
     25     
    46800          153282     
       12.25000000000000  
 OBS            6
       0.52911448414481
       0.77111392564704
       1.00000000000000
 5 7 -1
obdef
loc3d
        4.94602055174578              0.68752162087271            134.15721130371091     -1
kind
     25     
    46800          153282     
       12.25000000000000  
 OBS            7
       4.59613403590999
       1.07464765230633
       1.00000000000000
 6 8 -1
obdef
loc3d
        4.94603912728501              0.67254511985829             35.00297546386719     -1
kind
     25     
    46800          153282     
       12.25000000000000  
 OBS            8
       2.24926659769567
       0.66946618402179
       1.00000000000000
 7 9 -1
obdef
loc3d
        4.95877904994953              0.67986585977255             17.04111671447754     -1
kind
     25     
    46800          153282     
       12.25000000000000  
 OBS            9
      -1.45491041517001
       0.30667392066389
       1.00000000000000
 8 10 -1
obdef
loc3d
        4.93958042817759              0.69095160998657            226.13127136230469     -1
kind
     25     
    46800          153282     
       12.25000000000000  
 OBS            10
       0.45037734649455
       0.16920698492961
       1.00000000000000
 9 11 -1
obdef
loc3d
        4.95756313665553              0.69181797222864             89.84997558593750     -1
kind
     25     
    46800          153282     
       12.25000000000000  
 OBS            11
      -0.22684109496300
       1.13927448464695
       1.00000000000000
 10 12 -1
obdef
loc3d
        4.94078657111844              0.67409210989409             60.81152343750000     -1
kind
     25     
    46800          153282     
       12.25000000000000  
 OBS            12
       1.14713001050683
       0.80866446638214
       1.00000000000000
 11 13 -1
obdef
loc3d
        4.95557846691255              0.67267262139613              1.00000000000000     -1
kind
     25     
    46800          153282     
       12.25000000000000  
 OBS            13
       1.78025184306131
       0.13273360639122
       1.00000000000000
 12 14 -1
obdef
loc3d
        4.93193348448080              0.68856418981073            106.00000000000000     -1
kind
     25     
    46800          153282     
       12.25000000000000  
 OBS            14
       2.52357802842079
      -0.16797969551312
       1.00000000000000
 13 15 -1
obdef
loc3d
        4.89970838141578              0.68765245249877            785.09423828125000     -1
kind
     25     
    46800          153282     
       12.25000000000000  
 OBS            15
      -2.65476031911588
       0.62698887183910
       1.00000000000000
 14 16 -1
obdef
loc3d
        4.95026814558372              0.68993059237416             93.11567687988281     -1
kind
     25     
    46800          153282     
       12.25000000000000  
 OBS            16
      -0.56596766116694
       0.76421762018213
       1.00000000000000
 15 17 -1
obdef
loc3d
        4.94174512165160              0.68484635226999            116.56585693359381     -1
kind
     25     
    46800          153282     
       12.25000000000000  
 OBS            17
       7.58776652407588
       0.31769754360320
       1.00000000000000
 16 18 -1
obdef
loc3d
        4.95420735021482              0.68473663912788             15.00000000000000     -1
kind
     25     
    46800          153282     
       12.25000000000000  
 OBS            18
      -1.46595646693309
       0.78511097728843
       1.00000000000000
 17 19 -1
obdef
loc3d
        4.93477042118681              0.68310638816012            118.89588928222661     -1
kind
     25     
    46800          153282     
       12.25000000000000  
 OBS            19
       3.41570270142863
       1.04945143650298
       1.00000000000000
 18 20 -1
obdef
loc3d
        4.93795631029682              0.68276407673392            144.94107055664060     -1
kind
     25     
    46800          153282     
       12.25000000000000  
 OBS            20
      -2.75124551174715
       0.65481361697217
       1.00000000000000
 19 21 -1
obdef
loc3d
        4.94001671685736              0.68064929967652             43.67281723022461     -1
kind
     25     
    46800          153282     
       12.25000000000000  
 OBS            21
      -2.47897788265505
       1.20913209416560
       1.00000000000000
 20 22 -1
obdef
loc3d
        4.94058460161740              0.67807181314514             70.17810058593750     -1
kind
     25     
    46800          153282     
       12.25000000000000  
 OBS            22
       1.59283519653867
       0.89112644331067
       1.00000000000000
 21 23 -1
obdef
loc3d
        4.95423295419494              0.68033176843505              3.71636104583740     -1
kind
     25     
    46800          153282     
       12.25000000000000  
 OBS            23
       4.36281670981611
       1.04039603992126
       1.00000000000000
 22 24 -1
obdef
loc3d
        4.94926894458696              0.66642585587446             10.91526031494141     -1
kind
     25     
    46800          153282     
       12.25000000000000  
 OBS            24
       0.84288394595818
       0.93822132286221
       1.00000000000000
 23 25 -1
obdef
loc3d
        4.96223480186848              0.66700036066835              5.00000000000000     -1
kind
     25     
    46800          153282     
       12.25000000000000  
 OBS            25
      -4.78324942005029
       0.70115046207603
       1.00000000000000
 24 26 -1
obdef
loc3d
        4.95546148971009              0.67729393735082              6.17724800109863     -1
kind
     25     
    46800          153282     
       12.25000000000000  
 OBS            26
       6.13826881096040
       0.99770735944708
       1.00000000000000
 25 27 -1
obdef
loc3d
        4.92652723985629              0.69051382381431            146.04148864746091     -1
kind
     25     
    46800          153282     
       12.25000000000000  
 OBS            27
      -1.80009817520919
       0.87542646406118
       1.00000000000000
 26 28 -1
obdef
loc3d
        4.96366005344362              0.66920346185787              6.00000000000000     -1
kind
     25     
    46800          153282     
       12.25000000000000  
 OBS            28
      -0.07650451424263
       1.12162123967634
       1.00000000000000
 27 29 -1
obdef
loc3d
        4.97052949833720              0.66907739847133              8.84140872955322     -1
kind
     25     
    46800          153282     
       12.25000000000000  
 OBS            29
       3.61173544045633
       0.51542572545261
       1.00000000000000
 28 30 -1
obdef
loc3d
        4.93727739535368              0.69277976810143            187.24655151367190     -1
kind
     25     
    46800          153282     
       12.25000000000000  
 OBS            30
       2.16702227518761
       1.08202106228934
       1.00000000000000
 29 31 -1
obdef
loc3d
        4.94575592838423              0.68143846111579             35.01654815673828     -1
kind
     25     
    46800          153282     
       12.25000000000000  
 OBS            31
       0.90095215312825
       0.21761479192080
       1.00000000000000
 30 32 -1
obdef
loc3d
        4.93184075890513              0.68784163962489             92.58054351806641     -1
kind
     25     
    46800          153282     
       12.25000000000000  
 OBS            32
      -2.69127285850199
       0.32606275701630
       1.00000000000000
 31 33 -1
obdef
loc3d
        4.94081711590956              0.68854862967758            162.55853271484381     -1
kind
     25     
    46800          153282     
       12.25000000000000  
 OBS            33
      -0.35234911777333
       1.13919670716501
       1.00000000000000
 32 34 -1
obdef
loc3d
        4.94249854456299              0.67650785339572             60.39866638183594     -1
kind
     25     
    46800          153282     
       12.25000000000000  
 OBS            34
       3.46485935456536
       0.39241705249331
       1.00000000000000
 33 35 -1
obdef
loc3d
        4.93162931041089              0.68282844530430             93.04485321044922     -1
kind
     25     
    46800          153282     
       12.25000000000000  
 OBS            35
       2.41335501379242
       0.25076921430461
       1.00000000000000
 34 36 -1
obdef
loc3d
        4.93293180012842              0.69147876068069            106.50605773925780     -1
kind
     25     
    46800          153282     
       12.25000000000000  
 OBS            36
      -1.58468248286421
       1.29557522161302
       1.00000000000000
 35 37 -1
obdef
loc3d
        4.94231542915734              0.67925336633936             45.80761718750000     -1
kind
     25     
    46800          153282     
       12.25000000000000  
 OBS            37
      -3.81776860049148
       1.04196826081228
       1.00000000000000
 36 38 -1
obdef
loc3d
        4.94267046375275              0.67009027494016             28.73577499389648     -1
kind
     25     
    46800          153282     
       12.25000000000000  
 OBS            38
       1.78185027054139
       0.58479744574632
       1.00000000000000
 37 39 -1
obdef
loc3d
        4.95301390972552              0.69283749825579             93.74549102783203     -1
kind
     25     
    46800          153282     
       12.25000000000000  
 OBS            39
       1.63502802759123
       1.22687543442062
       1.00000000000000
 38 40 -1
obdef
loc3d
        4.93993476658470              0.67588412939320             29.35707092285156     -1
kind
     25     
    46800          153282     
       12.25000000000000  
 OBS            40
       2.00516273459450
       0.84919460030770
       1.00000000000000
 39 41 -1
obdef
loc3d
        4.93755681423869              0.67212761520231             23.80049896240234     -1
kind
     25     
    46800          153282     
       12.25000000000000  
 OBS            41
      -2.19622347079436
       0.82570587762228
       1.00000000000000
 40 42 -1
obdef
loc3d
        4.93524778363115              0.68687961042640            201.53530883789060     -1
kind
     25     
    46800          153282     
       12.25000000000000  
 OBS            42
       4.11293838002564
       0.15325220303298
       1.00000000000000
 41 43 -1
obdef
loc3d
        4.94487715611266              0.69284945127485            184.54177856445310     -1
kind
     25     
    46800          153282     
       12.25000000000000  
 OBS            43
       4.09797211561595
       0.87897554461944
       1.00000000000000
 42 44 -1
obdef
loc3d
        4.93574679201688              0.68074234291388             92.12267303466797     -1
kind
     25     
    46800          153282     
       12.25000000000000  
 OBS            44
       5.43879836848760
       0.66334176696093
       1.00000000000000
 43 45 -1
obdef
loc3d
        4.93948311897746              0.68677523412020            143.54531860351560     -1
kind
     25     
    46800          153282     
       12.25000000000000  
 OBS            45
       3.58135880028282
       0.85182252404147
       1.00000000000000
 44 46 -1
obdef
loc3d
        4.93535147134114              0.68874818734546            154.91955566406250     -1
kind
     25     
    46800          153282     
       12.25000000000000  
 OBS            46
       0.98969753450172
       1.14299215993739
       1.00000000000000
 45 47 -1
obdef
loc3d
        4.93998720508067              0.67099618858999             15.00000000000000     -1
kind
     25     
    46800          153282     
       12.25000000000000  
 OBS            47
      -5.23042724141119
       0.24767003981188
       1.00000000000000
 46 48 -1
obdef
loc3d
        4.95377154670010              0.68841616298427              1.00000000000000     -1
kind
     25     
    46800          153282     
       12.25000000000000  
 OBS            48
       4.69315632843412
       0.86084653229684
       1.00000000000000
 47 49 -1
obdef
loc3d
        4.94369600674710              0.67424831199146             56.55799865722656     -1
kind
     25     
    46800          153282     
       12.25000000000000  
 OBS            49
      -2.93281911382105
       1.05635794271978
       1.00000000000000
 48 50 -1
obdef
loc3d
        4.94554915949750              0.67592825057405             27.37830162048340     -1
kind
     25     
    46800          153282     
       12.25000000000000  
 OBS            50
       2.64694994153908
       0.37207273688321
       1.00000000000000
 49 51 -1
obdef
loc3d
        4.93817225910204              0.68863985936718            220.11502075195310     -1
kind
     25     
    46800          153282     
       12.25000000000000  
 OBS            51
      -0.34490579588011
       0.94074564753478
       1.00000000000000
 50 52 -1
obdef
loc3d
        4.94679227765370              0.67424304503817             25.38815879821777     -1
kind
     25     
    46800          153282     
       12.25000000000000  
 OBS            52
       3.34644557646414
       0.97200120161556
       1.00000000000000
 51 53 -1
obdef
loc3d
        4.93825175772606              0.67415674930066             45.00000000000000     -1
kind
     25     
    46800          153282     
       12.25000000000000  
 OBS            53
       0.86983295915390
       0.85679986701138
       1.00000000000000
 52 54 -1
obdef
loc3d
        4.94311892630401              0.68721450203000            155.69055175781250     -1
kind
     25     
    46800          153282     
       12.25000000000000  
 OBS            54
       1.07091869068275
       1.07885679056190
       1.00000000000000
 53 55 -1
obdef
loc3d
        4.94449382724881              0.67792071808206             14.15527343750000     -1
kind
     25     
    46800          153282     
       12.25000000000000  
 OBS            55
       4.06386044559840
       1.03983551628423
       1.00000000000000
 54 56 -1
obdef
loc3d
        4.94565692959859              0.66987151098961             30.00000000000000     -1
kind
     25     
    46800          153282     
       12.25000000000000  
 OBS            56
      -2.41306249023448
       0.62265105684938
       1.00000000000000
 55 57 -1
obdef
loc3d
        4.93623940611723              0.68485115788194            160.48159790039060     -1
kind
     25     
    46800          153282     
       12.25000000000000  
 OBS            57
       3.88751167458506
      -0.46964035483750
       1.00000000000000
 56 58 -1
obdef
loc3d
        4.93207688179052              0.69191340558627            266.88421630859381     -1
kind
     25     
    46800          153282     
       12.25000000000000  
 OBS            58
       4.97043548471362
       0.29119819796868
       1.00000000000000
 57 59 -1
obdef
loc3d
        4.94337184525690              0.69048472086632            168.92642211914060     -1
kind
     25     
    46800          153282     
       12.25000000000000  
 OBS            59
      -2.58088444381257
       0.20380709012654
       1.00000000000000
 58 60 -1
obdef
loc3d
        4.93083275656657              0.69156409584246            530.37139892578125     -1
kind
     25     
    46800          153282     
       12.25000000000000  
 OBS            60
       1.08088022699697
       1.14312626375889
       1.00000000000000
 59 61 -1
obdef
loc3d
        4.93576715774405              0.67026358084744             15.00000000000000     -1
kind
     25     
    46800          153282     
       12.25000000000000  
 OBS            61
       0.36698983955617
       0.71533459261092
       1.00000000000000
 60 62 -1
obdef
loc3d
        4.94676264345478              0.69035499858378            170.37097167968750     -1
kind
     25     
    46800          153282     
       12.25000000000000  
 OBS            62
       5.24763798824691
       0.59520291145446
       1.00000000000000
 61 63 -1
obdef
loc3d
        4.94046883892718              0.69230960363225            232.29916381835940     -1
kind
     25     
    46800          153282     
       12.25000000000000  
 OBS            63
      -1.47451073812838
       1.13111515577645
       1.00000000000000
 62 64 -1
obdef
loc3d
        4.94668005348904              0.66792517272334             30.00000000000000     -1
kind
     25     
    46800          153282     
       12.25000000000000  
 OBS            64
      -0.20036513553765
      -0.12290367851390
       1.00000000000000
 63 65 -1
obdef
loc3d
        4.93142664351951              0.69067116425814            352.18109130859381     -1
kind
     25     
    46800          153282     
       12.25000000000000  
 OBS            65
      -1.22753434677962
       0.64259247157834
       1.00000000000000
 64 66 -1
obdef
loc3d
        4.93315860158957              0.69236546390432            148.09797668457031     -1
kind
     25     
    46800          153282     
       12.25000000000000  
 OBS            66
      -0.19057445250993
       1.14687765698356
       1.00000000000000
 65 67 -1
obdef
loc3d
        4.94330474517536              0.68101851702487             28.94674682617188     -1
kind
     25     
    46800          153282     
       12.25000000000000  
 OBS            67
       3.14071642775615
       0.60651525338244
       1.00000000000000
 66 68 -1
obdef
loc3d
        4.93900329796962              0.68465687192145            135.10733032226560     -1
kind
     25     
    46800          153282     
       12.25000000000000  
 OBS            68
      -0.69049351723759
       0.97694522464489
       1.00000000000000
 67 69 -1
obdef
loc3d
        4.94044166392076              0.68262352587105            131.77731323242190     -1
kind
     25     
    46800          153282     
       12.25000000000000  
 OBS            69
       4.09658374870228
       0.93777038987941
       1.00000000000000
 68 70 -1
obdef
loc3d
        4.92619210793233              0.68978851614430            140.91706848144531     -1
kind
     25     
    46800          153282     
       12.25000000000000  
 OBS            70
       2.58930702742546
       1.06410310053867
       1.00000000000000
 69 71 -1
obdef
loc3d
        4.94963312081941              0.66996996266355             29.99300956726074     -1
kind
     25     
    46800          153282     
       12.25000000000000  
 OBS            71
      -1.83108915689130
       1.55917876298438
       1.00000000000000
 70 72 -1
obdef
loc3d
        4.92700392971737              0.68887132383449            128.38885498046881     -1
kind
     25     
    46800          153282     
       12.25000000000000  
 OBS            72
       3.09898025824487
       1.06577311816100
       1.00000000000000
 71 73 -1
obdef
loc3d
        4.94246333188258              0.67229541033138             45.31371688842773     -1
kind
     25     
    46800          153282     
       12.25000000000000  
 OBS            73
      -1.35705941568124
       0.83788834641117
       1.00000000000000
 72 74 -1
obdef
loc3d
        4.94297820410103              0.68302629331082             53.72113800048828     -1
kind
     25     
    46800          153282     
       12.25000000000000  
 OBS            74
       1.18394896957850
       1.30459361384302
       1.00000000000000
 73 75 -1
obdef
loc3d
        4.94625467437127              0.67931016686449             42.11843872070312     -1
kind
     25     
    46800          153282     
       12.25000000000000  
 OBS            75
       6.05920877109940
       0.73893285272248
       1.00000000000000
 74 76 -1
obdef
loc3d
        4.93718236751881              0.69150375136553            153.15858459472659     -1
kind
     25     
    46800          153282     
       12.25000000000000  
 OBS            76
       4.70874234001382
       2.72854483370649
       1.00000000000000
 75 77 -1
obdef
loc3d
        4.90540352515539              0.69194112440599            606.33142089843750     -1
kind
     26     
    46800          153282     
       12.25000000000000  
 OBS            77
      -4.79374956604040
       0.11703427900108
       1.00000000000000
 76 78 -1
obdef
loc3d
        4.94546412681761              0.68348353984884             17.75631332397461     -1
kind
     26     
    46800          153282     
       12.25000000000000  
 OBS            78
       3.28812181382380
      -0.03211880684219
       1.00000000000000
 77 79 -1
obdef
loc3d
        4.94660974174000              0.67744857875853             29.35406684875488     -1
kind
     26     
    46800          153282     
       12.25000000000000  
 OBS            79
       4.87168300523154
       0.18624599178880
       1.00000000000000
 78 80 -1
obdef
loc3d
        4.94648126630843              0.68652865419204             54.82812500000000     -1
kind
     26     
    46800          153282     
       12.25000000000000  
 OBS            80
       5.93262440828752
       0.58626619980380
       1.00000000000000
 79 81 -1
obdef
loc3d
        4.94445426011379              0.68507566758975             62.61011505126953     -1
kind
     26     
    46800          153282     
       12.25000000000000  
 OBS            81
      -2.69475838494878
       0.01480331003640
       1.00000000000000
 80 82 -1
obdef
loc3d
        4.94602055174578              0.68752162087271            134.15721130371091     -1
kind
     26     
    46800          153282     
       12.25000000000000  
 OBS            82
      -2.79797577460401
       0.70537614693689
       1.00000000000000
 81 83 -1
obdef
loc3d
        4.94603912728501              0.67254511985829             35.00297546386719     -1
kind
     26     
    46800          153282     
       12.25000000000000  
 OBS            83
       1.84441600076002
      -0.75480177598334
       1.00000000000000
 82 84 -1
obdef
loc3d
        4.95877904994953              0.67986585977255             17.04111671447754     -1
kind
     26     
    46800          153282     
       12.25000000000000  
 OBS            84
      -4.40040073903138
       0.78590731745869
       1.00000000000000
 83 85 -1
obdef
loc3d
        4.93958042817759              0.69095160998657            226.13127136230469     -1
kind
     26     
    46800          153282     
       12.25000000000000  
 OBS            85
      -2.16905679135986
      -1.11950721381555
       1.00000000000000
 84 86 -1
obdef
loc3d
        4.95756313665553              0.69181797222864             89.84997558593750     -1
kind
     26     
    46800          153282     
       12.25000000000000  
 OBS            86
      -0.73358787317173
       0.55744811958754
       1.00000000000000
 85 87 -1
obdef
loc3d
        4.94078657111844              0.67409210989409             60.81152343750000     -1
kind
     26     
    46800          153282     
       12.25000000000000  
 OBS            87
       2.06600271569832
      -0.23653912625962
       1.00000000000000
 86 88 -1
obdef
loc3d
        4.95557846691255              0.67267262139613              1.00000000000000     -1
kind
     26     
    46800          153282     
       12.25000000000000  
 OBS            88
      -2.36381015365116
       1.12955406591330
       1.00000000000000
 87 89 -1
obdef
loc3d
        4.93193348448080              0.68856418981073            106.00000000000000     -1
kind
     26     
    46800          153282     
       12.25000000000000  
 OBS            89
       1.30323971050749
       2.49650106316114
       1.00000000000000
 88 90 -1
obdef
loc3d
        4.89970838141578              0.68765245249877            785.09423828125000     -1
kind
     26     
    46800          153282     
       12.25000000000000  
 OBS            90
      -3.13578094981924
      -0.47241179584371
       1.00000000000000
 89 91 -1
obdef
loc3d
        4.95026814558372              0.68993059237416             93.11567687988281     -1
kind
     26     
    46800          153282     
       12.25000000000000  
 OBS            91
      -4.71258759706239
       0.49774205285937
       1.00000000000000
 90 92 -1
obdef
loc3d
        4.94174512165160              0.68484635226999            116.56585693359381     -1
kind
     26     
    46800          153282     
       12.25000000000000  
 OBS            92
       5.53570048319880
      -0.63792828798803
       1.00000000000000
 91 93 -1
obdef
loc3d
        4.95420735021482              0.68473663912788             15.00000000000000     -1
kind
     26     
    46800          153282     
       12.25000000000000  
 OBS            93
      -4.20154258987899
       0.67704599252402
       1.00000000000000
 92 94 -1
obdef
loc3d
        4.93477042118681              0.68310638816012            118.89588928222661     -1
kind
     26     
    46800          153282     
       12.25000000000000  
 OBS            94
      -0.83606154003600
       0.61627413399509
       1.00000000000000
 93 95 -1
obdef
loc3d
        4.93795631029682              0.68276407673392            144.94107055664060     -1
kind
     26     
    46800          153282     
       12.25000000000000  
 OBS            95
      -1.12132656017879
       0.60553103930658
       1.00000000000000
 94 96 -1
obdef
loc3d
        4.94001671685736              0.68064929967652             43.67281723022461     -1
kind
     26     
    46800          153282     
       12.25000000000000  
 OBS            96
       1.34187311834660
       0.20817586112181
       1.00000000000000
 95 97 -1
obdef
loc3d
        4.94058460161740              0.67807181314514             70.17810058593750     -1
kind
     26     
    46800          153282     
       12.25000000000000  
 OBS            97
      -0.28566465091011
      -0.43722001984045
       1.00000000000000
 96 98 -1
obdef
loc3d
        4.95423295419494              0.68033176843505              3.71636104583740     -1
kind
     26     
    46800          153282     
       12.25000000000000  
 OBS            98
       4.44510289652930
       0.24029773552489
       1.00000000000000
 97 99 -1
obdef
loc3d
        4.94926894458696              0.66642585587446             10.91526031494141     -1
kind
     26     
    46800          153282     
       12.25000000000000  
 OBS            99
       6.05711165918495
      -0.68493942979537
       1.00000000000000
 98 100 -1
obdef
loc3d
        4.96223480186848              0.66700036066835              5.00000000000000     -1
kind
     26     
    46800          153282     
       12.25000000000000  
 OBS            100
      -0.60868727450213
      -0.48322404919563
       1.00000000000000
 99 101 -1
obdef
loc3d
        4.95546148971009              0.67729393735082              6.17724800109863     -1
kind
     26     
    46800          153282     
       12.25000000000000  
 OBS            101
      -2.28760160620600
       1.76615816189416
       1.00000000000000
 100 102 -1
obdef
loc3d
        4.92652723985629              0.69051382381431            146.04148864746091     -1
kind
     26     
    46800          153282     
       12.25000000000000  
 OBS            102
      -3.22399085934258
      -0.82794133706142
       1.00000000000000
 101 103 -1
obdef
loc3d
        4.96366005344362              0.66920346185787              6.00000000000000     -1
kind
     26     
    46800          153282     
       12.25000000000000  
 OBS            103
      -3.31512886348921
      -1.39348983259101
       1.00000000000000
 102 104 -1
obdef
loc3d
        4.97052949833720              0.66907739847133              8.84140872955322     -1
kind
     26     
    46800          153282     
       12.25000000000000  
 OBS            104
       1.91748683621469
       1.16415372960629
       1.00000000000000
 103 105 -1
obdef
loc3d
        4.93727739535368              0.69277976810143            187.24655151367190     -1
kind
     26     
    46800          153282     
       12.25000000000000  
 OBS            105
      -4.14829019711202
       0.11493587666195
       1.00000000000000
 104 106 -1
obdef
loc3d
        4.94575592838423              0.68143846111579             35.01654815673828     -1
kind
     26     
    46800          153282     
       12.25000000000000  
 OBS            106
       6.41511262040824
       1.24127269047757
       1.00000000000000
 105 107 -1
obdef
loc3d
        4.93184075890513              0.68784163962489             92.58054351806641     -1
kind
     26     
    46800          153282     
       12.25000000000000  
 OBS            107
       2.66886671363942
       0.82116004089081
       1.00000000000000
 106 108 -1
obdef
loc3d
        4.94081711590956              0.68854862967758            162.55853271484381     -1
kind
     26     
    46800          153282     
       12.25000000000000  
 OBS            108
      -0.91763363125321
       0.24702121620953
       1.00000000000000
 107 109 -1
obdef
loc3d
        4.94249854456299              0.67650785339572             60.39866638183594     -1
kind
     26     
    46800          153282     
       12.25000000000000  
 OBS            109
       0.43802483188043
       1.12088806534457
       1.00000000000000
 108 110 -1
obdef
loc3d
        4.93162931041089              0.68282844530430             93.04485321044922     -1
kind
     26     
    46800          153282     
       12.25000000000000  
 OBS            110
       5.05470546642977
       0.91003274286563
       1.00000000000000
 109 111 -1
obdef
loc3d
        4.93293180012842              0.69147876068069            106.50605773925780     -1
kind
     26     
    46800          153282     
       12.25000000000000  
 OBS            111
       1.75474840905875
       0.12386202259239
       1.00000000000000
 110 112 -1
obdef
loc3d
        4.94231542915734              0.67925336633936             45.80761718750000     -1
kind
     26     
    46800          153282     
       12.25000000000000  
 OBS            112
       0.94610006097274
       0.89224247720528
       1.00000000000000
 111 113 -1
obdef
loc3d
        4.94267046375275              0.67009027494016             28.73577499389648     -1
kind
     26     
    46800          153282     
       12.25000000000000  
 OBS            113
       3.57067078234713
      -0.03824751975908
       1.00000000000000
 112 114 -1
obdef
loc3d
        4.95301390972552              0.69283749825579             93.74549102783203     -1
kind
     26     
    46800          153282     
       12.25000000000000  
 OBS            114
       3.53260378767305
       0.39029550051583
       1.00000000000000
 113 115 -1
obdef
loc3d
        4.93993476658470              0.67588412939320             29.35707092285156     -1
kind
     26     
    46800          153282     
       12.25000000000000  
 OBS            115
       1.81805204689671
       0.93993860876123
       1.00000000000000
 114 116 -1
obdef
loc3d
        4.93755681423869              0.67212761520231             23.80049896240234     -1
kind
     26     
    46800          153282     
       12.25000000000000  
 OBS            116
      -1.50981643975562
       1.30866563863816
       1.00000000000000
 115 117 -1
obdef
loc3d
        4.93524778363115              0.68687961042640            201.53530883789060     -1
kind
     26     
    46800          153282     
       12.25000000000000  
 OBS            117
       1.33979496254969
       0.32192424466043
       1.00000000000000
 116 118 -1
obdef
loc3d
        4.94487715611266              0.69284945127485            184.54177856445310     -1
kind
     26     
    46800          153282     
       12.25000000000000  
 OBS            118
      -2.35703103995287
       0.51739053469914
       1.00000000000000
 117 119 -1
obdef
loc3d
        4.93574679201688              0.68074234291388             92.12267303466797     -1
kind
     26     
    46800          153282     
       12.25000000000000  
 OBS            119
      -3.13164924472897
       0.92950727622890
       1.00000000000000
 118 120 -1
obdef
loc3d
        4.93948311897746              0.68677523412020            143.54531860351560     -1
kind
     26     
    46800          153282     
       12.25000000000000  
 OBS            120
      -2.00282971226728
       0.94813287504843
       1.00000000000000
 119 121 -1
obdef
loc3d
        4.93535147134114              0.68874818734546            154.91955566406250     -1
kind
     26     
    46800          153282     
       12.25000000000000  
 OBS            121
      -3.59272531978253
       0.87676494249468
       1.00000000000000
 120 122 -1
obdef
loc3d
        4.93998720508067              0.67099618858999             15.00000000000000     -1
kind
     26     
    46800          153282     
       12.25000000000000  
 OBS            122
       0.81350744705617
      -0.21410314099711
       1.00000000000000
 121 123 -1
obdef
loc3d
        4.95377154670010              0.68841616298427              1.00000000000000     -1
kind
     26     
    46800          153282     
       12.25000000000000  
 OBS            123
      -1.65562964657772
       0.44977844857454
       1.00000000000000
 122 124 -1
obdef
loc3d
        4.94369600674710              0.67424831199146             56.55799865722656     -1
kind
     26     
    46800          153282     
       12.25000000000000  
 OBS            124
      -3.27168177899539
       0.22085664591085
       1.00000000000000
 123 125 -1
obdef
loc3d
        4.94554915949750              0.67592825057405             27.37830162048340     -1
kind
     26     
    46800          153282     
       12.25000000000000  
 OBS            125
       8.28465005721548
       1.42836590482895
       1.00000000000000
 124 126 -1
obdef
loc3d
        4.93817225910204              0.68863985936718            220.11502075195310     -1
kind
     26     
    46800          153282     
       12.25000000000000  
 OBS            126
       0.37972647897735
       0.41908645890550
       1.00000000000000
 125 127 -1
obdef
loc3d
        4.94679227765370              0.67424304503817             25.38815879821777     -1
kind
     26     
    46800          153282     
       12.25000000000000  
 OBS            127
      -1.51755449098450
       0.65914593392467
       1.00000000000000
 126 128 -1
obdef
loc3d
        4.93825175772606              0.67415674930066             45.00000000000000     -1
kind
     26     
    46800          153282     
       12.25000000000000  
 OBS            128
      -6.36111674666775
       0.42526172534486
       1.00000000000000
 127 129 -1
obdef
loc3d
        4.94311892630401              0.68721450203000            155.69055175781250     -1
kind
     26     
    46800          153282     
       12.25000000000000  
 OBS            129
       1.13143797676289
       0.14669005492155
       1.00000000000000
 128 130 -1
obdef
loc3d
        4.94449382724881              0.67792071808206             14.15527343750000     -1
kind
     26     
    46800          153282     
       12.25000000000000  
 OBS            130
      -2.04282881275640
       0.75298005044710
       1.00000000000000
 129 131 -1
obdef
loc3d
        4.94565692959859              0.66987151098961             30.00000000000000     -1
kind
     26     
    46800          153282     
       12.25000000000000  
 OBS            131
      -1.30149350180971
       1.07442870993567
       1.00000000000000
 130 132 -1
obdef
loc3d
        4.93623940611723              0.68485115788194            160.48159790039060     -1
kind
     26     
    46800          153282     
       12.25000000000000  
 OBS            132
       1.41092815231211
       1.02695165420908
       1.00000000000000
 131 133 -1
obdef
loc3d
        4.93207688179052              0.69191340558627            266.88421630859381     -1
kind
     26     
    46800          153282     
       12.25000000000000  
 OBS            133
      -0.89417896795235
       0.56682794394300
       1.00000000000000
 132 134 -1
obdef
loc3d
        4.94337184525690              0.69048472086632            168.92642211914060     -1
kind
     26     
    46800          153282     
       12.25000000000000  
 OBS            134
       1.39853676168664
       1.77716940974843
       1.00000000000000
 133 135 -1
obdef
loc3d
        4.93083275656657              0.69156409584246            530.37139892578125     -1
kind
     26     
    46800          153282     
       12.25000000000000  
 OBS            135
       2.91792092055311
       1.12397416518183
       1.00000000000000
 134 136 -1
obdef
loc3d
        4.93576715774405              0.67026358084744             15.00000000000000     -1
kind
     26     
    46800          153282     
       12.25000000000000  
 OBS            136
      -8.01562665993550
       0.14268857774194
       1.00000000000000
 135 137 -1
obdef
loc3d
        4.94676264345478              0.69035499858378            170.37097167968750     -1
kind
     26     
    46800          153282     
       12.25000000000000  
 OBS            137
       0.79521485772924
       0.62875777297555
       1.00000000000000
 136 138 -1
obdef
loc3d
        4.94046883892718              0.69230960363225            232.29916381835940     -1
kind
     26     
    46800          153282     
       12.25000000000000  
 OBS            138
      -0.97728562487924
       0.60178408235203
       1.00000000000000
 137 139 -1
obdef
loc3d
        4.94668005348904              0.66792517272334             30.00000000000000     -1
kind
     26     
    46800          153282     
       12.25000000000000  
 OBS            139
       0.49686320974097
       1.41624860852270
       1.00000000000000
 138 140 -1
obdef
loc3d
        4.93142664351951              0.69067116425814            352.18109130859381     -1
kind
     26     
    46800          153282     
       12.25000000000000  
 OBS            140
       4.32114881318120
       1.29269519393642
       1.00000000000000
 139 141 -1
obdef
loc3d
        4.93315860158957              0.69236546390432            148.09797668457031     -1
kind
     26     
    46800          153282     
       12.25000000000000  
 OBS            141
       0.65064101645491
       0.10170191197927
       1.00000000000000
 140 142 -1
obdef
loc3d
        4.94330474517536              0.68101851702487             28.94674682617188     -1
kind
     26     
    46800          153282     
       12.25000000000000  
 OBS            142
      -0.91128660852893
       0.71217812351077
       1.00000000000000
 141 143 -1
obdef
loc3d
        4.93900329796962              0.68465687192145            135.10733032226560     -1
kind
     26     
    46800          153282     
       12.25000000000000  
 OBS            143
      -0.06525896145257
       0.55746801909436
       1.00000000000000
 142 144 -1
obdef
loc3d
        4.94044166392076              0.68262352587105            131.77731323242190     -1
kind
     26     
    46800          153282     
       12.25000000000000  
 OBS            144
      -4.20352542839241
       1.84270489940549
       1.00000000000000
 143 145 -1
obdef
loc3d
        4.92619210793233              0.68978851614430            140.91706848144531     -1
kind
     26     
    46800          153282     
       12.25000000000000  
 OBS            145
       3.02927484232391
       0.18662688540647
       1.00000000000000
 144 146 -1
obdef
loc3d
        4.94963312081941              0.66996996266355             29.99300956726074     -1
kind
     26     
    46800          153282     
       12.25000000000000  
 OBS            146
       8.31059509807941
       2.43185803510867
       1.00000000000000
 145 147 -1
obdef
loc3d
        4.92700392971737              0.68887132383449            128.38885498046881     -1
kind
     26     
    46800          153282     
       12.25000000000000  
 OBS            147
       4.71831958899454
       0.87131103756697
       1.00000000000000
 146 148 -1
obdef
loc3d
        4.94246333188258              0.67229541033138             45.31371688842773     -1
kind
     26     
    46800          153282     
       12.25000000000000  
 OBS            148
       0.23633766243050
       0.55964001489456
       1.00000000000000
 147 149 -1
obdef
loc3d
        4.94297820410103              0.68302629331082             53.72113800048828     -1
kind
     26     
    46800          153282     
       12.25000000000000  
 OBS            149
      -3.15772338570906
       0.00038534793345
       1.00000000000000
 148 150 -1
obdef
loc3d
        4.94625467437127              0.67931016686449             42.11843872070312     -1
kind
     26     
    46800          153282     
       12.25000000000000  
 OBS            150
       3.61898368925387
       0.78383047256248
       1.00000000000000
 149 151 -1
obdef
loc3d
        4.93718236751881              0.69150375136553            153.15858459472659     -1
kind
     26     
    46800          153282     
       12.25000000000000  
 OBS            151
     294.30196723970687
     295.43322337345199
       1.00000000000000
 150 152 -1
obdef
loc3d
        4.90540352515539              0.69194112440599            606.33142089843750     -1
kind
     27     
    46800          153282     
        6.25000000000000  
 OBS            152
     298.79063694060955
     298.26287906142301
       1.00000000000000
 151 153 -1
obdef
loc3d
        4.94546412681761              0.68348353984884             17.75631332397461     -1
kind
     27     
    46800          153282     
        6.25000000000000  
 OBS            153
     297.76277691761300
     299.07839821648002
       1.00000000000000
 152 154 -1
obdef
loc3d
        4.94660974174000              0.67744857875853             29.35406684875488     -1
kind
     27     
    46800          153282     
        6.25000000000000  
 OBS            154
     298.13084090547721
     298.35937444422598
       1.00000000000000
 153 155 -1
obdef
loc3d
        4.94648126630843              0.68652865419204             54.82812500000000     -1
kind
     27     
    46800          153282     
        6.25000000000000  
 OBS            155
     299.14014314263653
     298.20315444406100
       1.00000000000000
 154 156 -1
obdef
loc3d
        4.94445426011379              0.68507566758975             62.61011505126953     -1
kind
     27     
    46800          153282     
        6.25000000000000  
 OBS            156
     297.63452487874633
     297.40606732915103
       1.00000000000000
 155 157 -1
obdef
loc3d
        4.94602055174578              0.68752162087271            134.15721130371091     -1
kind
     27     
    46800          153282     
        6.25000000000000  
 OBS            157
     300.14855927557397
     298.93650451212898
       1.00000000000000
 156 158 -1
obdef
loc3d
        4.94603912728501              0.67254511985829             35.00297546386719     -1
kind
     27     
    46800          153282     
        6.25000000000000  
 OBS            158
     295.72778123783019
     298.51807756127101
       1.00000000000000
 157 159 -1
obdef
loc3d
        4.95877904994953              0.67986585977255             17.04111671447754     -1
kind
     27     
    46800          153282     
        6.25000000000000  
 OBS            159
     297.19549370841224
     297.46350955366501
       1.00000000000000
 158 160 -1
obdef
loc3d
        4.93958042817759              0.69095160998657            226.13127136230469     -1
kind
     27     
    46800          153282     
        6.25000000000000  
 OBS            160
     296.62782590850514
     297.47115165001202
       1.00000000000000
 159 161 -1
obdef
loc3d
        4.95756313665553              0.69181797222864             89.84997558593750     -1
kind
     27     
    46800          153282     
        6.25000000000000  
 OBS            161
     298.65362599654588
     299.27359281328802
       1.00000000000000
 160 162 -1
obdef
loc3d
        4.94078657111844              0.67409210989409             60.81152343750000     -1
kind
     27     
    46800          153282     
        6.25000000000000  
 OBS            162
     299.45064369245614
     300.34066353740099
       1.00000000000000
 161 163 -1
obdef
loc3d
        4.95557846691255              0.67267262139613              1.00000000000000     -1
kind
     27     
    46800          153282     
        6.25000000000000  
 OBS            163
     296.72872459318842
     296.38933022979000
       1.00000000000000
 162 164 -1
obdef
loc3d
        4.93193348448080              0.68856418981073            106.00000000000000     -1
kind
     27     
    46800          153282     
        6.25000000000000  
 OBS            164
     291.78583719681262
     292.45413813406600
       1.00000000000000
 163 165 -1
obdef
loc3d
        4.89970838141578              0.68765245249877            785.09423828125000     -1
kind
     27     
    46800          153282     
        6.25000000000000  
 OBS            165
     297.48340262039551
     296.82921685034898
       1.00000000000000
 164 166 -1
obdef
loc3d
        4.95026814558372              0.68993059237416             93.11567687988281     -1
kind
     27     
    46800          153282     
        6.25000000000000  
 OBS            166
     298.24629358983401
     297.24879058778703
       1.00000000000000
 165 167 -1
obdef
loc3d
        4.94174512165160              0.68484635226999            116.56585693359381     -1
kind
     27     
    46800          153282     
        6.25000000000000  
 OBS            167
     299.52687085265364
     298.55699507492199
       1.00000000000000
 166 168 -1
obdef
loc3d
        4.95420735021482              0.68473663912788             15.00000000000000     -1
kind
     27     
    46800          153282     
        6.25000000000000  
 OBS            168
     297.52351179062981
     297.64830354673398
       1.00000000000000
 167 169 -1
obdef
loc3d
        4.93477042118681              0.68310638816012            118.89588928222661     -1
kind
     27     
    46800          153282     
        6.25000000000000  
 OBS            169
     298.60463184186568
     297.73120292532900
       1.00000000000000
 168 170 -1
obdef
loc3d
        4.93795631029682              0.68276407673392            144.94107055664060     -1
kind
     27     
    46800          153282     
        6.25000000000000  
 OBS            170
     298.09446130747926
     298.06361497681303
       1.00000000000000
 169 171 -1
obdef
loc3d
        4.94001671685736              0.68064929967652             43.67281723022461     -1
kind
     27     
    46800          153282     
        6.25000000000000  
 OBS            171
     300.08747128864604
     298.92135988245400
       1.00000000000000
 170 172 -1
obdef
loc3d
        4.94058460161740              0.67807181314514             70.17810058593750     -1
kind
     27     
    46800          153282     
        6.25000000000000  
 OBS            172
     300.09961040004976
     299.29449012083398
       1.00000000000000
 171 173 -1
obdef
loc3d
        4.95423295419494              0.68033176843505              3.71636104583740     -1
kind
     27     
    46800          153282     
        6.25000000000000  
 OBS            173
     298.82509034775126
     299.86528408834101
       1.00000000000000
 172 174 -1
obdef
loc3d
        4.94926894458696              0.66642585587446             10.91526031494141     -1
kind
     27     
    46800          153282     
        6.25000000000000  
 OBS            174
     300.13342870145306
     300.75495593679398
       1.00000000000000
 173 175 -1
obdef
loc3d
        4.96223480186848              0.66700036066835              5.00000000000000     -1
kind
     27     
    46800          153282     
        6.25000000000000  
 OBS            175
     300.68540061836126
     299.03702859831901
       1.00000000000000
 174 176 -1
obdef
loc3d
        4.95546148971009              0.67729393735082              6.17724800109863     -1
kind
     27     
    46800          153282     
        6.25000000000000  
 OBS            176
     296.63236989102063
     295.68374418506897
       1.00000000000000
 175 177 -1
obdef
loc3d
        4.92652723985629              0.69051382381431            146.04148864746091     -1
kind
     27     
    46800          153282     
        6.25000000000000  
 OBS            177
     300.43209207628706
     299.98155181821602
       1.00000000000000
 176 178 -1
obdef
loc3d
        4.96366005344362              0.66920346185787              6.00000000000000     -1
kind
     27     
    46800          153282     
        6.25000000000000  
 OBS            178
     299.68079245509495
     299.63732984789999
       1.00000000000000
 177 179 -1
obdef
loc3d
        4.97052949833720              0.66907739847133              8.84140872955322     -1
kind
     27     
    46800          153282     
        6.25000000000000  
 OBS            179
     297.94011859070866
     296.27385973063400
       1.00000000000000
 178 180 -1
obdef
loc3d
        4.93727739535368              0.69277976810143            187.24655151367190     -1
kind
     27     
    46800          153282     
        6.25000000000000  
 OBS            180
     298.51767359725153
     298.69346532538998
       1.00000000000000
 179 181 -1
obdef
loc3d
        4.94575592838423              0.68143846111579             35.01654815673828     -1
kind
     27     
    46800          153282     
        6.25000000000000  
 OBS            181
     296.64813649774658
     296.45351208855197
       1.00000000000000
 180 182 -1
obdef
loc3d
        4.93184075890513              0.68784163962489             92.58054351806641     -1
kind
     27     
    46800          153282     
        6.25000000000000  
 OBS            182
     296.55721124381961
     296.82485208319201
       1.00000000000000
 181 183 -1
obdef
loc3d
        4.94081711590956              0.68854862967758            162.55853271484381     -1
kind
     27     
    46800          153282     
        6.25000000000000  
 OBS            183
     300.41006123575829
     299.23887327933699
       1.00000000000000
 182 184 -1
obdef
loc3d
        4.94249854456299              0.67650785339572             60.39866638183594     -1
kind
     27     
    46800          153282     
        6.25000000000000  
 OBS            184
     296.38418890256594
     296.42338194194099
       1.00000000000000
 183 185 -1
obdef
loc3d
        4.93162931041089              0.68282844530430             93.04485321044922     -1
kind
     27     
    46800          153282     
        6.25000000000000  
 OBS            185
     295.71011531309455
     295.75430833386798
       1.00000000000000
 184 186 -1
obdef
loc3d
        4.93293180012842              0.69147876068069            106.50605773925780     -1
kind
     27     
    46800          153282     
        6.25000000000000  
 OBS            186
     299.59438363180425
     298.40263766553301
       1.00000000000000
 185 187 -1
obdef
loc3d
        4.94231542915734              0.67925336633936             45.80761718750000     -1
kind
     27     
    46800          153282     
        6.25000000000000  
 OBS            187
     299.33013022074243
     299.23706856765398
       1.00000000000000
 186 188 -1
obdef
loc3d
        4.94267046375275              0.67009027494016             28.73577499389648     -1
kind
     27     
    46800          153282     
        6.25000000000000  
 OBS            188
     295.76936279483658
     296.72105457213502
       1.00000000000000
 187 189 -1
obdef
loc3d
        4.95301390972552              0.69283749825579             93.74549102783203     -1
kind
     27     
    46800          153282     
        6.25000000000000  
 OBS            189
     298.28684341077889
     298.95643410141599
       1.00000000000000
 188 190 -1
obdef
loc3d
        4.93993476658470              0.67588412939320             29.35707092285156     -1
kind
     27     
    46800          153282     
        6.25000000000000  
 OBS            190
     298.97584805660034
     299.15119513889402
       1.00000000000000
 189 191 -1
obdef
loc3d
        4.93755681423869              0.67212761520231             23.80049896240234     -1
kind
     27     
    46800          153282     
        6.25000000000000  
 OBS            191
     296.60356370569230
     297.41539541489601
       1.00000000000000
 190 192 -1
obdef
loc3d
        4.93524778363115              0.68687961042640            201.53530883789060     -1
kind
     27     
    46800          153282     
        6.25000000000000  
 OBS            192
     296.59655349902891
     296.92048793051401
       1.00000000000000
 191 193 -1
obdef
loc3d
        4.94487715611266              0.69284945127485            184.54177856445310     -1
kind
     27     
    46800          153282     
        6.25000000000000  
 OBS            193
     298.76293218448848
     298.20069551254198
       1.00000000000000
 192 194 -1
obdef
loc3d
        4.93574679201688              0.68074234291388             92.12267303466797     -1
kind
     27     
    46800          153282     
        6.25000000000000  
 OBS            194
     296.90023839407775
     297.07956007925799
       1.00000000000000
 193 195 -1
obdef
loc3d
        4.93948311897746              0.68677523412020            143.54531860351560     -1
kind
     27     
    46800          153282     
        6.25000000000000  
 OBS            195
     295.73384311688255
     297.12364617211102
       1.00000000000000
 194 196 -1
obdef
loc3d
        4.93535147134114              0.68874818734546            154.91955566406250     -1
kind
     27     
    46800          153282     
        6.25000000000000  
 OBS            196
     298.70272790341988
     299.52375057087102
       1.00000000000000
 195 197 -1
obdef
loc3d
        4.93998720508067              0.67099618858999             15.00000000000000     -1
kind
     27     
    46800          153282     
        6.25000000000000  
 OBS            197
     297.79581026810490
     297.23696784878803
       1.00000000000000
 196 198 -1
obdef
loc3d
        4.95377154670010              0.68841616298427              1.00000000000000     -1
kind
     27     
    46800          153282     
        6.25000000000000  
 OBS            198
     301.67718646797022
     299.20296321224600
       1.00000000000000
 197 199 -1
obdef
loc3d
        4.94369600674710              0.67424831199146             56.55799865722656     -1
kind
     27     
    46800          153282     
        6.25000000000000  
 OBS            199
     298.24607210032815
     298.81272597348499
       1.00000000000000
 198 200 -1
obdef
loc3d
        4.94554915949750              0.67592825057405             27.37830162048340     -1
kind
     27     
    46800          153282     
        6.25000000000000  
 OBS            200
     298.16191590759945
     297.71281916735899
       1.00000000000000
 199 201 -1
obdef
loc3d
        4.93817225910204              0.68863985936718            220.11502075195310     -1
kind
     27     
    46800          153282     
        6.25000000000000  
 OBS            201
     298.01183226218222
     299.00325794424799
       1.00000000000000
 200 202 -1
obdef
loc3d
        4.94679227765370              0.67424304503817             25.38815879821777     -1
kind
     27     
    46800          153282     
        6.25000000000000  
 OBS            202
     297.31148620548407
     299.18035014630198
       1.00000000000000
 201 203 -1
obdef
loc3d
        4.93825175772606              0.67415674930066             45.00000000000000     -1
kind
     27     
    46800          153282     
        6.25000000000000  
 OBS            203
     297.92246914730356
     297.12418504578301
       1.00000000000000
 202 204 -1
obdef
loc3d
        4.94311892630401              0.68721450203000            155.69055175781250     -1
kind
     27     
    46800          153282     
        6.25000000000000  
 OBS            204
     297.25512448833268
     298.72241353127203
       1.00000000000000
 203 205 -1
obdef
loc3d
        4.94449382724881              0.67792071808206             14.15527343750000     -1
kind
     27     
    46800          153282     
        6.25000000000000  
 OBS            205
     299.15889335233567
     299.48771260395199
       1.00000000000000
 204 206 -1
obdef
loc3d
        4.94565692959859              0.66987151098961             30.00000000000000     -1
kind
     27     
    46800          153282     
        6.25000000000000  
 OBS            206
     298.08234740221491
     297.27696220307399
       1.00000000000000
 205 207 -1
obdef
loc3d
        4.93623940611723              0.68485115788194            160.48159790039060     -1
kind
     27     
    46800          153282     
        6.25000000000000  
 OBS            207
     295.51949681622659
     296.24936739927898
       1.00000000000000
 206 208 -1
obdef
loc3d
        4.93207688179052              0.69191340558627            266.88421630859381     -1
kind
     27     
    46800          153282     
        6.25000000000000  
 OBS            208
     297.94523615984065
     297.39625872932402
       1.00000000000000
 207 209 -1
obdef
loc3d
        4.94337184525690              0.69048472086632            168.92642211914060     -1
kind
     27     
    46800          153282     
        6.25000000000000  
 OBS            209
     294.10928896359576
     295.76330618690002
       1.00000000000000
 208 210 -1
obdef
loc3d
        4.93083275656657              0.69156409584246            530.37139892578125     -1
kind
     27     
    46800          153282     
        6.25000000000000  
 OBS            210
     299.95518804613556
     299.43122184642698
       1.00000000000000
 209 211 -1
obdef
loc3d
        4.93576715774405              0.67026358084744             15.00000000000000     -1
kind
     27     
    46800          153282     
        6.25000000000000  
 OBS            211
     296.67098097680133
     296.48856442901200
       1.00000000000000
 210 212 -1
obdef
loc3d
        4.94676264345478              0.69035499858378            170.37097167968750     -1
kind
     27     
    46800          153282     
        6.25000000000000  
 OBS            212
     296.96658126279806
     296.74738297851701
       1.00000000000000
 211 213 -1
obdef
loc3d
        4.94046883892718              0.69230960363225            232.29916381835940     -1
kind
     27     
    46800          153282     
        6.25000000000000  
 OBS            213
     298.75197610298176
     299.53319854769398
       1.00000000000000
 212 214 -1
obdef
loc3d
        4.94668005348904              0.66792517272334             30.00000000000000     -1
kind
     27     
    46800          153282     
        6.25000000000000  
 OBS            214
     295.91966408629179
     296.11305970198600
       1.00000000000000
 213 215 -1
obdef
loc3d
        4.93142664351951              0.69067116425814            352.18109130859381     -1
kind
     27     
    46800          153282     
        6.25000000000000  
 OBS            215
     294.68689442705198
     295.90829389996100
       1.00000000000000
 214 216 -1
obdef
loc3d
        4.93315860158957              0.69236546390432            148.09797668457031     -1
kind
     27     
    46800          153282     
        6.25000000000000  
 OBS            216
     297.13147183412161
     298.83152649708700
       1.00000000000000
 215 217 -1
obdef
loc3d
        4.94330474517536              0.68101851702487             28.94674682617188     -1
kind
     27     
    46800          153282     
        6.25000000000000  
 OBS            217
     296.63814417294122
     297.07148963337198
       1.00000000000000
 216 218 -1
obdef
loc3d
        4.93900329796962              0.68465687192145            135.10733032226560     -1
kind
     27     
    46800          153282     
        6.25000000000000  
 OBS            218
     297.42533964786071
     298.40024191842502
       1.00000000000000
 217 219 -1
obdef
loc3d
        4.94044166392076              0.68262352587105            131.77731323242190     -1
kind
     27     
    46800          153282     
        6.25000000000000  
 OBS            219
     295.00673136837997
     295.51944233903401
       1.00000000000000
 218 220 -1
obdef
loc3d
        4.92619210793233              0.68978851614430            140.91706848144531     -1
kind
     27     
    46800          153282     
        6.25000000000000  
 OBS            220
     301.77407404819900
     300.04302994117302
       1.00000000000000
 219 221 -1
obdef
loc3d
        4.94963312081941              0.66996996266355             29.99300956726074     -1
kind
     27     
    46800          153282     
        6.25000000000000  
 OBS            221
     296.12199448165762
     296.13906334933199
       1.00000000000000
 220 222 -1
obdef
loc3d
        4.92700392971737              0.68887132383449            128.38885498046881     -1
kind
     27     
    46800          153282     
        6.25000000000000  
 OBS            222
     298.08397549984841
     299.27538827898798
       1.00000000000000
 221 223 -1
obdef
loc3d
        4.94246333188258              0.67229541033138             45.31371688842773     -1
kind
     27     
    46800          153282     
        6.25000000000000  
 OBS            223
     300.02396063968683
     298.28114280458101
       1.00000000000000
 222 224 -1
obdef
loc3d
        4.94297820410103              0.68302629331082             53.72113800048828     -1
kind
     27     
    46800          153282     
        6.25000000000000  
 OBS            224
     298.52000444373596
     298.80612536435098
       1.00000000000000
 223 225 -1
obdef
loc3d
        4.94625467437127              0.67931016686449             42.11843872070312     -1
kind
     27     
    46800          153282     
        6.25000000000000  
 OBS            225
     297.14632614576090
     296.86882216059098
       1.00000000000000
 224 -1 -1
obdef
loc3d
        4.93718236751881              0.69150375136553            153.15858459472659     -1
kind
     27     
    46800          153282     
        6.25000000000000  
