 obs_sequence
obs_kind_definitions
       3
    25          LAND_SFC_U_WIND_COMPONENT   
    26          LAND_SFC_V_WIND_COMPONENT   
    27          LAND_SFC_TEMPERATURE   
  num_copies:            2  num_qc:            1
 num_obs:       225  max_num_obs:       225
observations
truth
QC radar
  first:            1  last:       225
 OBS            1
      -4.32650494085303
       0.74659866519842
       1.00000000000000
 -1 2 -1
obdef
loc3d
        4.90540352515539              0.69194112440599            606.33142089843750     -1
kind
     25     
    48600          153282     
       12.25000000000000  
 OBS            2
       1.11493341773503
       0.60683145322237
       1.00000000000000
 1 3 -1
obdef
loc3d
        4.94546412681761              0.68348353984884             17.75631332397461     -1
kind
     25     
    48600          153282     
       12.25000000000000  
 OBS            3
      -1.12731548944810
       1.11447358456293
       1.00000000000000
 2 4 -1
obdef
loc3d
        4.94660974174000              0.67744857875853             29.35406684875488     -1
kind
     25     
    48600          153282     
       12.25000000000000  
 OBS            4
      -1.37083237976017
       0.11714443071565
       1.00000000000000
 3 5 -1
obdef
loc3d
        4.94648126630843              0.68652865419204             54.82812500000000     -1
kind
     25     
    48600          153282     
       12.25000000000000  
 OBS            5
       1.40687507026222
       0.06480754644011
       1.00000000000000
 4 6 -1
obdef
loc3d
        4.94445426011379              0.68507566758975             62.61011505126953     -1
kind
     25     
    48600          153282     
       12.25000000000000  
 OBS            6
      -2.44139369766260
       0.42920087633282
       1.00000000000000
 5 7 -1
obdef
loc3d
        4.94602055174578              0.68752162087271            134.15721130371091     -1
kind
     25     
    48600          153282     
       12.25000000000000  
 OBS            7
       2.81734034415657
       1.30417411216050
       1.00000000000000
 6 8 -1
obdef
loc3d
        4.94603912728501              0.67254511985829             35.00297546386719     -1
kind
     25     
    48600          153282     
       12.25000000000000  
 OBS            8
       5.95003559439738
       0.67491638410401
       1.00000000000000
 7 9 -1
obdef
loc3d
        4.95877904994953              0.67986585977255             17.04111671447754     -1
kind
     25     
    48600          153282     
       12.25000000000000  
 OBS            9
       0.72870256062557
       0.44481456344589
       1.00000000000000
 8 10 -1
obdef
loc3d
        4.93958042817759              0.69095160998657            226.13127136230469     -1
kind
     25     
    48600          153282     
       12.25000000000000  
 OBS            10
      -3.45809604353314
       0.19459301126212
       1.00000000000000
 9 11 -1
obdef
loc3d
        4.95756313665553              0.69181797222864             89.84997558593750     -1
kind
     25     
    48600          153282     
       12.25000000000000  
 OBS            11
      -2.90517030554698
       1.21064720012006
       1.00000000000000
 10 12 -1
obdef
loc3d
        4.94078657111844              0.67409210989409             60.81152343750000     -1
kind
     25     
    48600          153282     
       12.25000000000000  
 OBS            12
      -1.62585814923813
       0.85862766838044
       1.00000000000000
 11 13 -1
obdef
loc3d
        4.95557846691255              0.67267262139613              1.00000000000000     -1
kind
     25     
    48600          153282     
       12.25000000000000  
 OBS            13
      -5.92315641146456
       0.30801105332899
       1.00000000000000
 12 14 -1
obdef
loc3d
        4.93193348448080              0.68856418981073            106.00000000000000     -1
kind
     25     
    48600          153282     
       12.25000000000000  
 OBS            14
       0.73913961755528
      -0.19009882772732
       1.00000000000000
 13 15 -1
obdef
loc3d
        4.89970838141578              0.68765245249877            785.09423828125000     -1
kind
     25     
    48600          153282     
       12.25000000000000  
 OBS            15
       2.09867887926490
       0.34763025682086
       1.00000000000000
 14 16 -1
obdef
loc3d
        4.95026814558372              0.68993059237416             93.11567687988281     -1
kind
     25     
    48600          153282     
       12.25000000000000  
 OBS            16
      -1.09425843728635
       0.54253264511588
       1.00000000000000
 15 17 -1
obdef
loc3d
        4.94174512165160              0.68484635226999            116.56585693359381     -1
kind
     25     
    48600          153282     
       12.25000000000000  
 OBS            17
       0.83078106605814
       0.52786949848674
       1.00000000000000
 16 18 -1
obdef
loc3d
        4.95420735021482              0.68473663912788             15.00000000000000     -1
kind
     25     
    48600          153282     
       12.25000000000000  
 OBS            18
       0.15628448614212
       0.87265958865251
       1.00000000000000
 17 19 -1
obdef
loc3d
        4.93477042118681              0.68310638816012            118.89588928222661     -1
kind
     25     
    48600          153282     
       12.25000000000000  
 OBS            19
      -0.75522074464922
       0.96143724457798
       1.00000000000000
 18 20 -1
obdef
loc3d
        4.93795631029682              0.68276407673392            144.94107055664060     -1
kind
     25     
    48600          153282     
       12.25000000000000  
 OBS            20
      -3.20401593543827
       0.48090739822794
       1.00000000000000
 19 21 -1
obdef
loc3d
        4.94001671685736              0.68064929967652             43.67281723022461     -1
kind
     25     
    48600          153282     
       12.25000000000000  
 OBS            21
       0.69168259805648
       1.12448212212877
       1.00000000000000
 20 22 -1
obdef
loc3d
        4.94058460161740              0.67807181314514             70.17810058593750     -1
kind
     25     
    48600          153282     
       12.25000000000000  
 OBS            22
      -1.89750563388862
       1.19985920451538
       1.00000000000000
 21 23 -1
obdef
loc3d
        4.95423295419494              0.68033176843505              3.71636104583740     -1
kind
     25     
    48600          153282     
       12.25000000000000  
 OBS            23
      -0.98238925470477
       1.02387465765194
       1.00000000000000
 22 24 -1
obdef
loc3d
        4.94926894458696              0.66642585587446             10.91526031494141     -1
kind
     25     
    48600          153282     
       12.25000000000000  
 OBS            24
      -2.99990259466958
       0.98031097058321
       1.00000000000000
 23 25 -1
obdef
loc3d
        4.96223480186848              0.66700036066835              5.00000000000000     -1
kind
     25     
    48600          153282     
       12.25000000000000  
 OBS            25
      -2.51105916343467
       0.70809208964406
       1.00000000000000
 24 26 -1
obdef
loc3d
        4.95546148971009              0.67729393735082              6.17724800109863     -1
kind
     25     
    48600          153282     
       12.25000000000000  
 OBS            26
       3.64687557294836
       1.11768070441759
       1.00000000000000
 25 27 -1
obdef
loc3d
        4.92652723985629              0.69051382381431            146.04148864746091     -1
kind
     25     
    48600          153282     
       12.25000000000000  
 OBS            27
      -0.31102004948709
       0.87846096767384
       1.00000000000000
 26 28 -1
obdef
loc3d
        4.96366005344362              0.66920346185787              6.00000000000000     -1
kind
     25     
    48600          153282     
       12.25000000000000  
 OBS            28
       7.63909330167897
       1.08134651542042
       1.00000000000000
 27 29 -1
obdef
loc3d
        4.97052949833720              0.66907739847133              8.84140872955322     -1
kind
     25     
    48600          153282     
       12.25000000000000  
 OBS            29
       2.34482468115310
       0.05032456601079
       1.00000000000000
 28 30 -1
obdef
loc3d
        4.95272465676814              0.69285338512106             17.57446289062500     -1
kind
     25     
    48600          153282     
       12.25000000000000  
 OBS            30
       2.12160464322829
       0.11002485199309
       1.00000000000000
 29 31 -1
obdef
loc3d
        4.94895487610473              0.69270373762026            144.09075927734381     -1
kind
     25     
    48600          153282     
       12.25000000000000  
 OBS            31
       2.70883952034215
       0.20882066890701
       1.00000000000000
 30 32 -1
obdef
loc3d
        4.94293085461737              0.69053117803871            168.92642211914060     -1
kind
     25     
    48600          153282     
       12.25000000000000  
 OBS            32
      -4.09009203937298
       1.33615177342831
       1.00000000000000
 31 33 -1
obdef
loc3d
        4.93556788041953              0.67027828664670             15.00000000000000     -1
kind
     25     
    48600          153282     
       12.25000000000000  
 OBS            33
       1.92687678060006
       1.25224407058668
       1.00000000000000
 32 34 -1
obdef
loc3d
        4.94611628544174              0.67496858055017             35.03607940673828     -1
kind
     25     
    48600          153282     
       12.25000000000000  
 OBS            34
       1.21143981727685
       1.35188255237260
       1.00000000000000
 33 35 -1
obdef
loc3d
        4.94304709522229              0.67138694960003             45.00000000000000     -1
kind
     25     
    48600          153282     
       12.25000000000000  
 OBS            35
       4.35436017323315
       0.93470407121120
       1.00000000000000
 34 36 -1
obdef
loc3d
        4.94323627307922              0.67609935421143             50.91764831542969     -1
kind
     25     
    48600          153282     
       12.25000000000000  
 OBS            36
      -0.43351667122841
       1.04707076012164
       1.00000000000000
 35 37 -1
obdef
loc3d
        4.94382880471830              0.67878617658979             35.27229690551758     -1
kind
     25     
    48600          153282     
       12.25000000000000  
 OBS            37
       3.56304252342848
       0.53712734496622
       1.00000000000000
 36 38 -1
obdef
loc3d
        4.94220707390035              0.68781081917460            173.94366455078119     -1
kind
     25     
    48600          153282     
       12.25000000000000  
 OBS            38
       9.35584791382193
       1.68631032977735
       1.00000000000000
 37 39 -1
obdef
loc3d
        4.92755542120837              0.68675243746254            174.61849975585940     -1
kind
     25     
    48600          153282     
       12.25000000000000  
 OBS            39
       0.38299957164954
       0.74055106692148
       1.00000000000000
 38 40 -1
obdef
loc3d
        4.93770287749180              0.68559892863867            149.84144592285159     -1
kind
     25     
    48600          153282     
       12.25000000000000  
 OBS            40
      -1.59271425124204
       1.70216065166741
       1.00000000000000
 39 41 -1
obdef
loc3d
        4.92848130899840              0.69282991767383            196.64169311523440     -1
kind
     25     
    48600          153282     
       12.25000000000000  
 OBS            41
      -1.78969733256368
       1.46057664556758
       1.00000000000000
 40 42 -1
obdef
loc3d
        4.94329123891126              0.66857696973652             21.80461120605469     -1
kind
     25     
    48600          153282     
       12.25000000000000  
 OBS            42
       4.99527146822516
      -0.27347842595444
       1.00000000000000
 41 43 -1
obdef
loc3d
        4.93215285315783              0.69272179551745            405.54205322265619     -1
kind
     25     
    48600          153282     
       12.25000000000000  
 OBS            43
      -0.62080220400142
      -0.00692831669502
       1.00000000000000
 42 44 -1
obdef
loc3d
        4.93085954966869              0.68304429171430             90.32812500000000     -1
kind
     25     
    48600          153282     
       12.25000000000000  
 OBS            44
      -0.46065616731511
       0.98112397530758
       1.00000000000000
 43 45 -1
obdef
loc3d
        4.93705662369825              0.67280917017713             44.45593643188477     -1
kind
     25     
    48600          153282     
       12.25000000000000  
 OBS            45
      -3.08682112557797
       0.05320328497990
       1.00000000000000
 44 46 -1
obdef
loc3d
        4.94512604639754              0.69281773274108            184.54177856445310     -1
kind
     25     
    48600          153282     
       12.25000000000000  
 OBS            46
       0.69969761884167
      -0.00027495186924
       1.00000000000000
 45 47 -1
obdef
loc3d
        4.94897278262263              0.68784055253573             58.60614395141602     -1
kind
     25     
    48600          153282     
       12.25000000000000  
 OBS            47
       0.77915894176259
       0.86302699893904
       1.00000000000000
 46 48 -1
obdef
loc3d
        4.94602769361993              0.68071046350214             21.00896453857422     -1
kind
     25     
    48600          153282     
       12.25000000000000  
 OBS            48
      -0.01978081805807
       1.62897649443711
       1.00000000000000
 47 49 -1
obdef
loc3d
        4.93975094338173              0.67132086947702             44.21312713623047     -1
kind
     25     
    48600          153282     
       12.25000000000000  
 OBS            49
       4.40715375092723
       0.71953614719601
       1.00000000000000
 48 50 -1
obdef
loc3d
        4.93608481943111              0.69281990441712            165.01060485839841     -1
kind
     25     
    48600          153282     
       12.25000000000000  
 OBS            50
       6.33702219619745
       0.99307599456047
       1.00000000000000
 49 51 -1
obdef
loc3d
        4.92159319416735              0.69282443720594            292.33944702148438     -1
kind
     25     
    48600          153282     
       12.25000000000000  
 OBS            51
       1.98450737259216
       0.11943637391244
       1.00000000000000
 50 52 -1
obdef
loc3d
        4.93873881518950              0.68829597049600            229.64634704589841     -1
kind
     25     
    48600          153282     
       12.25000000000000  
 OBS            52
      -5.32284986706293
       1.11396150397356
       1.00000000000000
 51 53 -1
obdef
loc3d
        4.93527083413009              0.68767784768684            170.73742675781250     -1
kind
     25     
    48600          153282     
       12.25000000000000  
 OBS            53
       1.32633058271733
       0.39070096516780
       1.00000000000000
 52 54 -1
obdef
loc3d
        4.94662113618514              0.69029960200592            170.37097167968750     -1
kind
     25     
    48600          153282     
       12.25000000000000  
 OBS            54
      -2.46203637744905
       0.88294406994984
       1.00000000000000
 53 55 -1
obdef
loc3d
        4.93429249379945              0.69052021135789            149.81713867187500     -1
kind
     25     
    48600          153282     
       12.25000000000000  
 OBS            55
       6.25797969335123
       0.59251701701957
       1.00000000000000
 54 56 -1
obdef
loc3d
        4.93269049343414              0.68556567101287            183.19726562500000     -1
kind
     25     
    48600          153282     
       12.25000000000000  
 OBS            56
       4.54476694956154
       0.67921336989415
       1.00000000000000
 55 57 -1
obdef
loc3d
        4.96102089029673              0.67774516842699             17.24609375000000     -1
kind
     25     
    48600          153282     
       12.25000000000000  
 OBS            57
      -3.56399907562418
       0.14059213564988
       1.00000000000000
 56 58 -1
obdef
loc3d
        4.95766343385975              0.68587140474105             17.20619201660156     -1
kind
     25     
    48600          153282     
       12.25000000000000  
 OBS            58
       2.03555237870111
       1.05517732310375
       1.00000000000000
 57 59 -1
obdef
loc3d
        4.96848382491262              0.66600327539335              8.93466186523438     -1
kind
     25     
    48600          153282     
       12.25000000000000  
 OBS            59
       3.23514247551337
       0.49338933782807
       1.00000000000000
 58 60 -1
obdef
loc3d
        4.95841046678131              0.68356976794003             15.00000000000000     -1
kind
     25     
    48600          153282     
       12.25000000000000  
 OBS            60
       0.58536970509273
       0.83859906003042
       1.00000000000000
 59 61 -1
obdef
loc3d
        4.95968425198686              0.67283122878530              9.91464328765869     -1
kind
     25     
    48600          153282     
       12.25000000000000  
 OBS            61
      -0.53388610798723
       0.71667406511026
       1.00000000000000
 60 62 -1
obdef
loc3d
        4.95850938370535              0.67569847985950              9.09960937500000     -1
kind
     25     
    48600          153282     
       12.25000000000000  
 OBS            62
      -1.77684933582059
       0.48517323045821
       1.00000000000000
 61 63 -1
obdef
loc3d
        4.96062039600501              0.68186605212913             14.00000000000000     -1
kind
     25     
    48600          153282     
       12.25000000000000  
 OBS            63
      -0.98011933958822
       0.48255220573322
       1.00000000000000
 62 64 -1
obdef
loc3d
        4.96044430349621              0.68522255501691             15.00000000000000     -1
kind
     25     
    48600          153282     
       12.25000000000000  
 OBS            64
      -3.64589044980263
       0.77433468793055
       1.00000000000000
 63 65 -1
obdef
loc3d
        4.95666979050607              0.68165969365477             15.07347202301025     -1
kind
     25     
    48600          153282     
       12.25000000000000  
 OBS            65
       2.99721297244001
       1.12949663713476
       1.00000000000000
 64 66 -1
obdef
loc3d
        4.96483712939352              0.66390373451953              6.00000000000000     -1
kind
     25     
    48600          153282     
       12.25000000000000  
 OBS            66
       5.76518926032178
       0.90707586710297
       1.00000000000000
 65 67 -1
obdef
loc3d
        4.96717335385836              0.67072562238302             13.76562500000000     -1
kind
     25     
    48600          153282     
       12.25000000000000  
 OBS            67
       1.38071464067150
       0.20048804728723
       1.00000000000000
 66 68 -1
obdef
loc3d
        4.96004611966382              0.68820120365869             15.00000000000000     -1
kind
     25     
    48600          153282     
       12.25000000000000  
 OBS            68
       4.32738099439187
       0.23369826948953
       1.00000000000000
 67 69 -1
obdef
loc3d
        4.95406364445895              0.69009645468583             54.42578125000000     -1
kind
     25     
    48600          153282     
       12.25000000000000  
 OBS            69
      -0.40489731569015
       0.71751320345190
       1.00000000000000
 68 70 -1
obdef
loc3d
        4.95508230192316              0.68705689194968              9.08530712127686     -1
kind
     25     
    48600          153282     
       12.25000000000000  
 OBS            70
       5.05230108692297
       2.33943535697653
       1.00000000000000
 69 71 -1
obdef
loc3d
        4.89647559039613              0.68497595921932            824.84875488281250     -1
kind
     25     
    48600          153282     
       12.25000000000000  
 OBS            71
      -1.29332526254343
       0.12892303838421
       1.00000000000000
 70 72 -1
obdef
loc3d
        4.89667428721977              0.69273770557989            574.37286376953125     -1
kind
     25     
    48600          153282     
       12.25000000000000  
 OBS            72
      -3.55978832741593
       0.78995509451645
       1.00000000000000
 71 73 -1
obdef
loc3d
        4.91583459977084              0.69278424988043            233.68589782714841     -1
kind
     25     
    48600          153282     
       12.25000000000000  
 OBS            73
      -1.18211325486029
      -0.11472803065564
       1.00000000000000
 72 74 -1
obdef
loc3d
        4.90300762067971              0.68954390300676            525.03326416015625     -1
kind
     25     
    48600          153282     
       12.25000000000000  
 OBS            74
       4.97489252080385
       0.61373762566886
       1.00000000000000
 73 75 -1
obdef
loc3d
        4.90168560310748              0.69286223560483            711.58941650390625     -1
kind
     25     
    48600          153282     
       12.25000000000000  
 OBS            75
       3.24849882285935
       0.74235028958068
       1.00000000000000
 74 76 -1
obdef
loc3d
        4.91091515139416              0.69052501454351            199.70848083496091     -1
kind
     25     
    48600          153282     
       12.25000000000000  
 OBS            76
       3.80705139092236
       2.67127310110619
       1.00000000000000
 75 77 -1
obdef
loc3d
        4.90540352515539              0.69194112440599            606.33142089843750     -1
kind
     26     
    48600          153282     
       12.25000000000000  
 OBS            77
       0.58630164440943
       0.37208042290313
       1.00000000000000
 76 78 -1
obdef
loc3d
        4.94546412681761              0.68348353984884             17.75631332397461     -1
kind
     26     
    48600          153282     
       12.25000000000000  
 OBS            78
      -1.18410665886665
       0.11530807638066
       1.00000000000000
 77 79 -1
obdef
loc3d
        4.94660974174000              0.67744857875853             29.35406684875488     -1
kind
     26     
    48600          153282     
       12.25000000000000  
 OBS            79
      -1.30288763320447
       0.80208856260003
       1.00000000000000
 78 80 -1
obdef
loc3d
        4.94648126630843              0.68652865419204             54.82812500000000     -1
kind
     26     
    48600          153282     
       12.25000000000000  
 OBS            80
       2.24037000433494
       0.97408855736340
       1.00000000000000
 79 81 -1
obdef
loc3d
        4.94445426011379              0.68507566758975             62.61011505126953     -1
kind
     26     
    48600          153282     
       12.25000000000000  
 OBS            81
      -0.26744963507351
       0.40583616202256
       1.00000000000000
 80 82 -1
obdef
loc3d
        4.94602055174578              0.68752162087271            134.15721130371091     -1
kind
     26     
    48600          153282     
       12.25000000000000  
 OBS            82
       1.60979584540580
       0.67617348731399
       1.00000000000000
 81 83 -1
obdef
loc3d
        4.94603912728501              0.67254511985829             35.00297546386719     -1
kind
     26     
    48600          153282     
       12.25000000000000  
 OBS            83
      -2.28105186988313
      -0.53172180381351
       1.00000000000000
 82 84 -1
obdef
loc3d
        4.95877904994953              0.67986585977255             17.04111671447754     -1
kind
     26     
    48600          153282     
       12.25000000000000  
 OBS            84
       3.51255715752672
       1.02312336326337
       1.00000000000000
 83 85 -1
obdef
loc3d
        4.93958042817759              0.69095160998657            226.13127136230469     -1
kind
     26     
    48600          153282     
       12.25000000000000  
 OBS            85
      -1.16521259210669
      -0.22079869605985
       1.00000000000000
 84 86 -1
obdef
loc3d
        4.95756313665553              0.69181797222864             89.84997558593750     -1
kind
     26     
    48600          153282     
       12.25000000000000  
 OBS            86
       3.84033006138969
       0.86572453596137
       1.00000000000000
 85 87 -1
obdef
loc3d
        4.94078657111844              0.67409210989409             60.81152343750000     -1
kind
     26     
    48600          153282     
       12.25000000000000  
 OBS            87
      -1.45225505567645
       0.17187607245715
       1.00000000000000
 86 88 -1
obdef
loc3d
        4.95557846691255              0.67267262139613              1.00000000000000     -1
kind
     26     
    48600          153282     
       12.25000000000000  
 OBS            88
       3.35979771100324
       1.36139708130192
       1.00000000000000
 87 89 -1
obdef
loc3d
        4.93193348448080              0.68856418981073            106.00000000000000     -1
kind
     26     
    48600          153282     
       12.25000000000000  
 OBS            89
       2.27292023869187
       1.65469554845453
       1.00000000000000
 88 90 -1
obdef
loc3d
        4.89970838141578              0.68765245249877            785.09423828125000     -1
kind
     26     
    48600          153282     
       12.25000000000000  
 OBS            90
       3.37627570724256
       0.33004252787292
       1.00000000000000
 89 91 -1
obdef
loc3d
        4.95026814558372              0.68993059237416             93.11567687988281     -1
kind
     26     
    48600          153282     
       12.25000000000000  
 OBS            91
       1.59302584685338
       1.05984595633804
       1.00000000000000
 90 92 -1
obdef
loc3d
        4.94174512165160              0.68484635226999            116.56585693359381     -1
kind
     26     
    48600          153282     
       12.25000000000000  
 OBS            92
      -3.70671357202568
      -0.27455935689622
       1.00000000000000
 91 93 -1
obdef
loc3d
        4.95420735021482              0.68473663912788             15.00000000000000     -1
kind
     26     
    48600          153282     
       12.25000000000000  
 OBS            93
       0.58261012350664
       0.95688138557691
       1.00000000000000
 92 94 -1
obdef
loc3d
        4.93477042118681              0.68310638816012            118.89588928222661     -1
kind
     26     
    48600          153282     
       12.25000000000000  
 OBS            94
       4.09192418911426
       1.16333479351121
       1.00000000000000
 93 95 -1
obdef
loc3d
        4.93795631029682              0.68276407673392            144.94107055664060     -1
kind
     26     
    48600          153282     
       12.25000000000000  
 OBS            95
       0.20618687830406
       1.13143931043266
       1.00000000000000
 94 96 -1
obdef
loc3d
        4.94001671685736              0.68064929967652             43.67281723022461     -1
kind
     26     
    48600          153282     
       12.25000000000000  
 OBS            96
       3.94669604476980
       0.60702134420264
       1.00000000000000
 95 97 -1
obdef
loc3d
        4.94058460161740              0.67807181314514             70.17810058593750     -1
kind
     26     
    48600          153282     
       12.25000000000000  
 OBS            97
      -2.30659126097600
      -0.49272574828326
       1.00000000000000
 96 98 -1
obdef
loc3d
        4.95423295419494              0.68033176843505              3.71636104583740     -1
kind
     26     
    48600          153282     
       12.25000000000000  
 OBS            98
      -3.46252528593048
       0.55205349785606
       1.00000000000000
 97 99 -1
obdef
loc3d
        4.94926894458696              0.66642585587446             10.91526031494141     -1
kind
     26     
    48600          153282     
       12.25000000000000  
 OBS            99
      -1.12980540824821
      -0.55258182537208
       1.00000000000000
 98 100 -1
obdef
loc3d
        4.96223480186848              0.66700036066835              5.00000000000000     -1
kind
     26     
    48600          153282     
       12.25000000000000  
 OBS            100
      -3.78710412293335
      -0.24454078993017
       1.00000000000000
 99 101 -1
obdef
loc3d
        4.95546148971009              0.67729393735082              6.17724800109863     -1
kind
     26     
    48600          153282     
       12.25000000000000  
 OBS            101
      -0.77298246029343
       2.00932843793509
       1.00000000000000
 100 102 -1
obdef
loc3d
        4.92652723985629              0.69051382381431            146.04148864746091     -1
kind
     26     
    48600          153282     
       12.25000000000000  
 OBS            102
       0.42664311076725
      -0.56254419585175
       1.00000000000000
 101 103 -1
obdef
loc3d
        4.96366005344362              0.66920346185787              6.00000000000000     -1
kind
     26     
    48600          153282     
       12.25000000000000  
 OBS            103
      -2.12747604776798
      -1.06907256800880
       1.00000000000000
 102 104 -1
obdef
loc3d
        4.97052949833720              0.66907739847133              8.84140872955322     -1
kind
     26     
    48600          153282     
       12.25000000000000  
 OBS            104
      -1.73601472742896
      -0.05706500233350
       1.00000000000000
 103 105 -1
obdef
loc3d
        4.95272465676814              0.69285338512106             17.57446289062500     -1
kind
     26     
    48600          153282     
       12.25000000000000  
 OBS            105
      -1.62868548318348
       0.82321727221895
       1.00000000000000
 104 106 -1
obdef
loc3d
        4.94895487610473              0.69270373762026            144.09075927734381     -1
kind
     26     
    48600          153282     
       12.25000000000000  
 OBS            106
       0.86397592534802
       1.09401664848246
       1.00000000000000
 105 107 -1
obdef
loc3d
        4.94293085461737              0.69053117803871            168.92642211914060     -1
kind
     26     
    48600          153282     
       12.25000000000000  
 OBS            107
      -2.01003432665891
       1.23156814723062
       1.00000000000000
 106 108 -1
obdef
loc3d
        4.93556788041953              0.67027828664670             15.00000000000000     -1
kind
     26     
    48600          153282     
       12.25000000000000  
 OBS            108
       2.65654820467720
       0.53500779678055
       1.00000000000000
 107 109 -1
obdef
loc3d
        4.94611628544174              0.67496858055017             35.03607940673828     -1
kind
     26     
    48600          153282     
       12.25000000000000  
 OBS            109
       3.40961066036167
       1.00226541307531
       1.00000000000000
 108 110 -1
obdef
loc3d
        4.94304709522229              0.67138694960003             45.00000000000000     -1
kind
     26     
    48600          153282     
       12.25000000000000  
 OBS            110
       0.34658996703016
       0.49825576548928
       1.00000000000000
 109 111 -1
obdef
loc3d
        4.94323627307922              0.67609935421143             50.91764831542969     -1
kind
     26     
    48600          153282     
       12.25000000000000  
 OBS            111
      -4.77428036650410
       0.43533514757455
       1.00000000000000
 110 112 -1
obdef
loc3d
        4.94382880471830              0.67878617658979             35.27229690551758     -1
kind
     26     
    48600          153282     
       12.25000000000000  
 OBS            112
      -2.16490661783393
       1.00367560785426
       1.00000000000000
 111 113 -1
obdef
loc3d
        4.94220707390035              0.68781081917460            173.94366455078119     -1
kind
     26     
    48600          153282     
       12.25000000000000  
 OBS            113
      -0.69474993030730
       1.37393546926707
       1.00000000000000
 112 114 -1
obdef
loc3d
        4.92755542120837              0.68675243746254            174.61849975585940     -1
kind
     26     
    48600          153282     
       12.25000000000000  
 OBS            114
       0.54547869970488
       1.39788468167632
       1.00000000000000
 113 115 -1
obdef
loc3d
        4.93770287749180              0.68559892863867            149.84144592285159     -1
kind
     26     
    48600          153282     
       12.25000000000000  
 OBS            115
      -1.76672002453569
       1.72619050636374
       1.00000000000000
 114 116 -1
obdef
loc3d
        4.92848130899840              0.69282991767383            196.64169311523440     -1
kind
     26     
    48600          153282     
       12.25000000000000  
 OBS            116
      -1.59960901750491
       0.93316074558964
       1.00000000000000
 115 117 -1
obdef
loc3d
        4.94329123891126              0.66857696973652             21.80461120605469     -1
kind
     26     
    48600          153282     
       12.25000000000000  
 OBS            117
       8.89181538566461
       1.82278569218697
       1.00000000000000
 116 118 -1
obdef
loc3d
        4.93215285315783              0.69272179551745            405.54205322265619     -1
kind
     26     
    48600          153282     
       12.25000000000000  
 OBS            118
       3.87394871697266
       1.26843514221656
       1.00000000000000
 117 119 -1
obdef
loc3d
        4.93085954966869              0.68304429171430             90.32812500000000     -1
kind
     26     
    48600          153282     
       12.25000000000000  
 OBS            119
       3.67050486068630
       1.15205321645437
       1.00000000000000
 118 120 -1
obdef
loc3d
        4.93705662369825              0.67280917017713             44.45593643188477     -1
kind
     26     
    48600          153282     
       12.25000000000000  
 OBS            120
      -1.09694716763612
       1.00650950689717
       1.00000000000000
 119 121 -1
obdef
loc3d
        4.94512604639754              0.69281773274108            184.54177856445310     -1
kind
     26     
    48600          153282     
       12.25000000000000  
 OBS            121
       0.01726460670168
       0.46276782056013
       1.00000000000000
 120 122 -1
obdef
loc3d
        4.94897278262263              0.68784055253573             58.60614395141602     -1
kind
     26     
    48600          153282     
       12.25000000000000  
 OBS            122
      -1.38188946150771
       0.27245854541334
       1.00000000000000
 121 123 -1
obdef
loc3d
        4.94602769361993              0.68071046350214             21.00896453857422     -1
kind
     26     
    48600          153282     
       12.25000000000000  
 OBS            123
      -1.46599033637731
       1.12581061996144
       1.00000000000000
 122 124 -1
obdef
loc3d
        4.93975094338173              0.67132086947702             44.21312713623047     -1
kind
     26     
    48600          153282     
       12.25000000000000  
 OBS            124
       5.12974905184881
       0.84023009677172
       1.00000000000000
 123 125 -1
obdef
loc3d
        4.93608481943111              0.69281990441712            165.01060485839841     -1
kind
     26     
    48600          153282     
       12.25000000000000  
 OBS            125
       5.56740583308972
       0.74551760470359
       1.00000000000000
 124 126 -1
obdef
loc3d
        4.92159319416735              0.69282443720594            292.33944702148438     -1
kind
     26     
    48600          153282     
       12.25000000000000  
 OBS            126
       1.44757202701863
       1.73786480322011
       1.00000000000000
 125 127 -1
obdef
loc3d
        4.93873881518950              0.68829597049600            229.64634704589841     -1
kind
     26     
    48600          153282     
       12.25000000000000  
 OBS            127
       1.79747438902575
       1.40588186011947
       1.00000000000000
 126 128 -1
obdef
loc3d
        4.93527083413009              0.68767784768684            170.73742675781250     -1
kind
     26     
    48600          153282     
       12.25000000000000  
 OBS            128
       0.58642963772455
       0.60105327672183
       1.00000000000000
 127 129 -1
obdef
loc3d
        4.94662113618514              0.69029960200592            170.37097167968750     -1
kind
     26     
    48600          153282     
       12.25000000000000  
 OBS            129
      -1.98421273040085
       1.26364510284404
       1.00000000000000
 128 130 -1
obdef
loc3d
        4.93429249379945              0.69052021135789            149.81713867187500     -1
kind
     26     
    48600          153282     
       12.25000000000000  
 OBS            130
       2.65143679588331
       1.41610769195197
       1.00000000000000
 129 131 -1
obdef
loc3d
        4.93269049343414              0.68556567101287            183.19726562500000     -1
kind
     26     
    48600          153282     
       12.25000000000000  
 OBS            131
      -0.16742937104816
      -0.58202501992919
       1.00000000000000
 130 132 -1
obdef
loc3d
        4.96102089029673              0.67774516842699             17.24609375000000     -1
kind
     26     
    48600          153282     
       12.25000000000000  
 OBS            132
       3.27617795802841
      -0.28629098752139
       1.00000000000000
 131 133 -1
obdef
loc3d
        4.95766343385975              0.68587140474105             17.20619201660156     -1
kind
     26     
    48600          153282     
       12.25000000000000  
 OBS            133
      -0.42940856381653
      -1.02590097401689
       1.00000000000000
 132 134 -1
obdef
loc3d
        4.96848382491262              0.66600327539335              8.93466186523438     -1
kind
     26     
    48600          153282     
       12.25000000000000  
 OBS            134
      -3.37125885150417
      -0.36484226306184
       1.00000000000000
 133 135 -1
obdef
loc3d
        4.95841046678131              0.68356976794003             15.00000000000000     -1
kind
     26     
    48600          153282     
       12.25000000000000  
 OBS            135
      -2.04514402098349
      -0.34812180344922
       1.00000000000000
 134 136 -1
obdef
loc3d
        4.95968425198686              0.67283122878530              9.91464328765869     -1
kind
     26     
    48600          153282     
       12.25000000000000  
 OBS            136
      -2.60425581683082
      -0.29982207601819
       1.00000000000000
 135 137 -1
obdef
loc3d
        4.95850938370535              0.67569847985950              9.09960937500000     -1
kind
     26     
    48600          153282     
       12.25000000000000  
 OBS            137
      -3.06739065730853
      -0.57663288283189
       1.00000000000000
 136 138 -1
obdef
loc3d
        4.96062039600501              0.68186605212913             14.00000000000000     -1
kind
     26     
    48600          153282     
       12.25000000000000  
 OBS            138
      -1.86888646412841
      -0.58143741157199
       1.00000000000000
 137 139 -1
obdef
loc3d
        4.96044430349621              0.68522255501691             15.00000000000000     -1
kind
     26     
    48600          153282     
       12.25000000000000  
 OBS            139
       5.04908812204701
      -0.19051467072741
       1.00000000000000
 138 140 -1
obdef
loc3d
        4.95666979050607              0.68165969365477             15.07347202301025     -1
kind
     26     
    48600          153282     
       12.25000000000000  
 OBS            140
       0.41606693357353
      -0.51405713708670
       1.00000000000000
 139 141 -1
obdef
loc3d
        4.96483712939352              0.66390373451953              6.00000000000000     -1
kind
     26     
    48600          153282     
       12.25000000000000  
 OBS            141
      -3.18858195442989
      -0.89602208911926
       1.00000000000000
 140 142 -1
obdef
loc3d
        4.96717335385836              0.67072562238302             13.76562500000000     -1
kind
     26     
    48600          153282     
       12.25000000000000  
 OBS            142
      -3.83360876769152
      -0.45813848870853
       1.00000000000000
 141 143 -1
obdef
loc3d
        4.96004611966382              0.68820120365869             15.00000000000000     -1
kind
     26     
    48600          153282     
       12.25000000000000  
 OBS            143
      -1.69455372425972
       0.23376147444162
       1.00000000000000
 142 144 -1
obdef
loc3d
        4.95406364445895              0.69009645468583             54.42578125000000     -1
kind
     26     
    48600          153282     
       12.25000000000000  
 OBS            144
      -3.62635570245264
      -0.39891826898488
       1.00000000000000
 143 145 -1
obdef
loc3d
        4.95508230192316              0.68705689194968              9.08530712127686     -1
kind
     26     
    48600          153282     
       12.25000000000000  
 OBS            145
      -5.08964773427129
      -0.38090382542758
       1.00000000000000
 144 146 -1
obdef
loc3d
        4.89647559039613              0.68497595921932            824.84875488281250     -1
kind
     26     
    48600          153282     
       12.25000000000000  
 OBS            146
      -8.14318667112249
       2.15870249787883
       1.00000000000000
 145 147 -1
obdef
loc3d
        4.89667428721977              0.69273770557989            574.37286376953125     -1
kind
     26     
    48600          153282     
       12.25000000000000  
 OBS            147
       1.10134132289780
       1.94853304996450
       1.00000000000000
 146 148 -1
obdef
loc3d
        4.91583459977084              0.69278424988043            233.68589782714841     -1
kind
     26     
    48600          153282     
       12.25000000000000  
 OBS            148
      -1.84878481921386
       1.85141389775743
       1.00000000000000
 147 149 -1
obdef
loc3d
        4.90300762067971              0.68954390300676            525.03326416015625     -1
kind
     26     
    48600          153282     
       12.25000000000000  
 OBS            149
       4.49986233515180
       2.91443014344077
       1.00000000000000
 148 150 -1
obdef
loc3d
        4.90168560310748              0.69286223560483            711.58941650390625     -1
kind
     26     
    48600          153282     
       12.25000000000000  
 OBS            150
      -2.23076155087771
       0.92020984130000
       1.00000000000000
 149 151 -1
obdef
loc3d
        4.91091515139416              0.69052501454351            199.70848083496091     -1
kind
     26     
    48600          153282     
       12.25000000000000  
 OBS            151
     294.19948523913564
     295.41371416202202
       1.00000000000000
 150 152 -1
obdef
loc3d
        4.90540352515539              0.69194112440599            606.33142089843750     -1
kind
     27     
    48600          153282     
        6.25000000000000  
 OBS            152
     298.11276030758580
     299.24352207183898
       1.00000000000000
 151 153 -1
obdef
loc3d
        4.94546412681761              0.68348353984884             17.75631332397461     -1
kind
     27     
    48600          153282     
        6.25000000000000  
 OBS            153
     300.50474897484537
     300.01823602381597
       1.00000000000000
 152 154 -1
obdef
loc3d
        4.94660974174000              0.67744857875853             29.35406684875488     -1
kind
     27     
    48600          153282     
        6.25000000000000  
 OBS            154
     298.47100257812735
     298.91289969434303
       1.00000000000000
 153 155 -1
obdef
loc3d
        4.94648126630843              0.68652865419204             54.82812500000000     -1
kind
     27     
    48600          153282     
        6.25000000000000  
 OBS            155
     299.59390484706768
     299.16165440047598
       1.00000000000000
 154 156 -1
obdef
loc3d
        4.94445426011379              0.68507566758975             62.61011505126953     -1
kind
     27     
    48600          153282     
        6.25000000000000  
 OBS            156
     297.75394715393685
     298.59584179444403
       1.00000000000000
 155 157 -1
obdef
loc3d
        4.94602055174578              0.68752162087271            134.15721130371091     -1
kind
     27     
    48600          153282     
        6.25000000000000  
 OBS            157
     300.13136907806842
     299.88457457868498
       1.00000000000000
 156 158 -1
obdef
loc3d
        4.94603912728501              0.67254511985829             35.00297546386719     -1
kind
     27     
    48600          153282     
        6.25000000000000  
 OBS            158
     298.32129783847409
     299.54023799115998
       1.00000000000000
 157 159 -1
obdef
loc3d
        4.95877904994953              0.67986585977255             17.04111671447754     -1
kind
     27     
    48600          153282     
        6.25000000000000  
 OBS            159
     299.73128889207527
     298.33598111212098
       1.00000000000000
 158 160 -1
obdef
loc3d
        4.93958042817759              0.69095160998657            226.13127136230469     -1
kind
     27     
    48600          153282     
        6.25000000000000  
 OBS            160
     299.92832165819044
     298.38291389518997
       1.00000000000000
 159 161 -1
obdef
loc3d
        4.95756313665553              0.69181797222864             89.84997558593750     -1
kind
     27     
    48600          153282     
        6.25000000000000  
 OBS            161
     300.48506120707316
     300.26448235211802
       1.00000000000000
 160 162 -1
obdef
loc3d
        4.94078657111844              0.67409210989409             60.81152343750000     -1
kind
     27     
    48600          153282     
        6.25000000000000  
 OBS            162
     301.02212582849012
     301.31760945828898
       1.00000000000000
 161 163 -1
obdef
loc3d
        4.95557846691255              0.67267262139613              1.00000000000000     -1
kind
     27     
    48600          153282     
        6.25000000000000  
 OBS            163
     297.89406522940169
     297.24202229055800
       1.00000000000000
 162 164 -1
obdef
loc3d
        4.93193348448080              0.68856418981073            106.00000000000000     -1
kind
     27     
    48600          153282     
        6.25000000000000  
 OBS            164
     292.25830465732759
     292.49822497605800
       1.00000000000000
 163 165 -1
obdef
loc3d
        4.89970838141578              0.68765245249877            785.09423828125000     -1
kind
     27     
    48600          153282     
        6.25000000000000  
 OBS            165
     297.98997210128334
     298.02788817835000
       1.00000000000000
 164 166 -1
obdef
loc3d
        4.95026814558372              0.68993059237416             93.11567687988281     -1
kind
     27     
    48600          153282     
        6.25000000000000  
 OBS            166
     298.78758143971743
     298.97038208244498
       1.00000000000000
 165 167 -1
obdef
loc3d
        4.94174512165160              0.68484635226999            116.56585693359381     -1
kind
     27     
    48600          153282     
        6.25000000000000  
 OBS            167
     298.16709756137374
     299.49334558869100
       1.00000000000000
 166 168 -1
obdef
loc3d
        4.95420735021482              0.68473663912788             15.00000000000000     -1
kind
     27     
    48600          153282     
        6.25000000000000  
 OBS            168
     297.46615383628841
     298.21013370380399
       1.00000000000000
 167 169 -1
obdef
loc3d
        4.93477042118681              0.68310638816012            118.89588928222661     -1
kind
     27     
    48600          153282     
        6.25000000000000  
 OBS            169
     300.63292379403129
     298.87039833968697
       1.00000000000000
 168 170 -1
obdef
loc3d
        4.93795631029682              0.68276407673392            144.94107055664060     -1
kind
     27     
    48600          153282     
        6.25000000000000  
 OBS            170
     298.64193334585849
     299.40733562156100
       1.00000000000000
 169 171 -1
obdef
loc3d
        4.94001671685736              0.68064929967652             43.67281723022461     -1
kind
     27     
    48600          153282     
        6.25000000000000  
 OBS            171
     300.16356551197902
     299.96083782154602
       1.00000000000000
 170 172 -1
obdef
loc3d
        4.94058460161740              0.67807181314514             70.17810058593750     -1
kind
     27     
    48600          153282     
        6.25000000000000  
 OBS            172
     300.09198741699635
     300.16517447595299
       1.00000000000000
 171 173 -1
obdef
loc3d
        4.95423295419494              0.68033176843505              3.71636104583740     -1
kind
     27     
    48600          153282     
        6.25000000000000  
 OBS            173
     300.08134928779072
     300.68592264053302
       1.00000000000000
 172 174 -1
obdef
loc3d
        4.94926894458696              0.66642585587446             10.91526031494141     -1
kind
     27     
    48600          153282     
        6.25000000000000  
 OBS            174
     301.86100944261347
     301.83528316010597
       1.00000000000000
 173 175 -1
obdef
loc3d
        4.96223480186848              0.66700036066835              5.00000000000000     -1
kind
     27     
    48600          153282     
        6.25000000000000  
 OBS            175
     300.57361611112884
     300.25120197516497
       1.00000000000000
 174 176 -1
obdef
loc3d
        4.95546148971009              0.67729393735082              6.17724800109863     -1
kind
     27     
    48600          153282     
        6.25000000000000  
 OBS            176
     297.37953210081741
     297.14955141350902
       1.00000000000000
 175 177 -1
obdef
loc3d
        4.92652723985629              0.69051382381431            146.04148864746091     -1
kind
     27     
    48600          153282     
        6.25000000000000  
 OBS            177
     299.77977531527847
     300.86952047846501
       1.00000000000000
 176 178 -1
obdef
loc3d
        4.96366005344362              0.66920346185787              6.00000000000000     -1
kind
     27     
    48600          153282     
        6.25000000000000  
 OBS            178
     300.39811557628445
     300.47879910749998
       1.00000000000000
 177 179 -1
obdef
loc3d
        4.97052949833720              0.66907739847133              8.84140872955322     -1
kind
     27     
    48600          153282     
        6.25000000000000  
 OBS            179
     297.81870040995398
     296.75610845477701
       1.00000000000000
 178 180 -1
obdef
loc3d
        4.95272465676814              0.69285338512106             17.57446289062500     -1
kind
     27     
    48600          153282     
        6.25000000000000  
 OBS            180
     297.68806711367949
     297.99818647638602
       1.00000000000000
 179 181 -1
obdef
loc3d
        4.94895487610473              0.69270373762026            144.09075927734381     -1
kind
     27     
    48600          153282     
        6.25000000000000  
 OBS            181
     297.76167878080611
     298.35209521957103
       1.00000000000000
 180 182 -1
obdef
loc3d
        4.94293085461737              0.69053117803871            168.92642211914060     -1
kind
     27     
    48600          153282     
        6.25000000000000  
 OBS            182
     300.21795342892528
     300.18139461725201
       1.00000000000000
 181 183 -1
obdef
loc3d
        4.93556788041953              0.67027828664670             15.00000000000000     -1
kind
     27     
    48600          153282     
        6.25000000000000  
 OBS            183
     299.70163719391104
     299.90303390455102
       1.00000000000000
 182 184 -1
obdef
loc3d
        4.94611628544174              0.67496858055017             35.03607940673828     -1
kind
     27     
    48600          153282     
        6.25000000000000  
 OBS            184
     300.85723652259094
     300.35470713646902
       1.00000000000000
 183 185 -1
obdef
loc3d
        4.94304709522229              0.67138694960003             45.00000000000000     -1
kind
     27     
    48600          153282     
        6.25000000000000  
 OBS            185
     298.61465018009966
     300.06561297873498
       1.00000000000000
 184 186 -1
obdef
loc3d
        4.94323627307922              0.67609935421143             50.91764831542969     -1
kind
     27     
    48600          153282     
        6.25000000000000  
 OBS            186
     300.02492863590055
     299.57200903642899
       1.00000000000000
 185 187 -1
obdef
loc3d
        4.94382880471830              0.67878617658979             35.27229690551758     -1
kind
     27     
    48600          153282     
        6.25000000000000  
 OBS            187
     297.83951498393327
     298.40300459279501
       1.00000000000000
 186 188 -1
obdef
loc3d
        4.94220707390035              0.68781081917460            173.94366455078119     -1
kind
     27     
    48600          153282     
        6.25000000000000  
 OBS            188
     296.25970609333734
     296.73683873480201
       1.00000000000000
 187 189 -1
obdef
loc3d
        4.92755542120837              0.68675243746254            174.61849975585940     -1
kind
     27     
    48600          153282     
        6.25000000000000  
 OBS            189
     296.80530888715572
     298.51974745520801
       1.00000000000000
 188 190 -1
obdef
loc3d
        4.93770287749180              0.68559892863867            149.84144592285159     -1
kind
     27     
    48600          153282     
        6.25000000000000  
 OBS            190
     298.49610201217837
     297.69543272061702
       1.00000000000000
 189 191 -1
obdef
loc3d
        4.92848130899840              0.69282991767383            196.64169311523440     -1
kind
     27     
    48600          153282     
        6.25000000000000  
 OBS            191
     300.06362841664094
     300.34112671733499
       1.00000000000000
 190 192 -1
obdef
loc3d
        4.94329123891126              0.66857696973652             21.80461120605469     -1
kind
     27     
    48600          153282     
        6.25000000000000  
 OBS            192
     296.14374867863137
     297.20211729352599
       1.00000000000000
 191 193 -1
obdef
loc3d
        4.93215285315783              0.69272179551745            405.54205322265619     -1
kind
     27     
    48600          153282     
        6.25000000000000  
 OBS            193
     295.66037205973731
     297.04493579522801
       1.00000000000000
 192 194 -1
obdef
loc3d
        4.93085954966869              0.68304429171430             90.32812500000000     -1
kind
     27     
    48600          153282     
        6.25000000000000  
 OBS            194
     299.65294575648147
     300.15441286068602
       1.00000000000000
 193 195 -1
obdef
loc3d
        4.93705662369825              0.67280917017713             44.45593643188477     -1
kind
     27     
    48600          153282     
        6.25000000000000  
 OBS            195
     297.71386973158991
     298.23735824418299
       1.00000000000000
 194 196 -1
obdef
loc3d
        4.94512604639754              0.69281773274108            184.54177856445310     -1
kind
     27     
    48600          153282     
        6.25000000000000  
 OBS            196
     298.63362333024020
     298.96262617707703
       1.00000000000000
 195 197 -1
obdef
loc3d
        4.94897278262263              0.68784055253573             58.60614395141602     -1
kind
     27     
    48600          153282     
        6.25000000000000  
 OBS            197
     300.37587977009633
     299.66846606813903
       1.00000000000000
 196 198 -1
obdef
loc3d
        4.94602769361993              0.68071046350214             21.00896453857422     -1
kind
     27     
    48600          153282     
        6.25000000000000  
 OBS            198
     301.85217030451957
     300.07196466200497
       1.00000000000000
 197 199 -1
obdef
loc3d
        4.93975094338173              0.67132086947702             44.21312713623047     -1
kind
     27     
    48600          153282     
        6.25000000000000  
 OBS            199
     296.35367929122845
     296.97140999017898
       1.00000000000000
 198 200 -1
obdef
loc3d
        4.93608481943111              0.69281990441712            165.01060485839841     -1
kind
     27     
    48600          153282     
        6.25000000000000  
 OBS            200
     298.06263795302402
     297.84432326444801
       1.00000000000000
 199 201 -1
obdef
loc3d
        4.92159319416735              0.69282443720594            292.33944702148438     -1
kind
     27     
    48600          153282     
        6.25000000000000  
 OBS            201
     297.32555373550684
     298.36606280430601
       1.00000000000000
 200 202 -1
obdef
loc3d
        4.93873881518950              0.68829597049600            229.64634704589841     -1
kind
     27     
    48600          153282     
        6.25000000000000  
 OBS            202
     296.76859682702366
     297.99056580373599
       1.00000000000000
 201 203 -1
obdef
loc3d
        4.93527083413009              0.68767784768684            170.73742675781250     -1
kind
     27     
    48600          153282     
        6.25000000000000  
 OBS            203
     297.99220527313270
     297.98874059807798
       1.00000000000000
 202 204 -1
obdef
loc3d
        4.94662113618514              0.69029960200592            170.37097167968750     -1
kind
     27     
    48600          153282     
        6.25000000000000  
 OBS            204
     298.92681602815168
     297.29787968039000
       1.00000000000000
 203 205 -1
obdef
loc3d
        4.93429249379945              0.69052021135789            149.81713867187500     -1
kind
     27     
    48600          153282     
        6.25000000000000  
 OBS            205
     298.16854350086550
     297.13274425675303
       1.00000000000000
 204 206 -1
obdef
loc3d
        4.93269049343414              0.68556567101287            183.19726562500000     -1
kind
     27     
    48600          153282     
        6.25000000000000  
 OBS            206
     300.16829749508435
     299.60996018519802
       1.00000000000000
 205 207 -1
obdef
loc3d
        4.96102089029673              0.67774516842699             17.24609375000000     -1
kind
     27     
    48600          153282     
        6.25000000000000  
 OBS            207
     298.68434458930170
     299.22905235324498
       1.00000000000000
 206 208 -1
obdef
loc3d
        4.95766343385975              0.68587140474105             17.20619201660156     -1
kind
     27     
    48600          153282     
        6.25000000000000  
 OBS            208
     300.82847484971091
     301.34211731473903
       1.00000000000000
 207 209 -1
obdef
loc3d
        4.96848382491262              0.66600327539335              8.93466186523438     -1
kind
     27     
    48600          153282     
        6.25000000000000  
 OBS            209
     301.57309609948646
     299.77289615181502
       1.00000000000000
 208 210 -1
obdef
loc3d
        4.95841046678131              0.68356976794003             15.00000000000000     -1
kind
     27     
    48600          153282     
        6.25000000000000  
 OBS            210
     301.31871516740625
     300.74026116507900
       1.00000000000000
 209 211 -1
obdef
loc3d
        4.95968425198686              0.67283122878530              9.91464328765869     -1
kind
     27     
    48600          153282     
        6.25000000000000  
 OBS            211
     299.46700211187755
     300.24585228694400
       1.00000000000000
 210 212 -1
obdef
loc3d
        4.95850938370535              0.67569847985950              9.09960937500000     -1
kind
     27     
    48600          153282     
        6.25000000000000  
 OBS            212
     298.87879134431904
     299.49081300644798
       1.00000000000000
 211 213 -1
obdef
loc3d
        4.96062039600501              0.68186605212913             14.00000000000000     -1
kind
     27     
    48600          153282     
        6.25000000000000  
 OBS            213
     297.50125581303382
     299.13735828079700
       1.00000000000000
 212 214 -1
obdef
loc3d
        4.96044430349621              0.68522255501691             15.00000000000000     -1
kind
     27     
    48600          153282     
        6.25000000000000  
 OBS            214
     300.31714781638419
     299.80507441351500
       1.00000000000000
 213 215 -1
obdef
loc3d
        4.95666979050607              0.68165969365477             15.07347202301025     -1
kind
     27     
    48600          153282     
        6.25000000000000  
 OBS            215
     301.13632564917725
     301.60975033402900
       1.00000000000000
 214 216 -1
obdef
loc3d
        4.96483712939352              0.66390373451953              6.00000000000000     -1
kind
     27     
    48600          153282     
        6.25000000000000  
 OBS            216
     299.02451133888906
     300.38798177318500
       1.00000000000000
 215 217 -1
obdef
loc3d
        4.96717335385836              0.67072562238302             13.76562500000000     -1
kind
     27     
    48600          153282     
        6.25000000000000  
 OBS            217
     299.95613475782102
     298.86429046214801
       1.00000000000000
 216 218 -1
obdef
loc3d
        4.96004611966382              0.68820120365869             15.00000000000000     -1
kind
     27     
    48600          153282     
        6.25000000000000  
 OBS            218
     297.19768685798840
     298.54203186361002
       1.00000000000000
 217 219 -1
obdef
loc3d
        4.95406364445895              0.69009645468583             54.42578125000000     -1
kind
     27     
    48600          153282     
        6.25000000000000  
 OBS            219
     297.95035406538727
     299.08667029179998
       1.00000000000000
 218 220 -1
obdef
loc3d
        4.95508230192316              0.68705689194968              9.08530712127686     -1
kind
     27     
    48600          153282     
        6.25000000000000  
 OBS            220
     292.24970487658493
     292.23981792862998
       1.00000000000000
 219 221 -1
obdef
loc3d
        4.89647559039613              0.68497595921932            824.84875488281250     -1
kind
     27     
    48600          153282     
        6.25000000000000  
 OBS            221
     294.43724101081813
     295.74929591291601
       1.00000000000000
 220 222 -1
obdef
loc3d
        4.89667428721977              0.69273770557989            574.37286376953125     -1
kind
     27     
    48600          153282     
        6.25000000000000  
 OBS            222
     298.11216009684290
     297.73449043863900
       1.00000000000000
 221 223 -1
obdef
loc3d
        4.91583459977084              0.69278424988043            233.68589782714841     -1
kind
     27     
    48600          153282     
        6.25000000000000  
 OBS            223
     294.62583070522481
     294.85859983269802
       1.00000000000000
 222 224 -1
obdef
loc3d
        4.90300762067971              0.68954390300676            525.03326416015625     -1
kind
     27     
    48600          153282     
        6.25000000000000  
 OBS            224
     295.30987459601147
     295.31327659510299
       1.00000000000000
 223 225 -1
obdef
loc3d
        4.90168560310748              0.69286223560483            711.58941650390625     -1
kind
     27     
    48600          153282     
        6.25000000000000  
 OBS            225
     297.29120383790678
     297.58011336875501
       1.00000000000000
 224 -1 -1
obdef
loc3d
        4.91091515139416              0.69052501454351            199.70848083496091     -1
kind
     27     
    48600          153282     
        6.25000000000000  
