 obs_sequence
obs_kind_definitions
       3
    25          LAND_SFC_U_WIND_COMPONENT   
    26          LAND_SFC_V_WIND_COMPONENT   
    27          LAND_SFC_TEMPERATURE   
  num_copies:            2  num_qc:            1
 num_obs:       225  max_num_obs:       225
observations
truth
QC radar
  first:            1  last:       225
 OBS            1
       3.79010344606483
       5.84190568961294
       1.00000000000000
 -1 2 -1
obdef
loc3d
        4.90540352515539              0.69194112440599            606.33142089843750     -1
kind
     25     
    74700          153282     
       12.25000000000000  
 OBS            2
       1.87856387558257
       2.22663441915525
       1.00000000000000
 1 3 -1
obdef
loc3d
        4.94546412681761              0.68348353984884             17.75631332397461     -1
kind
     25     
    74700          153282     
       12.25000000000000  
 OBS            3
      -1.39549876618919
       2.08135739708572
       1.00000000000000
 2 4 -1
obdef
loc3d
        4.94660974174000              0.67744857875853             29.35406684875488     -1
kind
     25     
    74700          153282     
       12.25000000000000  
 OBS            4
      -1.40675673037706
       1.54536729814467
       1.00000000000000
 3 5 -1
obdef
loc3d
        4.94648126630843              0.68652865419204             54.82812500000000     -1
kind
     25     
    74700          153282     
       12.25000000000000  
 OBS            5
       2.29708343070703
       1.25022212157798
       1.00000000000000
 4 6 -1
obdef
loc3d
        4.94445426011379              0.68507566758975             62.61011505126953     -1
kind
     25     
    74700          153282     
       12.25000000000000  
 OBS            6
       6.56277755812080
       1.56104025852993
       1.00000000000000
 5 7 -1
obdef
loc3d
        4.94602055174578              0.68752162087271            134.15721130371091     -1
kind
     25     
    74700          153282     
       12.25000000000000  
 OBS            7
       3.44985437304736
       2.63528366961814
       1.00000000000000
 6 8 -1
obdef
loc3d
        4.94603912728501              0.67254511985829             35.00297546386719     -1
kind
     25     
    74700          153282     
       12.25000000000000  
 OBS            8
       1.58424734134292
       0.81390600829008
       1.00000000000000
 7 9 -1
obdef
loc3d
        4.95877904994953              0.67986585977255             17.04111671447754     -1
kind
     25     
    74700          153282     
       12.25000000000000  
 OBS            9
      -1.04170463627766
       1.68529009633819
       1.00000000000000
 8 10 -1
obdef
loc3d
        4.93958042817759              0.69095160998657            226.13127136230469     -1
kind
     25     
    74700          153282     
       12.25000000000000  
 OBS            10
       0.72712761604349
       0.92284152954468
       1.00000000000000
 9 11 -1
obdef
loc3d
        4.95756313665553              0.69181797222864             89.84997558593750     -1
kind
     25     
    74700          153282     
       12.25000000000000  
 OBS            11
       6.51230431454885
       2.30591629654783
       1.00000000000000
 10 12 -1
obdef
loc3d
        4.94078657111844              0.67409210989409             60.81152343750000     -1
kind
     25     
    74700          153282     
       12.25000000000000  
 OBS            12
      -0.38540333256157
       0.61449646141934
       1.00000000000000
 11 13 -1
obdef
loc3d
        4.95557846691255              0.67267262139613              1.00000000000000     -1
kind
     25     
    74700          153282     
       12.25000000000000  
 OBS            13
       2.65511446149069
       0.79620007098608
       1.00000000000000
 12 14 -1
obdef
loc3d
        4.93193348448080              0.68856418981073            106.00000000000000     -1
kind
     25     
    74700          153282     
       12.25000000000000  
 OBS            14
       2.44125802770638
       6.28003680521453
       1.00000000000000
 13 15 -1
obdef
loc3d
        4.89970838141578              0.68765245249877            785.09423828125000     -1
kind
     25     
    74700          153282     
       12.25000000000000  
 OBS            15
      -1.03562747923970
      -0.78852843209128
       1.00000000000000
 14 16 -1
obdef
loc3d
        4.95026814558372              0.68993059237416             93.11567687988281     -1
kind
     25     
    74700          153282     
       12.25000000000000  
 OBS            16
       5.62836027697443
       1.57243784067588
       1.00000000000000
 15 17 -1
obdef
loc3d
        4.94174512165160              0.68484635226999            116.56585693359381     -1
kind
     25     
    74700          153282     
       12.25000000000000  
 OBS            17
       4.22087456910625
       0.50097825647555
       1.00000000000000
 16 18 -1
obdef
loc3d
        4.95420735021482              0.68473663912788             15.00000000000000     -1
kind
     25     
    74700          153282     
       12.25000000000000  
 OBS            18
       1.45229576585972
       1.44573594775518
       1.00000000000000
 17 19 -1
obdef
loc3d
        4.93477042118681              0.68310638816012            118.89588928222661     -1
kind
     25     
    74700          153282     
       12.25000000000000  
 OBS            19
       6.30493257801246
       3.51363778263791
       1.00000000000000
 18 20 -1
obdef
loc3d
        4.93795631029682              0.68276407673392            144.94107055664060     -1
kind
     25     
    74700          153282     
       12.25000000000000  
 OBS            20
       3.84078210750340
       1.94225882758235
       1.00000000000000
 19 21 -1
obdef
loc3d
        4.94001671685736              0.68064929967652             43.67281723022461     -1
kind
     25     
    74700          153282     
       12.25000000000000  
 OBS            21
       2.71899209916879
       2.46290133153356
       1.00000000000000
 20 22 -1
obdef
loc3d
        4.94058460161740              0.67807181314514             70.17810058593750     -1
kind
     25     
    74700          153282     
       12.25000000000000  
 OBS            22
      -0.20417438590529
       1.09503409784328
       1.00000000000000
 21 23 -1
obdef
loc3d
        4.95423295419494              0.68033176843505              3.71636104583740     -1
kind
     25     
    74700          153282     
       12.25000000000000  
 OBS            23
       5.08871301501405
       1.96427300760533
       1.00000000000000
 22 24 -1
obdef
loc3d
        4.94926894458696              0.66642585587446             10.91526031494141     -1
kind
     25     
    74700          153282     
       12.25000000000000  
 OBS            24
       1.55165652407311
       1.77832882131868
       1.00000000000000
 23 25 -1
obdef
loc3d
        4.96223480186848              0.66700036066835              5.00000000000000     -1
kind
     25     
    74700          153282     
       12.25000000000000  
 OBS            25
      -1.29931823593693
       0.49217420726003
       1.00000000000000
 24 26 -1
obdef
loc3d
        4.95546148971009              0.67729393735082              6.17724800109863     -1
kind
     25     
    74700          153282     
       12.25000000000000  
 OBS            26
       1.83797661854822
      -0.16914208283042
       1.00000000000000
 25 27 -1
obdef
loc3d
        4.92652723985629              0.69051382381431            146.04148864746091     -1
kind
     25     
    74700          153282     
       12.25000000000000  
 OBS            27
       3.78501335303390
       1.51061956748060
       1.00000000000000
 26 28 -1
obdef
loc3d
        4.96366005344362              0.66920346185787              6.00000000000000     -1
kind
     25     
    74700          153282     
       12.25000000000000  
 OBS            28
      -3.51118241120449
       0.20097206519856
       1.00000000000000
 27 29 -1
obdef
loc3d
        4.97052949833720              0.66907739847133              8.84140872955322     -1
kind
     25     
    74700          153282     
       12.25000000000000  
 OBS            29
      -3.45201347357285
      -1.09794987447769
       1.00000000000000
 28 30 -1
obdef
loc3d
        4.95272465676814              0.69285338512106             17.57446289062500     -1
kind
     25     
    74700          153282     
       12.25000000000000  
 OBS            30
      -6.42625889181509
      -0.84286422735601
       1.00000000000000
 29 31 -1
obdef
loc3d
        4.94895487610473              0.69270373762026            144.09075927734381     -1
kind
     25     
    74700          153282     
       12.25000000000000  
 OBS            31
       2.42465571915814
       3.44782995681849
       1.00000000000000
 30 32 -1
obdef
loc3d
        4.94293085461737              0.69053117803871            168.92642211914060     -1
kind
     25     
    74700          153282     
       12.25000000000000  
 OBS            32
       5.90159897949570
       2.81705189143018
       1.00000000000000
 31 33 -1
obdef
loc3d
        4.93556788041953              0.67027828664670             15.00000000000000     -1
kind
     25     
    74700          153282     
       12.25000000000000  
 OBS            33
       1.58690113974465
       2.71976391908653
       1.00000000000000
 32 34 -1
obdef
loc3d
        4.94611628544174              0.67496858055017             35.03607940673828     -1
kind
     25     
    74700          153282     
       12.25000000000000  
 OBS            34
       1.23007183652988
       3.56281692325065
       1.00000000000000
 33 35 -1
obdef
loc3d
        4.94304709522229              0.67138694960003             45.00000000000000     -1
kind
     25     
    74700          153282     
       12.25000000000000  
 OBS            35
       0.56654245036581
       1.76448935863128
       1.00000000000000
 34 36 -1
obdef
loc3d
        4.94323627307922              0.67609935421143             50.91764831542969     -1
kind
     25     
    74700          153282     
       12.25000000000000  
 OBS            36
      -5.08030018666559
       1.41058808891142
       1.00000000000000
 35 37 -1
obdef
loc3d
        4.94382880471830              0.67878617658979             35.27229690551758     -1
kind
     25     
    74700          153282     
       12.25000000000000  
 OBS            37
       0.39614571103955
       1.63433278847676
       1.00000000000000
 36 38 -1
obdef
loc3d
        4.94220707390035              0.68781081917460            173.94366455078119     -1
kind
     25     
    74700          153282     
       12.25000000000000  
 OBS            38
       1.25801949883322
      -1.07611515340912
       1.00000000000000
 37 39 -1
obdef
loc3d
        4.92755542120837              0.68675243746254            174.61849975585940     -1
kind
     25     
    74700          153282     
       12.25000000000000  
 OBS            39
       4.71555648837005
       1.19824628963430
       1.00000000000000
 38 40 -1
obdef
loc3d
        4.93770287749180              0.68559892863867            149.84144592285159     -1
kind
     25     
    74700          153282     
       12.25000000000000  
 OBS            40
      -4.76539823901285
       0.32034970370376
       1.00000000000000
 39 41 -1
obdef
loc3d
        4.92848130899840              0.69282991767383            196.64169311523440     -1
kind
     25     
    74700          153282     
       12.25000000000000  
 OBS            41
      -1.28373746143870
       3.03104143275591
       1.00000000000000
 40 42 -1
obdef
loc3d
        4.94329123891126              0.66857696973652             21.80461120605469     -1
kind
     25     
    74700          153282     
       12.25000000000000  
 OBS            42
      -4.48891282618126
       0.31896675224708
       1.00000000000000
 41 43 -1
obdef
loc3d
        4.93215285315783              0.69272179551745            405.54205322265619     -1
kind
     25     
    74700          153282     
       12.25000000000000  
 OBS            43
      -4.97677741229783
       0.78824282025544
       1.00000000000000
 42 44 -1
obdef
loc3d
        4.93085954966869              0.68304429171430             90.32812500000000     -1
kind
     25     
    74700          153282     
       12.25000000000000  
 OBS            44
       1.26159983486029
       2.89302444170522
       1.00000000000000
 43 45 -1
obdef
loc3d
        4.93705662369825              0.67280917017713             44.45593643188477     -1
kind
     25     
    74700          153282     
       12.25000000000000  
 OBS            45
       1.04365894277294
       0.22568020167625
       1.00000000000000
 44 46 -1
obdef
loc3d
        4.94512604639754              0.69281773274108            184.54177856445310     -1
kind
     25     
    74700          153282     
       12.25000000000000  
 OBS            46
       0.74184065720645
      -0.65763273185519
       1.00000000000000
 45 47 -1
obdef
loc3d
        4.94897278262263              0.68784055253573             58.60614395141602     -1
kind
     25     
    74700          153282     
       12.25000000000000  
 OBS            47
      -4.76473997856474
       0.71654923094991
       1.00000000000000
 46 48 -1
obdef
loc3d
        4.94602769361993              0.68071046350214             21.00896453857422     -1
kind
     25     
    74700          153282     
       12.25000000000000  
 OBS            48
       2.25007604220633
       2.85778885479167
       1.00000000000000
 47 49 -1
obdef
loc3d
        4.93975094338173              0.67132086947702             44.21312713623047     -1
kind
     25     
    74700          153282     
       12.25000000000000  
 OBS            49
      -1.14423674248056
       2.54971143213395
       1.00000000000000
 48 50 -1
obdef
loc3d
        4.93608481943111              0.69281990441712            165.01060485839841     -1
kind
     25     
    74700          153282     
       12.25000000000000  
 OBS            50
      -1.53935907719089
      -0.60599397377242
       1.00000000000000
 49 51 -1
obdef
loc3d
        4.92159319416735              0.69282443720594            292.33944702148438     -1
kind
     25     
    74700          153282     
       12.25000000000000  
 OBS            51
       0.48084859271867
       0.99285360640670
       1.00000000000000
 50 52 -1
obdef
loc3d
        4.93873881518950              0.68829597049600            229.64634704589841     -1
kind
     25     
    74700          153282     
       12.25000000000000  
 OBS            52
       1.38571153287960
       0.79694981490787
       1.00000000000000
 51 53 -1
obdef
loc3d
        4.93527083413009              0.68767784768684            170.73742675781250     -1
kind
     25     
    74700          153282     
       12.25000000000000  
 OBS            53
       1.78421873747424
       1.10179236653418
       1.00000000000000
 52 54 -1
obdef
loc3d
        4.94662113618514              0.69029960200592            170.37097167968750     -1
kind
     25     
    74700          153282     
       12.25000000000000  
 OBS            54
       2.75933109117904
       1.62638819644471
       1.00000000000000
 53 55 -1
obdef
loc3d
        4.93429249379945              0.69052021135789            149.81713867187500     -1
kind
     25     
    74700          153282     
       12.25000000000000  
 OBS            55
       2.15640914993427
       0.29712389777107
       1.00000000000000
 54 56 -1
obdef
loc3d
        4.93269049343414              0.68556567101287            183.19726562500000     -1
kind
     25     
    74700          153282     
       12.25000000000000  
 OBS            56
       4.41065952476239
       1.20699824522006
       1.00000000000000
 55 57 -1
obdef
loc3d
        4.96102089029673              0.67774516842699             17.24609375000000     -1
kind
     25     
    74700          153282     
       12.25000000000000  
 OBS            57
       0.87673513949029
       1.92269154282342
       1.00000000000000
 56 58 -1
obdef
loc3d
        4.95766343385975              0.68587140474105             17.20619201660156     -1
kind
     25     
    74700          153282     
       12.25000000000000  
 OBS            58
       0.11651287775857
      -0.08549201706201
       1.00000000000000
 57 59 -1
obdef
loc3d
        4.96848382491262              0.66600327539335              8.93466186523438     -1
kind
     25     
    74700          153282     
       12.25000000000000  
 OBS            59
       6.98225632727452
       1.90251012406633
       1.00000000000000
 58 60 -1
obdef
loc3d
        4.95841046678131              0.68356976794003             15.00000000000000     -1
kind
     25     
    74700          153282     
       12.25000000000000  
 OBS            60
       0.79762856045586
       1.03317653919912
       1.00000000000000
 59 61 -1
obdef
loc3d
        4.95968425198686              0.67283122878530              9.91464328765869     -1
kind
     25     
    74700          153282     
       12.25000000000000  
 OBS            61
      -1.25900229639957
       0.42221918457272
       1.00000000000000
 60 62 -1
obdef
loc3d
        4.95850938370535              0.67569847985950              9.09960937500000     -1
kind
     25     
    74700          153282     
       12.25000000000000  
 OBS            62
       2.72351038184903
       1.04457800533650
       1.00000000000000
 61 63 -1
obdef
loc3d
        4.96062039600501              0.68186605212913             14.00000000000000     -1
kind
     25     
    74700          153282     
       12.25000000000000  
 OBS            63
       2.22095262417709
       2.53779678856211
       1.00000000000000
 62 64 -1
obdef
loc3d
        4.96044430349621              0.68522255501691             15.00000000000000     -1
kind
     25     
    74700          153282     
       12.25000000000000  
 OBS            64
       3.18436914369079
       1.32765335147179
       1.00000000000000
 63 65 -1
obdef
loc3d
        4.95666979050607              0.68165969365477             15.07347202301025     -1
kind
     25     
    74700          153282     
       12.25000000000000  
 OBS            65
       3.07288639988061
       3.58656472628403
       1.00000000000000
 64 66 -1
obdef
loc3d
        4.96483712939352              0.66390373451953              6.00000000000000     -1
kind
     25     
    74700          153282     
       12.25000000000000  
 OBS            66
       7.70739527763328
       1.90856240712602
       1.00000000000000
 65 67 -1
obdef
loc3d
        4.96717335385836              0.67072562238302             13.76562500000000     -1
kind
     25     
    74700          153282     
       12.25000000000000  
 OBS            67
       4.09924711789000
       2.27551628967318
       1.00000000000000
 66 68 -1
obdef
loc3d
        4.96004611966382              0.68820120365869             15.00000000000000     -1
kind
     25     
    74700          153282     
       12.25000000000000  
 OBS            68
       0.02819265504545
       0.29266991944426
       1.00000000000000
 67 69 -1
obdef
loc3d
        4.95406364445895              0.69009645468583             54.42578125000000     -1
kind
     25     
    74700          153282     
       12.25000000000000  
 OBS            69
      -0.19995625942119
       0.51147608513955
       1.00000000000000
 68 70 -1
obdef
loc3d
        4.95508230192316              0.68705689194968              9.08530712127686     -1
kind
     25     
    74700          153282     
       12.25000000000000  
 OBS            70
       1.46646469094053
       2.81549914069810
       1.00000000000000
 69 71 -1
obdef
loc3d
        4.89647559039613              0.68497595921932            824.84875488281250     -1
kind
     25     
    74700          153282     
       12.25000000000000  
 OBS            71
       8.43114153108890
       6.02251155653546
       1.00000000000000
 70 72 -1
obdef
loc3d
        4.89667428721977              0.69273770557989            574.37286376953125     -1
kind
     25     
    74700          153282     
       12.25000000000000  
 OBS            72
      -0.99518467328036
       1.41220768562931
       1.00000000000000
 71 73 -1
obdef
loc3d
        4.91583459977084              0.69278424988043            233.68589782714841     -1
kind
     25     
    74700          153282     
       12.25000000000000  
 OBS            73
       0.00360136463889
       4.39595063486961
       1.00000000000000
 72 74 -1
obdef
loc3d
        4.90300762067971              0.68954390300676            525.03326416015625     -1
kind
     25     
    74700          153282     
       12.25000000000000  
 OBS            74
       6.05405066740293
       8.28633049466893
       1.00000000000000
 73 75 -1
obdef
loc3d
        4.90168560310748              0.69286223560483            711.58941650390625     -1
kind
     25     
    74700          153282     
       12.25000000000000  
 OBS            75
      -0.26767071459106
       1.15650813489074
       1.00000000000000
 74 76 -1
obdef
loc3d
        4.91091515139416              0.69052501454351            199.70848083496091     -1
kind
     25     
    74700          153282     
       12.25000000000000  
 OBS            76
       0.69533381239740
       3.22734316118064
       1.00000000000000
 75 77 -1
obdef
loc3d
        4.90540352515539              0.69194112440599            606.33142089843750     -1
kind
     26     
    74700          153282     
       12.25000000000000  
 OBS            77
       1.81276437360722
       2.55673036238936
       1.00000000000000
 76 78 -1
obdef
loc3d
        4.94546412681761              0.68348353984884             17.75631332397461     -1
kind
     26     
    74700          153282     
       12.25000000000000  
 OBS            78
       6.33531306089906
       3.19210168472105
       1.00000000000000
 77 79 -1
obdef
loc3d
        4.94660974174000              0.67744857875853             29.35406684875488     -1
kind
     26     
    74700          153282     
       12.25000000000000  
 OBS            79
      -0.76290772155774
       2.66813460474290
       1.00000000000000
 78 80 -1
obdef
loc3d
        4.94648126630843              0.68652865419204             54.82812500000000     -1
kind
     26     
    74700          153282     
       12.25000000000000  
 OBS            80
       2.74944938563492
       3.21895738374637
       1.00000000000000
 79 81 -1
obdef
loc3d
        4.94445426011379              0.68507566758975             62.61011505126953     -1
kind
     26     
    74700          153282     
       12.25000000000000  
 OBS            81
       0.69897636020940
       4.11909520901223
       1.00000000000000
 80 82 -1
obdef
loc3d
        4.94602055174578              0.68752162087271            134.15721130371091     -1
kind
     26     
    74700          153282     
       12.25000000000000  
 OBS            82
      -0.52241565680816
       2.36941510710575
       1.00000000000000
 81 83 -1
obdef
loc3d
        4.94603912728501              0.67254511985829             35.00297546386719     -1
kind
     26     
    74700          153282     
       12.25000000000000  
 OBS            83
      -0.97428797406721
       3.88977639640708
       1.00000000000000
 82 84 -1
obdef
loc3d
        4.95877904994953              0.67986585977255             17.04111671447754     -1
kind
     26     
    74700          153282     
       12.25000000000000  
 OBS            84
       4.76053782763127
       5.08648124115639
       1.00000000000000
 83 85 -1
obdef
loc3d
        4.93958042817759              0.69095160998657            226.13127136230469     -1
kind
     26     
    74700          153282     
       12.25000000000000  
 OBS            85
       1.01579423618935
       4.19250570890916
       1.00000000000000
 84 86 -1
obdef
loc3d
        4.95756313665553              0.69181797222864             89.84997558593750     -1
kind
     26     
    74700          153282     
       12.25000000000000  
 OBS            86
       2.93761111130731
       4.48757460245834
       1.00000000000000
 85 87 -1
obdef
loc3d
        4.94078657111844              0.67409210989409             60.81152343750000     -1
kind
     26     
    74700          153282     
       12.25000000000000  
 OBS            87
       8.29228481348973
       4.83898412553873
       1.00000000000000
 86 88 -1
obdef
loc3d
        4.95557846691255              0.67267262139613              1.00000000000000     -1
kind
     26     
    74700          153282     
       12.25000000000000  
 OBS            88
      -2.81261647959807
       3.11311889398643
       1.00000000000000
 87 89 -1
obdef
loc3d
        4.93193348448080              0.68856418981073            106.00000000000000     -1
kind
     26     
    74700          153282     
       12.25000000000000  
 OBS            89
       1.27936377263249
       0.38869984312190
       1.00000000000000
 88 90 -1
obdef
loc3d
        4.89970838141578              0.68765245249877            785.09423828125000     -1
kind
     26     
    74700          153282     
       12.25000000000000  
 OBS            90
       4.60447033001948
       4.61950897652299
       1.00000000000000
 89 91 -1
obdef
loc3d
        4.95026814558372              0.68993059237416             93.11567687988281     -1
kind
     26     
    74700          153282     
       12.25000000000000  
 OBS            91
       9.33796258172037
       4.79851512371742
       1.00000000000000
 90 92 -1
obdef
loc3d
        4.94174512165160              0.68484635226999            116.56585693359381     -1
kind
     26     
    74700          153282     
       12.25000000000000  
 OBS            92
       7.58354821687341
       4.79864491813125
       1.00000000000000
 91 93 -1
obdef
loc3d
        4.95420735021482              0.68473663912788             15.00000000000000     -1
kind
     26     
    74700          153282     
       12.25000000000000  
 OBS            93
       6.09324633484240
       4.27161411536122
       1.00000000000000
 92 94 -1
obdef
loc3d
        4.93477042118681              0.68310638816012            118.89588928222661     -1
kind
     26     
    74700          153282     
       12.25000000000000  
 OBS            94
       3.75653697383052
       4.85153727370936
       1.00000000000000
 93 95 -1
obdef
loc3d
        4.93795631029682              0.68276407673392            144.94107055664060     -1
kind
     26     
    74700          153282     
       12.25000000000000  
 OBS            95
       2.04587802721309
       3.99866382405674
       1.00000000000000
 94 96 -1
obdef
loc3d
        4.94001671685736              0.68064929967652             43.67281723022461     -1
kind
     26     
    74700          153282     
       12.25000000000000  
 OBS            96
       6.20509825274513
       4.51641667754526
       1.00000000000000
 95 97 -1
obdef
loc3d
        4.94058460161740              0.67807181314514             70.17810058593750     -1
kind
     26     
    74700          153282     
       12.25000000000000  
 OBS            97
      -1.72110533610114
       4.16057505150370
       1.00000000000000
 96 98 -1
obdef
loc3d
        4.95423295419494              0.68033176843505              3.71636104583740     -1
kind
     26     
    74700          153282     
       12.25000000000000  
 OBS            98
       1.05544144453036
       3.04768918436032
       1.00000000000000
 97 99 -1
obdef
loc3d
        4.94926894458696              0.66642585587446             10.91526031494141     -1
kind
     26     
    74700          153282     
       12.25000000000000  
 OBS            99
       4.21595615246981
       4.68062651433358
       1.00000000000000
 98 100 -1
obdef
loc3d
        4.96223480186848              0.66700036066835              5.00000000000000     -1
kind
     26     
    74700          153282     
       12.25000000000000  
 OBS            100
       2.04543244713956
       4.29359050262731
       1.00000000000000
 99 101 -1
obdef
loc3d
        4.95546148971009              0.67729393735082              6.17724800109863     -1
kind
     26     
    74700          153282     
       12.25000000000000  
 OBS            101
       2.49206518572091
       1.94193685917140
       1.00000000000000
 100 102 -1
obdef
loc3d
        4.92652723985629              0.69051382381431            146.04148864746091     -1
kind
     26     
    74700          153282     
       12.25000000000000  
 OBS            102
       7.69170983660024
       3.43385871829992
       1.00000000000000
 101 103 -1
obdef
loc3d
        4.96366005344362              0.66920346185787              6.00000000000000     -1
kind
     26     
    74700          153282     
       12.25000000000000  
 OBS            103
       8.09574485407113
       4.98548240906840
       1.00000000000000
 102 104 -1
obdef
loc3d
        4.97052949833720              0.66907739847133              8.84140872955322     -1
kind
     26     
    74700          153282     
       12.25000000000000  
 OBS            104
       1.94020622463691
       4.41992670217714
       1.00000000000000
 103 105 -1
obdef
loc3d
        4.95272465676814              0.69285338512106             17.57446289062500     -1
kind
     26     
    74700          153282     
       12.25000000000000  
 OBS            105
       3.02125904889893
       4.94264157955623
       1.00000000000000
 104 106 -1
obdef
loc3d
        4.94895487610473              0.69270373762026            144.09075927734381     -1
kind
     26     
    74700          153282     
       12.25000000000000  
 OBS            106
       1.36624599023536
       4.76349009265206
       1.00000000000000
 105 107 -1
obdef
loc3d
        4.94293085461737              0.69053117803871            168.92642211914060     -1
kind
     26     
    74700          153282     
       12.25000000000000  
 OBS            107
      -1.05929766603306
       4.35157223350477
       1.00000000000000
 106 108 -1
obdef
loc3d
        4.93556788041953              0.67027828664670             15.00000000000000     -1
kind
     26     
    74700          153282     
       12.25000000000000  
 OBS            108
      -3.29045458940733
       3.41008868963584
       1.00000000000000
 107 109 -1
obdef
loc3d
        4.94611628544174              0.67496858055017             35.03607940673828     -1
kind
     26     
    74700          153282     
       12.25000000000000  
 OBS            109
       0.88657193377391
       3.80699307212720
       1.00000000000000
 108 110 -1
obdef
loc3d
        4.94304709522229              0.67138694960003             45.00000000000000     -1
kind
     26     
    74700          153282     
       12.25000000000000  
 OBS            110
       2.51310334125337
       3.79729775153697
       1.00000000000000
 109 111 -1
obdef
loc3d
        4.94323627307922              0.67609935421143             50.91764831542969     -1
kind
     26     
    74700          153282     
       12.25000000000000  
 OBS            111
       2.23983012313882
       3.31900950935733
       1.00000000000000
 110 112 -1
obdef
loc3d
        4.94382880471830              0.67878617658979             35.27229690551758     -1
kind
     26     
    74700          153282     
       12.25000000000000  
 OBS            112
      -0.40489703513249
       2.06322201514886
       1.00000000000000
 111 113 -1
obdef
loc3d
        4.94220707390035              0.68781081917460            173.94366455078119     -1
kind
     26     
    74700          153282     
       12.25000000000000  
 OBS            113
       3.46549721117176
       2.38027987076761
       1.00000000000000
 112 114 -1
obdef
loc3d
        4.92755542120837              0.68675243746254            174.61849975585940     -1
kind
     26     
    74700          153282     
       12.25000000000000  
 OBS            114
       0.19938862343630
       1.44718964351621
       1.00000000000000
 113 115 -1
obdef
loc3d
        4.93770287749180              0.68559892863867            149.84144592285159     -1
kind
     26     
    74700          153282     
       12.25000000000000  
 OBS            115
       3.24406237032011
       3.88443436211288
       1.00000000000000
 114 116 -1
obdef
loc3d
        4.92848130899840              0.69282991767383            196.64169311523440     -1
kind
     26     
    74700          153282     
       12.25000000000000  
 OBS            116
      -0.62191124239554
       4.05078779206697
       1.00000000000000
 115 117 -1
obdef
loc3d
        4.94329123891126              0.66857696973652             21.80461120605469     -1
kind
     26     
    74700          153282     
       12.25000000000000  
 OBS            117
       1.08756867569284
       3.03785941315033
       1.00000000000000
 116 118 -1
obdef
loc3d
        4.93215285315783              0.69272179551745            405.54205322265619     -1
kind
     26     
    74700          153282     
       12.25000000000000  
 OBS            118
       4.93399541566854
       4.17368614831147
       1.00000000000000
 117 119 -1
obdef
loc3d
        4.93085954966869              0.68304429171430             90.32812500000000     -1
kind
     26     
    74700          153282     
       12.25000000000000  
 OBS            119
       1.35673624808975
       4.36710039689488
       1.00000000000000
 118 120 -1
obdef
loc3d
        4.93705662369825              0.67280917017713             44.45593643188477     -1
kind
     26     
    74700          153282     
       12.25000000000000  
 OBS            120
      -0.73258719920904
       2.24086673138615
       1.00000000000000
 119 121 -1
obdef
loc3d
        4.94512604639754              0.69281773274108            184.54177856445310     -1
kind
     26     
    74700          153282     
       12.25000000000000  
 OBS            121
       3.35448504176100
       4.37677253364369
       1.00000000000000
 120 122 -1
obdef
loc3d
        4.94897278262263              0.68784055253573             58.60614395141602     -1
kind
     26     
    74700          153282     
       12.25000000000000  
 OBS            122
      -1.39154160401226
       3.47216426039819
       1.00000000000000
 121 123 -1
obdef
loc3d
        4.94602769361993              0.68071046350214             21.00896453857422     -1
kind
     26     
    74700          153282     
       12.25000000000000  
 OBS            123
       5.65045437934920
       4.30714370718546
       1.00000000000000
 122 124 -1
obdef
loc3d
        4.93975094338173              0.67132086947702             44.21312713623047     -1
kind
     26     
    74700          153282     
       12.25000000000000  
 OBS            124
       2.37810196699721
       4.84343794883904
       1.00000000000000
 123 125 -1
obdef
loc3d
        4.93608481943111              0.69281990441712            165.01060485839841     -1
kind
     26     
    74700          153282     
       12.25000000000000  
 OBS            125
      -3.79823966191016
       1.49255674527403
       1.00000000000000
 124 126 -1
obdef
loc3d
        4.92159319416735              0.69282443720594            292.33944702148438     -1
kind
     26     
    74700          153282     
       12.25000000000000  
 OBS            126
       1.50064581331033
       3.64237247672340
       1.00000000000000
 125 127 -1
obdef
loc3d
        4.93873881518950              0.68829597049600            229.64634704589841     -1
kind
     26     
    74700          153282     
       12.25000000000000  
 OBS            127
       2.96647438100556
       3.03011444130361
       1.00000000000000
 126 128 -1
obdef
loc3d
        4.93527083413009              0.68767784768684            170.73742675781250     -1
kind
     26     
    74700          153282     
       12.25000000000000  
 OBS            128
       7.77796931818789
       5.38111760859173
       1.00000000000000
 127 129 -1
obdef
loc3d
        4.94662113618514              0.69029960200592            170.37097167968750     -1
kind
     26     
    74700          153282     
       12.25000000000000  
 OBS            129
       1.34963344515206
       4.32709290772665
       1.00000000000000
 128 130 -1
obdef
loc3d
        4.93429249379945              0.69052021135789            149.81713867187500     -1
kind
     26     
    74700          153282     
       12.25000000000000  
 OBS            130
       2.29555793826185
       3.72381090114730
       1.00000000000000
 129 131 -1
obdef
loc3d
        4.93269049343414              0.68556567101287            183.19726562500000     -1
kind
     26     
    74700          153282     
       12.25000000000000  
 OBS            131
       0.94486637283680
       4.12081759047142
       1.00000000000000
 130 132 -1
obdef
loc3d
        4.96102089029673              0.67774516842699             17.24609375000000     -1
kind
     26     
    74700          153282     
       12.25000000000000  
 OBS            132
       3.34628788384209
       4.61206153887137
       1.00000000000000
 131 133 -1
obdef
loc3d
        4.95766343385975              0.68587140474105             17.20619201660156     -1
kind
     26     
    74700          153282     
       12.25000000000000  
 OBS            133
       7.14584631427548
       4.05318564839404
       1.00000000000000
 132 134 -1
obdef
loc3d
        4.96848382491262              0.66600327539335              8.93466186523438     -1
kind
     26     
    74700          153282     
       12.25000000000000  
 OBS            134
       2.80600053955680
       4.12037707600665
       1.00000000000000
 133 135 -1
obdef
loc3d
        4.95841046678131              0.68356976794003             15.00000000000000     -1
kind
     26     
    74700          153282     
       12.25000000000000  
 OBS            135
      -3.01043229141345
       4.30465298297960
       1.00000000000000
 134 136 -1
obdef
loc3d
        4.95968425198686              0.67283122878530              9.91464328765869     -1
kind
     26     
    74700          153282     
       12.25000000000000  
 OBS            136
       5.08586464523591
       4.63143777824871
       1.00000000000000
 135 137 -1
obdef
loc3d
        4.95850938370535              0.67569847985950              9.09960937500000     -1
kind
     26     
    74700          153282     
       12.25000000000000  
 OBS            137
       2.12682633039947
       3.99126370399904
       1.00000000000000
 136 138 -1
obdef
loc3d
        4.96062039600501              0.68186605212913             14.00000000000000     -1
kind
     26     
    74700          153282     
       12.25000000000000  
 OBS            138
       6.93081640306824
       3.51397710815615
       1.00000000000000
 137 139 -1
obdef
loc3d
        4.96044430349621              0.68522255501691             15.00000000000000     -1
kind
     26     
    74700          153282     
       12.25000000000000  
 OBS            139
       5.54260013539292
       4.03340272022762
       1.00000000000000
 138 140 -1
obdef
loc3d
        4.95666979050607              0.68165969365477             15.07347202301025     -1
kind
     26     
    74700          153282     
       12.25000000000000  
 OBS            140
       2.91066281996856
       3.75001802414076
       1.00000000000000
 139 141 -1
obdef
loc3d
        4.96483712939352              0.66390373451953              6.00000000000000     -1
kind
     26     
    74700          153282     
       12.25000000000000  
 OBS            141
       0.90345810515192
       3.59448900542970
       1.00000000000000
 140 142 -1
obdef
loc3d
        4.96717335385836              0.67072562238302             13.76562500000000     -1
kind
     26     
    74700          153282     
       12.25000000000000  
 OBS            142
       4.67494809715833
       4.11656869689141
       1.00000000000000
 141 143 -1
obdef
loc3d
        4.96004611966382              0.68820120365869             15.00000000000000     -1
kind
     26     
    74700          153282     
       12.25000000000000  
 OBS            143
       1.93808173425523
       3.92366677650143
       1.00000000000000
 142 144 -1
obdef
loc3d
        4.95406364445895              0.69009645468583             54.42578125000000     -1
kind
     26     
    74700          153282     
       12.25000000000000  
 OBS            144
       4.24194938672858
       4.06050111228847
       1.00000000000000
 143 145 -1
obdef
loc3d
        4.95508230192316              0.68705689194968              9.08530712127686     -1
kind
     26     
    74700          153282     
       12.25000000000000  
 OBS            145
       2.38885182265315
       0.97157495677459
       1.00000000000000
 144 146 -1
obdef
loc3d
        4.89647559039613              0.68497595921932            824.84875488281250     -1
kind
     26     
    74700          153282     
       12.25000000000000  
 OBS            146
       4.42608308884066
      -0.60281932021493
       1.00000000000000
 145 147 -1
obdef
loc3d
        4.89667428721977              0.69273770557989            574.37286376953125     -1
kind
     26     
    74700          153282     
       12.25000000000000  
 OBS            147
       2.88203042889461
       2.48799030946830
       1.00000000000000
 146 148 -1
obdef
loc3d
        4.91583459977084              0.69278424988043            233.68589782714841     -1
kind
     26     
    74700          153282     
       12.25000000000000  
 OBS            148
      -1.43914429708664
       1.31205468247352
       1.00000000000000
 147 149 -1
obdef
loc3d
        4.90300762067971              0.68954390300676            525.03326416015625     -1
kind
     26     
    74700          153282     
       12.25000000000000  
 OBS            149
       3.98303571101324
       2.07315264418962
       1.00000000000000
 148 150 -1
obdef
loc3d
        4.90168560310748              0.69286223560483            711.58941650390625     -1
kind
     26     
    74700          153282     
       12.25000000000000  
 OBS            150
      -1.17753433619808
       2.56406666389232
       1.00000000000000
 149 151 -1
obdef
loc3d
        4.91091515139416              0.69052501454351            199.70848083496091     -1
kind
     26     
    74700          153282     
       12.25000000000000  
 OBS            151
     297.90247654282314
     298.54160415175897
       1.00000000000000
 150 152 -1
obdef
loc3d
        4.90540352515539              0.69194112440599            606.33142089843750     -1
kind
     27     
    74700          153282     
        6.25000000000000  
 OBS            152
     303.23976681007673
     303.78843325771800
       1.00000000000000
 151 153 -1
obdef
loc3d
        4.94546412681761              0.68348353984884             17.75631332397461     -1
kind
     27     
    74700          153282     
        6.25000000000000  
 OBS            153
     304.60725978102272
     304.09896639880998
       1.00000000000000
 152 154 -1
obdef
loc3d
        4.94660974174000              0.67744857875853             29.35406684875488     -1
kind
     27     
    74700          153282     
        6.25000000000000  
 OBS            154
     301.92148230695585
     302.94405750010299
       1.00000000000000
 153 155 -1
obdef
loc3d
        4.94648126630843              0.68652865419204             54.82812500000000     -1
kind
     27     
    74700          153282     
        6.25000000000000  
 OBS            155
     304.70064148204932
     303.18825159685701
       1.00000000000000
 154 156 -1
obdef
loc3d
        4.94445426011379              0.68507566758975             62.61011505126953     -1
kind
     27     
    74700          153282     
        6.25000000000000  
 OBS            156
     303.09019685210592
     302.56047695841301
       1.00000000000000
 155 157 -1
obdef
loc3d
        4.94602055174578              0.68752162087271            134.15721130371091     -1
kind
     27     
    74700          153282     
        6.25000000000000  
 OBS            157
     305.49086664577931
     304.10395044818301
       1.00000000000000
 156 158 -1
obdef
loc3d
        4.94603912728501              0.67254511985829             35.00297546386719     -1
kind
     27     
    74700          153282     
        6.25000000000000  
 OBS            158
     305.48440444841231
     303.45757624735302
       1.00000000000000
 157 159 -1
obdef
loc3d
        4.95877904994953              0.67986585977255             17.04111671447754     -1
kind
     27     
    74700          153282     
        6.25000000000000  
 OBS            159
     302.48087247813095
     302.01315185733500
       1.00000000000000
 158 160 -1
obdef
loc3d
        4.93958042817759              0.69095160998657            226.13127136230469     -1
kind
     27     
    74700          153282     
        6.25000000000000  
 OBS            160
     302.90793336793098
     302.19433519480100
       1.00000000000000
 159 161 -1
obdef
loc3d
        4.95756313665553              0.69181797222864             89.84997558593750     -1
kind
     27     
    74700          153282     
        6.25000000000000  
 OBS            161
     303.13138448328897
     304.19221841570800
       1.00000000000000
 160 162 -1
obdef
loc3d
        4.94078657111844              0.67409210989409             60.81152343750000     -1
kind
     27     
    74700          153282     
        6.25000000000000  
 OBS            162
     304.03570585083065
     304.71332808964303
       1.00000000000000
 161 163 -1
obdef
loc3d
        4.95557846691255              0.67267262139613              1.00000000000000     -1
kind
     27     
    74700          153282     
        6.25000000000000  
 OBS            163
     304.65219531046245
     302.74937258878401
       1.00000000000000
 162 164 -1
obdef
loc3d
        4.93193348448080              0.68856418981073            106.00000000000000     -1
kind
     27     
    74700          153282     
        6.25000000000000  
 OBS            164
     295.66467751120393
     295.60230961660801
       1.00000000000000
 163 165 -1
obdef
loc3d
        4.89970838141578              0.68765245249877            785.09423828125000     -1
kind
     27     
    74700          153282     
        6.25000000000000  
 OBS            165
     300.51887387538761
     301.73328993798401
       1.00000000000000
 164 166 -1
obdef
loc3d
        4.95026814558372              0.68993059237416             93.11567687988281     -1
kind
     27     
    74700          153282     
        6.25000000000000  
 OBS            166
     305.26583022468355
     303.57441597595300
       1.00000000000000
 165 167 -1
obdef
loc3d
        4.94174512165160              0.68484635226999            116.56585693359381     -1
kind
     27     
    74700          153282     
        6.25000000000000  
 OBS            167
     302.26661523961917
     303.10700862568501
       1.00000000000000
 166 168 -1
obdef
loc3d
        4.95420735021482              0.68473663912788             15.00000000000000     -1
kind
     27     
    74700          153282     
        6.25000000000000  
 OBS            168
     304.25656929371053
     303.49422037862701
       1.00000000000000
 167 169 -1
obdef
loc3d
        4.93477042118681              0.68310638816012            118.89588928222661     -1
kind
     27     
    74700          153282     
        6.25000000000000  
 OBS            169
     303.66219020952849
     303.28330568907700
       1.00000000000000
 168 170 -1
obdef
loc3d
        4.93795631029682              0.68276407673392            144.94107055664060     -1
kind
     27     
    74700          153282     
        6.25000000000000  
 OBS            170
     302.36281810192258
     303.26481318306497
       1.00000000000000
 169 171 -1
obdef
loc3d
        4.94001671685736              0.68064929967652             43.67281723022461     -1
kind
     27     
    74700          153282     
        6.25000000000000  
 OBS            171
     303.50143403417582
     303.98460650387699
       1.00000000000000
 170 172 -1
obdef
loc3d
        4.94058460161740              0.67807181314514             70.17810058593750     -1
kind
     27     
    74700          153282     
        6.25000000000000  
 OBS            172
     302.16657482562744
     304.02017962086200
       1.00000000000000
 171 173 -1
obdef
loc3d
        4.95423295419494              0.68033176843505              3.71636104583740     -1
kind
     27     
    74700          153282     
        6.25000000000000  
 OBS            173
     304.29117072207839
     304.68348380247897
       1.00000000000000
 172 174 -1
obdef
loc3d
        4.94926894458696              0.66642585587446             10.91526031494141     -1
kind
     27     
    74700          153282     
        6.25000000000000  
 OBS            174
     303.25020221424228
     304.94234666604598
       1.00000000000000
 173 175 -1
obdef
loc3d
        4.96223480186848              0.66700036066835              5.00000000000000     -1
kind
     27     
    74700          153282     
        6.25000000000000  
 OBS            175
     303.96972083332918
     304.02822852771800
       1.00000000000000
 174 176 -1
obdef
loc3d
        4.95546148971009              0.67729393735082              6.17724800109863     -1
kind
     27     
    74700          153282     
        6.25000000000000  
 OBS            176
     300.83738656880530
     300.74996719512097
       1.00000000000000
 175 177 -1
obdef
loc3d
        4.92652723985629              0.69051382381431            146.04148864746091     -1
kind
     27     
    74700          153282     
        6.25000000000000  
 OBS            177
     304.61902820279249
     304.17156181233401
       1.00000000000000
 176 178 -1
obdef
loc3d
        4.96366005344362              0.66920346185787              6.00000000000000     -1
kind
     27     
    74700          153282     
        6.25000000000000  
 OBS            178
     300.86049181046053
     302.10314410491401
       1.00000000000000
 177 179 -1
obdef
loc3d
        4.97052949833720              0.66907739847133              8.84140872955322     -1
kind
     27     
    74700          153282     
        6.25000000000000  
 OBS            179
     299.86862763658786
     300.22944964941001
       1.00000000000000
 178 180 -1
obdef
loc3d
        4.95272465676814              0.69285338512106             17.57446289062500     -1
kind
     27     
    74700          153282     
        6.25000000000000  
 OBS            180
     300.47614715576947
     301.74191317892399
       1.00000000000000
 179 181 -1
obdef
loc3d
        4.94895487610473              0.69270373762026            144.09075927734381     -1
kind
     27     
    74700          153282     
        6.25000000000000  
 OBS            181
     301.00094367160705
     302.69748047342500
       1.00000000000000
 180 182 -1
obdef
loc3d
        4.94293085461737              0.69053117803871            168.92642211914060     -1
kind
     27     
    74700          153282     
        6.25000000000000  
 OBS            182
     304.54012156306942
     304.95162347400901
       1.00000000000000
 181 183 -1
obdef
loc3d
        4.93556788041953              0.67027828664670             15.00000000000000     -1
kind
     27     
    74700          153282     
        6.25000000000000  
 OBS            183
     302.52387852781834
     303.96650336237201
       1.00000000000000
 182 184 -1
obdef
loc3d
        4.94611628544174              0.67496858055017             35.03607940673828     -1
kind
     27     
    74700          153282     
        6.25000000000000  
 OBS            184
     305.13152461795408
     304.71388922080001
       1.00000000000000
 183 185 -1
obdef
loc3d
        4.94304709522229              0.67138694960003             45.00000000000000     -1
kind
     27     
    74700          153282     
        6.25000000000000  
 OBS            185
     304.27706414816168
     303.73268360874499
       1.00000000000000
 184 186 -1
obdef
loc3d
        4.94323627307922              0.67609935421143             50.91764831542969     -1
kind
     27     
    74700          153282     
        6.25000000000000  
 OBS            186
     306.04920633183764
     303.95391996447700
       1.00000000000000
 185 187 -1
obdef
loc3d
        4.94382880471830              0.67878617658979             35.27229690551758     -1
kind
     27     
    74700          153282     
        6.25000000000000  
 OBS            187
     302.80089211266727
     302.33586450135300
       1.00000000000000
 186 188 -1
obdef
loc3d
        4.94220707390035              0.68781081917460            173.94366455078119     -1
kind
     27     
    74700          153282     
        6.25000000000000  
 OBS            188
     299.27515913010200
     301.21452805603400
       1.00000000000000
 187 189 -1
obdef
loc3d
        4.92755542120837              0.68675243746254            174.61849975585940     -1
kind
     27     
    74700          153282     
        6.25000000000000  
 OBS            189
     304.17140450979542
     302.32640789782101
       1.00000000000000
 188 190 -1
obdef
loc3d
        4.93770287749180              0.68559892863867            149.84144592285159     -1
kind
     27     
    74700          153282     
        6.25000000000000  
 OBS            190
     300.67233312365602
     299.92964255746898
       1.00000000000000
 189 191 -1
obdef
loc3d
        4.92848130899840              0.69282991767383            196.64169311523440     -1
kind
     27     
    74700          153282     
        6.25000000000000  
 OBS            191
     305.39996491066847
     305.09224626557199
       1.00000000000000
 190 192 -1
obdef
loc3d
        4.94329123891126              0.66857696973652             21.80461120605469     -1
kind
     27     
    74700          153282     
        6.25000000000000  
 OBS            192
     298.57362069648701
     299.73584862633999
       1.00000000000000
 191 193 -1
obdef
loc3d
        4.93215285315783              0.69272179551745            405.54205322265619     -1
kind
     27     
    74700          153282     
        6.25000000000000  
 OBS            193
     301.99153174550565
     303.61331199491400
       1.00000000000000
 192 194 -1
obdef
loc3d
        4.93085954966869              0.68304429171430             90.32812500000000     -1
kind
     27     
    74700          153282     
        6.25000000000000  
 OBS            194
     304.59359875684237
     304.54840461031603
       1.00000000000000
 193 195 -1
obdef
loc3d
        4.93705662369825              0.67280917017713             44.45593643188477     -1
kind
     27     
    74700          153282     
        6.25000000000000  
 OBS            195
     300.97559037783844
     301.41815880629201
       1.00000000000000
 194 196 -1
obdef
loc3d
        4.94512604639754              0.69281773274108            184.54177856445310     -1
kind
     27     
    74700          153282     
        6.25000000000000  
 OBS            196
     302.74655259563866
     302.68232719316700
       1.00000000000000
 195 197 -1
obdef
loc3d
        4.94897278262263              0.68784055253573             58.60614395141602     -1
kind
     27     
    74700          153282     
        6.25000000000000  
 OBS            197
     302.12251962276923
     302.65879472454702
       1.00000000000000
 196 198 -1
obdef
loc3d
        4.94602769361993              0.68071046350214             21.00896453857422     -1
kind
     27     
    74700          153282     
        6.25000000000000  
 OBS            198
     303.45295675835149
     304.82131531559799
       1.00000000000000
 197 199 -1
obdef
loc3d
        4.93975094338173              0.67132086947702             44.21312713623047     -1
kind
     27     
    74700          153282     
        6.25000000000000  
 OBS            199
     302.23090788432722
     301.87779121060601
       1.00000000000000
 198 200 -1
obdef
loc3d
        4.93608481943111              0.69281990441712            165.01060485839841     -1
kind
     27     
    74700          153282     
        6.25000000000000  
 OBS            200
     299.41574515956131
     299.37925409351601
       1.00000000000000
 199 201 -1
obdef
loc3d
        4.92159319416735              0.69282443720594            292.33944702148438     -1
kind
     27     
    74700          153282     
        6.25000000000000  
 OBS            201
     301.25296299657691
     301.64971693667098
       1.00000000000000
 200 202 -1
obdef
loc3d
        4.93873881518950              0.68829597049600            229.64634704589841     -1
kind
     27     
    74700          153282     
        6.25000000000000  
 OBS            202
     302.84636510140859
     302.60811992506598
       1.00000000000000
 201 203 -1
obdef
loc3d
        4.93527083413009              0.68767784768684            170.73742675781250     -1
kind
     27     
    74700          153282     
        6.25000000000000  
 OBS            203
     304.98187001415602
     302.93851857185200
       1.00000000000000
 202 204 -1
obdef
loc3d
        4.94662113618514              0.69029960200592            170.37097167968750     -1
kind
     27     
    74700          153282     
        6.25000000000000  
 OBS            204
     302.45405106733728
     302.36525210656998
       1.00000000000000
 203 205 -1
obdef
loc3d
        4.93429249379945              0.69052021135789            149.81713867187500     -1
kind
     27     
    74700          153282     
        6.25000000000000  
 OBS            205
     301.87505272585236
     301.82565798996097
       1.00000000000000
 204 206 -1
obdef
loc3d
        4.93269049343414              0.68556567101287            183.19726562500000     -1
kind
     27     
    74700          153282     
        6.25000000000000  
 OBS            206
     305.48991434515955
     303.48037828245998
       1.00000000000000
 205 207 -1
obdef
loc3d
        4.96102089029673              0.67774516842699             17.24609375000000     -1
kind
     27     
    74700          153282     
        6.25000000000000  
 OBS            207
     303.98229994157811
     303.86617545928499
       1.00000000000000
 206 208 -1
obdef
loc3d
        4.95766343385975              0.68587140474105             17.20619201660156     -1
kind
     27     
    74700          153282     
        6.25000000000000  
 OBS            208
     301.92437485540762
     303.57214052554900
       1.00000000000000
 207 209 -1
obdef
loc3d
        4.96848382491262              0.66600327539335              8.93466186523438     -1
kind
     27     
    74700          153282     
        6.25000000000000  
 OBS            209
     304.09608052851627
     304.56999614449802
       1.00000000000000
 208 210 -1
obdef
loc3d
        4.95841046678131              0.68356976794003             15.00000000000000     -1
kind
     27     
    74700          153282     
        6.25000000000000  
 OBS            210
     303.59062007181251
     303.67218208301603
       1.00000000000000
 209 211 -1
obdef
loc3d
        4.95968425198686              0.67283122878530              9.91464328765869     -1
kind
     27     
    74700          153282     
        6.25000000000000  
 OBS            211
     304.07449151206276
     303.42131720360499
       1.00000000000000
 210 212 -1
obdef
loc3d
        4.95850938370535              0.67569847985950              9.09960937500000     -1
kind
     27     
    74700          153282     
        6.25000000000000  
 OBS            212
     304.07553496867740
     303.55423065567902
       1.00000000000000
 211 213 -1
obdef
loc3d
        4.96062039600501              0.68186605212913             14.00000000000000     -1
kind
     27     
    74700          153282     
        6.25000000000000  
 OBS            213
     304.04614831753065
     304.02955173615499
       1.00000000000000
 212 214 -1
obdef
loc3d
        4.96044430349621              0.68522255501691             15.00000000000000     -1
kind
     27     
    74700          153282     
        6.25000000000000  
 OBS            214
     303.96487998069927
     303.69459718908303
       1.00000000000000
 213 215 -1
obdef
loc3d
        4.95666979050607              0.68165969365477             15.07347202301025     -1
kind
     27     
    74700          153282     
        6.25000000000000  
 OBS            215
     306.62026569529411
     305.48030626509200
       1.00000000000000
 214 216 -1
obdef
loc3d
        4.96483712939352              0.66390373451953              6.00000000000000     -1
kind
     27     
    74700          153282     
        6.25000000000000  
 OBS            216
     303.46959957937469
     303.92136404255598
       1.00000000000000
 215 217 -1
obdef
loc3d
        4.96717335385836              0.67072562238302             13.76562500000000     -1
kind
     27     
    74700          153282     
        6.25000000000000  
 OBS            217
     301.13397239144382
     303.64937459559400
       1.00000000000000
 216 218 -1
obdef
loc3d
        4.96004611966382              0.68820120365869             15.00000000000000     -1
kind
     27     
    74700          153282     
        6.25000000000000  
 OBS            218
     304.37545565411386
     302.57992881725301
       1.00000000000000
 217 219 -1
obdef
loc3d
        4.95406364445895              0.69009645468583             54.42578125000000     -1
kind
     27     
    74700          153282     
        6.25000000000000  
 OBS            219
     304.61671482930922
     302.85354843278702
       1.00000000000000
 218 220 -1
obdef
loc3d
        4.95508230192316              0.68705689194968              9.08530712127686     -1
kind
     27     
    74700          153282     
        6.25000000000000  
 OBS            220
     294.08844500217612
     293.76538114314201
       1.00000000000000
 219 221 -1
obdef
loc3d
        4.89647559039613              0.68497595921932            824.84875488281250     -1
kind
     27     
    74700          153282     
        6.25000000000000  
 OBS            221
     299.95409440894923
     298.84689136429103
       1.00000000000000
 220 222 -1
obdef
loc3d
        4.89667428721977              0.69273770557989            574.37286376953125     -1
kind
     27     
    74700          153282     
        6.25000000000000  
 OBS            222
     300.29136878329234
     298.64836202238001
       1.00000000000000
 221 223 -1
obdef
loc3d
        4.91583459977084              0.69278424988043            233.68589782714841     -1
kind
     27     
    74700          153282     
        6.25000000000000  
 OBS            223
     297.68226307545484
     297.48971528933799
       1.00000000000000
 222 224 -1
obdef
loc3d
        4.90300762067971              0.68954390300676            525.03326416015625     -1
kind
     27     
    74700          153282     
        6.25000000000000  
 OBS            224
     299.07970398761103
     297.65634694398398
       1.00000000000000
 223 225 -1
obdef
loc3d
        4.90168560310748              0.69286223560483            711.58941650390625     -1
kind
     27     
    74700          153282     
        6.25000000000000  
 OBS            225
     297.84837629674780
     298.24535509617903
       1.00000000000000
 224 -1 -1
obdef
loc3d
        4.91091515139416              0.69052501454351            199.70848083496091     -1
kind
     27     
    74700          153282     
        6.25000000000000  
