 obs_sequence
obs_kind_definitions
       3
    25          LAND_SFC_U_WIND_COMPONENT   
    26          LAND_SFC_V_WIND_COMPONENT   
    27          LAND_SFC_TEMPERATURE   
  num_copies:            2  num_qc:            1
 num_obs:       225  max_num_obs:       225
observations
truth
QC radar
  first:            1  last:       225
 OBS            1
       0.65019418464228
       1.02807384582493
       1.00000000000000
 -1 2 -1
obdef
loc3d
        4.90540352515539              0.69194112440599            606.33142089843750     -1
kind
     25     
    43200          153282     
       12.25000000000000  
 OBS            2
      -3.66500928381736
       1.08671333301187
       1.00000000000000
 1 3 -1
obdef
loc3d
        4.94546412681761              0.68348353984884             17.75631332397461     -1
kind
     25     
    43200          153282     
       12.25000000000000  
 OBS            3
       2.52063748146545
       1.19372093184740
       1.00000000000000
 2 4 -1
obdef
loc3d
        4.94660974174000              0.67744857875853             29.35406684875488     -1
kind
     25     
    43200          153282     
       12.25000000000000  
 OBS            4
      -0.87414890387688
       0.59914586177489
       1.00000000000000
 3 5 -1
obdef
loc3d
        4.94648126630843              0.68652865419204             54.82812500000000     -1
kind
     25     
    43200          153282     
       12.25000000000000  
 OBS            5
       4.25196378032473
       0.39644312524247
       1.00000000000000
 4 6 -1
obdef
loc3d
        4.94445426011379              0.68507566758975             62.61011505126953     -1
kind
     25     
    43200          153282     
       12.25000000000000  
 OBS            6
      -1.67262328998836
       0.62550314652299
       1.00000000000000
 5 7 -1
obdef
loc3d
        4.94602055174578              0.68752162087271            134.15721130371091     -1
kind
     25     
    43200          153282     
       12.25000000000000  
 OBS            7
      -2.61231675209810
       1.01456935518795
       1.00000000000000
 6 8 -1
obdef
loc3d
        4.94603912728501              0.67254511985829             35.00297546386719     -1
kind
     25     
    43200          153282     
       12.25000000000000  
 OBS            8
       3.42774424698919
       0.98532981146554
       1.00000000000000
 7 9 -1
obdef
loc3d
        4.95877904994953              0.67986585977255             17.04111671447754     -1
kind
     25     
    43200          153282     
       12.25000000000000  
 OBS            9
      -2.59196283283015
      -0.31323574878341
       1.00000000000000
 8 10 -1
obdef
loc3d
        4.93958042817759              0.69095160998657            226.13127136230469     -1
kind
     25     
    43200          153282     
       12.25000000000000  
 OBS            10
      -3.75074132547932
       0.99586384555493
       1.00000000000000
 9 11 -1
obdef
loc3d
        4.95756313665553              0.69181797222864             89.84997558593750     -1
kind
     25     
    43200          153282     
       12.25000000000000  
 OBS            11
       3.84143816632838
       0.94816077328504
       1.00000000000000
 10 12 -1
obdef
loc3d
        4.94078657111844              0.67409210989409             60.81152343750000     -1
kind
     25     
    43200          153282     
       12.25000000000000  
 OBS            12
       1.76442733611145
       0.40729461789852
       1.00000000000000
 11 13 -1
obdef
loc3d
        4.95557846691255              0.67267262139613              1.00000000000000     -1
kind
     25     
    43200          153282     
       12.25000000000000  
 OBS            13
       1.14151266264563
       0.34163183669995
       1.00000000000000
 12 14 -1
obdef
loc3d
        4.93193348448080              0.68856418981073            106.00000000000000     -1
kind
     25     
    43200          153282     
       12.25000000000000  
 OBS            14
       0.40169057122608
       0.25950032276911
       1.00000000000000
 13 15 -1
obdef
loc3d
        4.89970838141578              0.68765245249877            785.09423828125000     -1
kind
     25     
    43200          153282     
       12.25000000000000  
 OBS            15
       1.51499500510211
       0.56777964887789
       1.00000000000000
 14 16 -1
obdef
loc3d
        4.95026814558372              0.68993059237416             93.11567687988281     -1
kind
     25     
    43200          153282     
       12.25000000000000  
 OBS            16
      -2.48327860417554
       0.54864238560289
       1.00000000000000
 15 17 -1
obdef
loc3d
        4.94174512165160              0.68484635226999            116.56585693359381     -1
kind
     25     
    43200          153282     
       12.25000000000000  
 OBS            17
       6.07040405606274
       0.00446346168948
       1.00000000000000
 16 18 -1
obdef
loc3d
        4.95420735021482              0.68473663912788             15.00000000000000     -1
kind
     25     
    43200          153282     
       12.25000000000000  
 OBS            18
       5.90117556268295
       0.28921477082839
       1.00000000000000
 17 19 -1
obdef
loc3d
        4.93477042118681              0.68310638816012            118.89588928222661     -1
kind
     25     
    43200          153282     
       12.25000000000000  
 OBS            19
       1.65480094487672
       0.56197949909666
       1.00000000000000
 18 20 -1
obdef
loc3d
        4.93795631029682              0.68276407673392            144.94107055664060     -1
kind
     25     
    43200          153282     
       12.25000000000000  
 OBS            20
      -1.35040544385774
       0.77420512744445
       1.00000000000000
 19 21 -1
obdef
loc3d
        4.94001671685736              0.68064929967652             43.67281723022461     -1
kind
     25     
    43200          153282     
       12.25000000000000  
 OBS            21
      -2.29489136930220
       1.07010394736657
       1.00000000000000
 20 22 -1
obdef
loc3d
        4.94058460161740              0.67807181314514             70.17810058593750     -1
kind
     25     
    43200          153282     
       12.25000000000000  
 OBS            22
       3.57111821980621
       0.53228801314130
       1.00000000000000
 21 23 -1
obdef
loc3d
        4.95423295419494              0.68033176843505              3.71636104583740     -1
kind
     25     
    43200          153282     
       12.25000000000000  
 OBS            23
      -2.82927681885120
       0.65519999481541
       1.00000000000000
 22 24 -1
obdef
loc3d
        4.94926894458696              0.66642585587446             10.91526031494141     -1
kind
     25     
    43200          153282     
       12.25000000000000  
 OBS            24
       4.69729587070713
       0.80265783504573
       1.00000000000000
 23 25 -1
obdef
loc3d
        4.96223480186848              0.66700036066835              5.00000000000000     -1
kind
     25     
    43200          153282     
       12.25000000000000  
 OBS            25
       2.57717157925617
       0.71270350376393
       1.00000000000000
 24 26 -1
obdef
loc3d
        4.95546148971009              0.67729393735082              6.17724800109863     -1
kind
     25     
    43200          153282     
       12.25000000000000  
 OBS            26
       1.24841851547047
       0.80849361406592
       1.00000000000000
 25 27 -1
obdef
loc3d
        4.92652723985629              0.69051382381431            146.04148864746091     -1
kind
     25     
    43200          153282     
       12.25000000000000  
 OBS            27
      -0.27984603271209
       0.87642881281979
       1.00000000000000
 26 28 -1
obdef
loc3d
        4.96366005344362              0.66920346185787              6.00000000000000     -1
kind
     25     
    43200          153282     
       12.25000000000000  
 OBS            28
       3.75810666699727
       1.49849108950231
       1.00000000000000
 27 29 -1
obdef
loc3d
        4.97052949833720              0.66907739847133              8.84140872955322     -1
kind
     25     
    43200          153282     
       12.25000000000000  
 OBS            29
      -1.07477408161360
       0.46808031758596
       1.00000000000000
 28 30 -1
obdef
loc3d
        4.95245337490985              0.69269329908122            116.45774841308589     -1
kind
     25     
    43200          153282     
       12.25000000000000  
 OBS            30
      -2.58574950122008
       0.20681041008808
       1.00000000000000
 29 31 -1
obdef
loc3d
        4.94885353278042              0.69277717633329            144.09075927734381     -1
kind
     25     
    43200          153282     
       12.25000000000000  
 OBS            31
       1.60834587618706
       0.47345220264257
       1.00000000000000
 30 32 -1
obdef
loc3d
        4.94336975041274              0.69009669144632            168.92642211914060     -1
kind
     25     
    43200          153282     
       12.25000000000000  
 OBS            32
       2.76258399137599
       0.60631064776531
       1.00000000000000
 31 33 -1
obdef
loc3d
        4.93556788041953              0.67027828664670             15.00000000000000     -1
kind
     25     
    43200          153282     
       12.25000000000000  
 OBS            33
      -2.05580607593858
       0.46575556964049
       1.00000000000000
 32 34 -1
obdef
loc3d
        4.94033180527593              0.67113295277478             15.00000000000000     -1
kind
     25     
    43200          153282     
       12.25000000000000  
 OBS            34
       0.46325191900321
       0.91007344809311
       1.00000000000000
 33 35 -1
obdef
loc3d
        4.94303858410231              0.67245219021673             45.31371688842773     -1
kind
     25     
    43200          153282     
       12.25000000000000  
 OBS            35
       7.05134219543911
       1.09148839838589
       1.00000000000000
 34 36 -1
obdef
loc3d
        4.94353452184302              0.67563108019985             33.40631103515625     -1
kind
     25     
    43200          153282     
       12.25000000000000  
 OBS            36
       4.13076503031628
       0.96565116823000
       1.00000000000000
 35 37 -1
obdef
loc3d
        4.94374389829480              0.67833415521310             29.86422538757324     -1
kind
     25     
    43200          153282     
       12.25000000000000  
 OBS            37
      -2.95199060227565
       0.60583916314155
       1.00000000000000
 36 38 -1
obdef
loc3d
        4.94273365028682              0.68737244152012            176.80966186523440     -1
kind
     25     
    43200          153282     
       12.25000000000000  
 OBS            38
       0.14850870140402
       1.10723302015253
       1.00000000000000
 37 39 -1
obdef
loc3d
        4.92701506510552              0.68724654189208            235.55827331542969     -1
kind
     25     
    43200          153282     
       12.25000000000000  
 OBS            39
       2.36366686723608
       0.28249373703899
       1.00000000000000
 38 40 -1
obdef
loc3d
        4.93770287749180              0.68559892863867            149.84144592285159     -1
kind
     25     
    43200          153282     
       12.25000000000000  
 OBS            40
       0.52842760948440
       1.06206441805752
       1.00000000000000
 39 41 -1
obdef
loc3d
        4.92849072850511              0.69275166570057            196.64169311523440     -1
kind
     25     
    43200          153282     
       12.25000000000000  
 OBS            41
       4.30565106621328
       1.10210445048975
       1.00000000000000
 40 42 -1
obdef
loc3d
        4.94704606827608              0.66890083993760             30.00000000000000     -1
kind
     25     
    43200          153282     
       12.25000000000000  
 OBS            42
      -4.19252538901410
      -0.14737067123396
       1.00000000000000
 41 43 -1
obdef
loc3d
        4.93215285315783              0.69272179551745            405.54205322265619     -1
kind
     25     
    43200          153282     
       12.25000000000000  
 OBS            43
      -1.70570027874657
       0.29442650571813
       1.00000000000000
 42 44 -1
obdef
loc3d
        4.93041137291484              0.68610286792166             95.01055908203125     -1
kind
     25     
    43200          153282     
       12.25000000000000  
 OBS            44
       1.95607790154102
       0.85298055789126
       1.00000000000000
 43 45 -1
obdef
loc3d
        4.94340662813579              0.66912283370227             30.00000000000000     -1
kind
     25     
    43200          153282     
       12.25000000000000  
 OBS            45
      -0.63691668370449
       0.43347968372105
       1.00000000000000
 44 46 -1
obdef
loc3d
        4.94246051140049              0.69284522685509            232.15176391601560     -1
kind
     25     
    43200          153282     
       12.25000000000000  
 OBS            46
       5.88950818254658
       0.89331245103774
       1.00000000000000
 45 47 -1
obdef
loc3d
        4.94897278262263              0.68784055253573             58.60614395141602     -1
kind
     25     
    43200          153282     
       12.25000000000000  
 OBS            47
       3.00527660127306
       1.25364673415809
       1.00000000000000
 46 48 -1
obdef
loc3d
        4.94541527617556              0.68071005727643             33.77826690673828     -1
kind
     25     
    43200          153282     
       12.25000000000000  
 OBS            48
       0.53788487149987
       0.54296120843197
       1.00000000000000
 47 49 -1
obdef
loc3d
        4.93748800785195              0.67296050504062             44.45593643188477     -1
kind
     25     
    43200          153282     
       12.25000000000000  
 OBS            49
       0.95885774092753
      -0.73096614467033
       1.00000000000000
 48 50 -1
obdef
loc3d
        4.93696530791536              0.69256666762304            156.90283203125000     -1
kind
     25     
    43200          153282     
       12.25000000000000  
 OBS            50
      -5.07894108623551
       0.19858782751176
       1.00000000000000
 49 51 -1
obdef
loc3d
        4.92145179475246              0.69276808226809            165.77503967285159     -1
kind
     25     
    43200          153282     
       12.25000000000000  
 OBS            51
       4.33190881195411
       0.18776277354963
       1.00000000000000
 50 52 -1
obdef
loc3d
        4.93950672299123              0.68813471885857            177.40441894531250     -1
kind
     25     
    43200          153282     
       12.25000000000000  
 OBS            52
       4.88362734482572
      -0.35840950081209
       1.00000000000000
 51 53 -1
obdef
loc3d
        4.93611382531472              0.68823817566222            173.73840332031250     -1
kind
     25     
    43200          153282     
       12.25000000000000  
 OBS            53
       1.87355664613441
       1.14219448819372
       1.00000000000000
 52 54 -1
obdef
loc3d
        4.94685988234341              0.69028594514941            170.37097167968750     -1
kind
     25     
    43200          153282     
       12.25000000000000  
 OBS            54
       0.42547392354035
      -0.06740761980147
       1.00000000000000
 53 55 -1
obdef
loc3d
        4.93440797857224              0.69076858072881            137.08886718750000     -1
kind
     25     
    43200          153282     
       12.25000000000000  
 OBS            55
       0.85832834343058
      -0.08501199466491
       1.00000000000000
 54 56 -1
obdef
loc3d
        4.93397023736678              0.68569719666510            120.48287200927730     -1
kind
     25     
    43200          153282     
       12.25000000000000  
 OBS            56
       3.52450944940736
       1.01762306925012
       1.00000000000000
 55 57 -1
obdef
loc3d
        4.96098036034072              0.67790128169477             17.24609375000000     -1
kind
     25     
    43200          153282     
       12.25000000000000  
 OBS            57
       1.90508480327240
       0.63076974188518
       1.00000000000000
 56 58 -1
obdef
loc3d
        4.95746178551042              0.68576241061300             17.20619201660156     -1
kind
     25     
    43200          153282     
       12.25000000000000  
 OBS            58
      -0.38301975672890
       1.20961505608274
       1.00000000000000
 57 59 -1
obdef
loc3d
        4.96821528454312              0.66626811336639              8.93466186523438     -1
kind
     25     
    43200          153282     
       12.25000000000000  
 OBS            59
      -1.78624158372492
       0.98055653224289
       1.00000000000000
 58 60 -1
obdef
loc3d
        4.95821139545160              0.68356985009176             15.00000000000000     -1
kind
     25     
    43200          153282     
       12.25000000000000  
 OBS            60
      -3.94182928068287
       0.76066385009521
       1.00000000000000
 59 61 -1
obdef
loc3d
        4.95929084301108              0.67289450711582              9.91464328765869     -1
kind
     25     
    43200          153282     
       12.25000000000000  
 OBS            61
       1.50640721984666
       0.76718254416242
       1.00000000000000
 60 62 -1
obdef
loc3d
        4.95884231318174              0.67566319569297             12.79061889648438     -1
kind
     25     
    43200          153282     
       12.25000000000000  
 OBS            62
       4.28624932299315
       0.96367602956554
       1.00000000000000
 61 63 -1
obdef
loc3d
        4.96068172506451              0.68176493518182             14.00000000000000     -1
kind
     25     
    43200          153282     
       12.25000000000000  
 OBS            63
      -0.57381270844526
       0.85404698309452
       1.00000000000000
 62 64 -1
obdef
loc3d
        4.96044430349621              0.68522255501691             15.00000000000000     -1
kind
     25     
    43200          153282     
       12.25000000000000  
 OBS            64
       1.63416323487254
       0.92066409082050
       1.00000000000000
 63 65 -1
obdef
loc3d
        4.95653505007277              0.68174821287482             15.07347202301025     -1
kind
     25     
    43200          153282     
       12.25000000000000  
 OBS            65
       6.75257958230225
       0.78698014596354
       1.00000000000000
 64 66 -1
obdef
loc3d
        4.96521948188739              0.66389255790081              6.10258388519287     -1
kind
     25     
    43200          153282     
       12.25000000000000  
 OBS            66
       2.78256651938389
       1.19824616026874
       1.00000000000000
 65 67 -1
obdef
loc3d
        4.96720461139216              0.67033432936439             12.91210937500000     -1
kind
     25     
    43200          153282     
       12.25000000000000  
 OBS            67
       2.54511863168082
       0.69679013709541
       1.00000000000000
 66 68 -1
obdef
loc3d
        4.96018888249816              0.68814255256013             15.00000000000000     -1
kind
     25     
    43200          153282     
       12.25000000000000  
 OBS            68
       1.88549083017373
       0.49839102618763
       1.00000000000000
 67 69 -1
obdef
loc3d
        4.95410557213704              0.69029785801799             54.42578125000000     -1
kind
     25     
    43200          153282     
       12.25000000000000  
 OBS            69
      -3.78874643202969
       0.42293920175138
       1.00000000000000
 68 70 -1
obdef
loc3d
        4.95508230192316              0.68705689194968              9.08530712127686     -1
kind
     25     
    43200          153282     
       12.25000000000000  
 OBS            70
      -0.75301327249184
       0.66059027954004
       1.00000000000000
 69 71 -1
obdef
loc3d
        4.89659470219302              0.68517541625982            824.84875488281250     -1
kind
     25     
    43200          153282     
       12.25000000000000  
 OBS            71
       0.03666271205835
       1.18649400448842
       1.00000000000000
 70 72 -1
obdef
loc3d
        4.89719607397323              0.69286120068011            493.76440429687500     -1
kind
     25     
    43200          153282     
       12.25000000000000  
 OBS            72
       0.63658038851066
       0.98683453085583
       1.00000000000000
 71 73 -1
obdef
loc3d
        4.91562721585699              0.69268557315466            290.85858154296881     -1
kind
     25     
    43200          153282     
       12.25000000000000  
 OBS            73
      -1.54499871277467
       0.75737086518424
       1.00000000000000
 72 74 -1
obdef
loc3d
        4.89650463462054              0.68965598658767            806.96582031250000     -1
kind
     25     
    43200          153282     
       12.25000000000000  
 OBS            74
       4.30366915150957
      -0.01123779702527
       1.00000000000000
 73 75 -1
obdef
loc3d
        4.90117724149658              0.69117926561099            769.23168945312500     -1
kind
     25     
    43200          153282     
       12.25000000000000  
 OBS            75
      -1.76986813775116
      -0.09431629187296
       1.00000000000000
 74 76 -1
obdef
loc3d
        4.91058697772938              0.69047364022544            228.45222473144531     -1
kind
     25     
    43200          153282     
       12.25000000000000  
 OBS            76
      -0.63602576870066
       1.12725689511382
       1.00000000000000
 75 77 -1
obdef
loc3d
        4.90540352515539              0.69194112440599            606.33142089843750     -1
kind
     26     
    43200          153282     
       12.25000000000000  
 OBS            77
      -2.85947150283853
      -0.33930820188698
       1.00000000000000
 76 78 -1
obdef
loc3d
        4.94546412681761              0.68348353984884             17.75631332397461     -1
kind
     26     
    43200          153282     
       12.25000000000000  
 OBS            78
       1.45494074189772
      -0.52242209356566
       1.00000000000000
 77 79 -1
obdef
loc3d
        4.94660974174000              0.67744857875853             29.35406684875488     -1
kind
     26     
    43200          153282     
       12.25000000000000  
 OBS            79
       3.89763942957838
      -0.53892671918242
       1.00000000000000
 78 80 -1
obdef
loc3d
        4.94648126630843              0.68652865419204             54.82812500000000     -1
kind
     26     
    43200          153282     
       12.25000000000000  
 OBS            80
      -1.73959815376235
      -0.19304912794590
       1.00000000000000
 79 81 -1
obdef
loc3d
        4.94445426011379              0.68507566758975             62.61011505126953     -1
kind
     26     
    43200          153282     
       12.25000000000000  
 OBS            81
      -3.81668501023108
      -0.75104088478263
       1.00000000000000
 80 82 -1
obdef
loc3d
        4.94602055174578              0.68752162087271            134.15721130371091     -1
kind
     26     
    43200          153282     
       12.25000000000000  
 OBS            82
      -8.71762224803655
      -0.08317925266531
       1.00000000000000
 81 83 -1
obdef
loc3d
        4.94603912728501              0.67254511985829             35.00297546386719     -1
kind
     26     
    43200          153282     
       12.25000000000000  
 OBS            83
      -6.54792136709983
      -0.81964578274483
       1.00000000000000
 82 84 -1
obdef
loc3d
        4.95877904994953              0.67986585977255             17.04111671447754     -1
kind
     26     
    43200          153282     
       12.25000000000000  
 OBS            84
       2.47687605112921
       0.13114724397158
       1.00000000000000
 83 85 -1
obdef
loc3d
        4.93958042817759              0.69095160998657            226.13127136230469     -1
kind
     26     
    43200          153282     
       12.25000000000000  
 OBS            85
      -5.26838934634282
      -2.01139932397256
       1.00000000000000
 84 86 -1
obdef
loc3d
        4.95756313665553              0.69181797222864             89.84997558593750     -1
kind
     26     
    43200          153282     
       12.25000000000000  
 OBS            86
       2.00164888352425
      -0.24999852877144
       1.00000000000000
 85 87 -1
obdef
loc3d
        4.94078657111844              0.67409210989409             60.81152343750000     -1
kind
     26     
    43200          153282     
       12.25000000000000  
 OBS            87
       4.82838796031279
      -0.37405547583554
       1.00000000000000
 86 88 -1
obdef
loc3d
        4.95557846691255              0.67267262139613              1.00000000000000     -1
kind
     26     
    43200          153282     
       12.25000000000000  
 OBS            88
       2.93997005166567
       0.83641574836967
       1.00000000000000
 87 89 -1
obdef
loc3d
        4.93193348448080              0.68856418981073            106.00000000000000     -1
kind
     26     
    43200          153282     
       12.25000000000000  
 OBS            89
       0.34338152610638
       1.25948898898759
       1.00000000000000
 88 90 -1
obdef
loc3d
        4.89970838141578              0.68765245249877            785.09423828125000     -1
kind
     26     
    43200          153282     
       12.25000000000000  
 OBS            90
      -5.52772277527234
      -1.08884121336776
       1.00000000000000
 89 91 -1
obdef
loc3d
        4.95026814558372              0.68993059237416             93.11567687988281     -1
kind
     26     
    43200          153282     
       12.25000000000000  
 OBS            91
      -2.82631453354683
      -0.33584626648806
       1.00000000000000
 90 92 -1
obdef
loc3d
        4.94174512165160              0.68484635226999            116.56585693359381     -1
kind
     26     
    43200          153282     
       12.25000000000000  
 OBS            92
      -1.48222723423490
      -1.05710468904615
       1.00000000000000
 91 93 -1
obdef
loc3d
        4.95420735021482              0.68473663912788             15.00000000000000     -1
kind
     26     
    43200          153282     
       12.25000000000000  
 OBS            93
      -2.69465356556367
       0.51546357834566
       1.00000000000000
 92 94 -1
obdef
loc3d
        4.93477042118681              0.68310638816012            118.89588928222661     -1
kind
     26     
    43200          153282     
       12.25000000000000  
 OBS            94
       8.33069868246173
       0.03112050352342
       1.00000000000000
 93 95 -1
obdef
loc3d
        4.93795631029682              0.68276407673392            144.94107055664060     -1
kind
     26     
    43200          153282     
       12.25000000000000  
 OBS            95
      -1.49530289531385
      -0.26244780592592
       1.00000000000000
 94 96 -1
obdef
loc3d
        4.94001671685736              0.68064929967652             43.67281723022461     -1
kind
     26     
    43200          153282     
       12.25000000000000  
 OBS            96
       0.87880225134915
      -0.29063222508439
       1.00000000000000
 95 97 -1
obdef
loc3d
        4.94058460161740              0.67807181314514             70.17810058593750     -1
kind
     26     
    43200          153282     
       12.25000000000000  
 OBS            97
       0.25054782241618
      -0.76467017783633
       1.00000000000000
 96 98 -1
obdef
loc3d
        4.95423295419494              0.68033176843505              3.71636104583740     -1
kind
     26     
    43200          153282     
       12.25000000000000  
 OBS            98
       3.99871017895568
      -0.02484847202376
       1.00000000000000
 97 99 -1
obdef
loc3d
        4.94926894458696              0.66642585587446             10.91526031494141     -1
kind
     26     
    43200          153282     
       12.25000000000000  
 OBS            99
      -5.61605854629238
      -0.64592185182825
       1.00000000000000
 98 100 -1
obdef
loc3d
        4.96223480186848              0.66700036066835              5.00000000000000     -1
kind
     26     
    43200          153282     
       12.25000000000000  
 OBS            100
       2.43033952465731
      -0.95808589045519
       1.00000000000000
 99 101 -1
obdef
loc3d
        4.95546148971009              0.67729393735082              6.17724800109863     -1
kind
     26     
    43200          153282     
       12.25000000000000  
 OBS            101
      -1.69194808999540
       1.15818031836636
       1.00000000000000
 100 102 -1
obdef
loc3d
        4.92652723985629              0.69051382381431            146.04148864746091     -1
kind
     26     
    43200          153282     
       12.25000000000000  
 OBS            102
      -2.31138743334688
      -0.74172621050468
       1.00000000000000
 101 103 -1
obdef
loc3d
        4.96366005344362              0.66920346185787              6.00000000000000     -1
kind
     26     
    43200          153282     
       12.25000000000000  
 OBS            103
      -1.19878002682062
      -1.21609078896776
       1.00000000000000
 102 104 -1
obdef
loc3d
        4.97052949833720              0.66907739847133              8.84140872955322     -1
kind
     26     
    43200          153282     
       12.25000000000000  
 OBS            104
       0.61772529821360
      -0.21632462317489
       1.00000000000000
 103 105 -1
obdef
loc3d
        4.95245337490985              0.69269329908122            116.45774841308589     -1
kind
     26     
    43200          153282     
       12.25000000000000  
 OBS            105
      -0.72450482383233
      -0.81204981394583
       1.00000000000000
 104 106 -1
obdef
loc3d
        4.94885353278042              0.69277717633329            144.09075927734381     -1
kind
     26     
    43200          153282     
       12.25000000000000  
 OBS            106
      -3.31324433308517
      -0.67876607342529
       1.00000000000000
 105 107 -1
obdef
loc3d
        4.94336975041274              0.69009669144632            168.92642211914060     -1
kind
     26     
    43200          153282     
       12.25000000000000  
 OBS            107
       1.74494040156109
       0.55415669637116
       1.00000000000000
 106 108 -1
obdef
loc3d
        4.93556788041953              0.67027828664670             15.00000000000000     -1
kind
     26     
    43200          153282     
       12.25000000000000  
 OBS            108
       1.44655612714707
       0.31747253908212
       1.00000000000000
 107 109 -1
obdef
loc3d
        4.94033180527593              0.67113295277478             15.00000000000000     -1
kind
     26     
    43200          153282     
       12.25000000000000  
 OBS            109
      -1.87653198592531
      -0.07644624746803
       1.00000000000000
 108 110 -1
obdef
loc3d
        4.94303858410231              0.67245219021673             45.31371688842773     -1
kind
     26     
    43200          153282     
       12.25000000000000  
 OBS            110
       5.02236528007890
      -0.28970190283420
       1.00000000000000
 109 111 -1
obdef
loc3d
        4.94353452184302              0.67563108019985             33.40631103515625     -1
kind
     26     
    43200          153282     
       12.25000000000000  
 OBS            111
      -2.24355010245304
      -0.38540725514947
       1.00000000000000
 110 112 -1
obdef
loc3d
        4.94374389829480              0.67833415521310             29.86422538757324     -1
kind
     26     
    43200          153282     
       12.25000000000000  
 OBS            112
       1.18844013227142
      -0.25743375727175
       1.00000000000000
 111 113 -1
obdef
loc3d
        4.94273365028682              0.68737244152012            176.80966186523440     -1
kind
     26     
    43200          153282     
       12.25000000000000  
 OBS            113
       3.41101659177149
       1.61846689901714
       1.00000000000000
 112 114 -1
obdef
loc3d
        4.92701506510552              0.68724654189208            235.55827331542969     -1
kind
     26     
    43200          153282     
       12.25000000000000  
 OBS            114
       2.24691676622544
       0.21711110295912
       1.00000000000000
 113 115 -1
obdef
loc3d
        4.93770287749180              0.68559892863867            149.84144592285159     -1
kind
     26     
    43200          153282     
       12.25000000000000  
 OBS            115
       3.87153151105950
       0.82485024458771
       1.00000000000000
 114 116 -1
obdef
loc3d
        4.92849072850511              0.69275166570057            196.64169311523440     -1
kind
     26     
    43200          153282     
       12.25000000000000  
 OBS            116
       4.98866225043154
       0.24222622984281
       1.00000000000000
 115 117 -1
obdef
loc3d
        4.94704606827608              0.66890083993760             30.00000000000000     -1
kind
     26     
    43200          153282     
       12.25000000000000  
 OBS            117
       5.12100520132519
       0.77658645280102
       1.00000000000000
 116 118 -1
obdef
loc3d
        4.93215285315783              0.69272179551745            405.54205322265619     -1
kind
     26     
    43200          153282     
       12.25000000000000  
 OBS            118
       0.82478862159333
       0.83083911545294
       1.00000000000000
 117 119 -1
obdef
loc3d
        4.93041137291484              0.68610286792166             95.01055908203125     -1
kind
     26     
    43200          153282     
       12.25000000000000  
 OBS            119
      -2.65420607558134
       0.24433222353342
       1.00000000000000
 118 120 -1
obdef
loc3d
        4.94340662813579              0.66912283370227             30.00000000000000     -1
kind
     26     
    43200          153282     
       12.25000000000000  
 OBS            120
       1.36205887276012
      -0.57316742722318
       1.00000000000000
 119 121 -1
obdef
loc3d
        4.94246051140049              0.69284522685509            232.15176391601560     -1
kind
     26     
    43200          153282     
       12.25000000000000  
 OBS            121
      -1.54080737806022
      -1.23250600156253
       1.00000000000000
 120 122 -1
obdef
loc3d
        4.94897278262263              0.68784055253573             58.60614395141602     -1
kind
     26     
    43200          153282     
       12.25000000000000  
 OBS            122
      -3.03656271550005
      -0.36421504577016
       1.00000000000000
 121 123 -1
obdef
loc3d
        4.94541527617556              0.68071005727643             33.77826690673828     -1
kind
     26     
    43200          153282     
       12.25000000000000  
 OBS            123
       2.11072755245429
       0.39233212375628
       1.00000000000000
 122 124 -1
obdef
loc3d
        4.93748800785195              0.67296050504062             44.45593643188477     -1
kind
     26     
    43200          153282     
       12.25000000000000  
 OBS            124
       8.24073349314437
       0.74859105730400
       1.00000000000000
 123 125 -1
obdef
loc3d
        4.93696530791536              0.69256666762304            156.90283203125000     -1
kind
     26     
    43200          153282     
       12.25000000000000  
 OBS            125
       0.09873783711268
      -0.29497800374567
       1.00000000000000
 124 126 -1
obdef
loc3d
        4.92145179475246              0.69276808226809            165.77503967285159     -1
kind
     26     
    43200          153282     
       12.25000000000000  
 OBS            126
       5.07986041649260
      -0.10579573154928
       1.00000000000000
 125 127 -1
obdef
loc3d
        4.93950672299123              0.68813471885857            177.40441894531250     -1
kind
     26     
    43200          153282     
       12.25000000000000  
 OBS            127
       3.35735021708397
       0.60924349045339
       1.00000000000000
 126 128 -1
obdef
loc3d
        4.93611382531472              0.68823817566222            173.73840332031250     -1
kind
     26     
    43200          153282     
       12.25000000000000  
 OBS            128
      -3.04380388071297
      -0.71617636709289
       1.00000000000000
 127 129 -1
obdef
loc3d
        4.94685988234341              0.69028594514941            170.37097167968750     -1
kind
     26     
    43200          153282     
       12.25000000000000  
 OBS            129
      -4.67901722646291
       0.71482798160375
       1.00000000000000
 128 130 -1
obdef
loc3d
        4.93440797857224              0.69076858072881            137.08886718750000     -1
kind
     26     
    43200          153282     
       12.25000000000000  
 OBS            130
      -0.39615937878941
       0.72153869445477
       1.00000000000000
 129 131 -1
obdef
loc3d
        4.93397023736678              0.68569719666510            120.48287200927730     -1
kind
     26     
    43200          153282     
       12.25000000000000  
 OBS            131
       2.86721542414193
      -0.87124892846140
       1.00000000000000
 130 132 -1
obdef
loc3d
        4.96098036034072              0.67790128169477             17.24609375000000     -1
kind
     26     
    43200          153282     
       12.25000000000000  
 OBS            132
       3.59013822466850
      -0.51300693406964
       1.00000000000000
 131 133 -1
obdef
loc3d
        4.95746178551042              0.68576241061300             17.20619201660156     -1
kind
     26     
    43200          153282     
       12.25000000000000  
 OBS            133
      -3.44018038261301
      -0.75311750977106
       1.00000000000000
 132 134 -1
obdef
loc3d
        4.96821528454312              0.66626811336639              8.93466186523438     -1
kind
     26     
    43200          153282     
       12.25000000000000  
 OBS            134
       1.49915771323941
      -0.62863431696878
       1.00000000000000
 133 135 -1
obdef
loc3d
        4.95821139545160              0.68356985009176             15.00000000000000     -1
kind
     26     
    43200          153282     
       12.25000000000000  
 OBS            135
       1.46035976811737
      -0.74998121120906
       1.00000000000000
 134 136 -1
obdef
loc3d
        4.95929084301108              0.67289450711582              9.91464328765869     -1
kind
     26     
    43200          153282     
       12.25000000000000  
 OBS            136
      -4.83147127304880
      -0.86628985001047
       1.00000000000000
 135 137 -1
obdef
loc3d
        4.95884231318174              0.67566319569297             12.79061889648438     -1
kind
     26     
    43200          153282     
       12.25000000000000  
 OBS            137
       0.73286897173831
      -0.67101456501922
       1.00000000000000
 136 138 -1
obdef
loc3d
        4.96068172506451              0.68176493518182             14.00000000000000     -1
kind
     26     
    43200          153282     
       12.25000000000000  
 OBS            138
      -1.18192185345265
      -0.65204421358319
       1.00000000000000
 137 139 -1
obdef
loc3d
        4.96044430349621              0.68522255501691             15.00000000000000     -1
kind
     26     
    43200          153282     
       12.25000000000000  
 OBS            139
      -1.00515168286560
      -0.70548252521858
       1.00000000000000
 138 140 -1
obdef
loc3d
        4.95653505007277              0.68174821287482             15.07347202301025     -1
kind
     26     
    43200          153282     
       12.25000000000000  
 OBS            140
      -1.51387979736058
      -0.20504065621127
       1.00000000000000
 139 141 -1
obdef
loc3d
        4.96521948188739              0.66389255790081              6.10258388519287     -1
kind
     26     
    43200          153282     
       12.25000000000000  
 OBS            141
      -3.47804448296507
      -1.13268143242950
       1.00000000000000
 140 142 -1
obdef
loc3d
        4.96720461139216              0.67033432936439             12.91210937500000     -1
kind
     26     
    43200          153282     
       12.25000000000000  
 OBS            142
      -7.28715747670723
      -1.09344660794541
       1.00000000000000
 141 143 -1
obdef
loc3d
        4.96018888249816              0.68814255256013             15.00000000000000     -1
kind
     26     
    43200          153282     
       12.25000000000000  
 OBS            143
       0.62991967116096
      -2.09090337300079
       1.00000000000000
 142 144 -1
obdef
loc3d
        4.95410557213704              0.69029785801799             54.42578125000000     -1
kind
     26     
    43200          153282     
       12.25000000000000  
 OBS            144
      -3.66830160216799
      -1.28700093133705
       1.00000000000000
 143 145 -1
obdef
loc3d
        4.95508230192316              0.68705689194968              9.08530712127686     -1
kind
     26     
    43200          153282     
       12.25000000000000  
 OBS            145
      -0.19723093615981
       1.21185737554175
       1.00000000000000
 144 146 -1
obdef
loc3d
        4.89659470219302              0.68517541625982            824.84875488281250     -1
kind
     26     
    43200          153282     
       12.25000000000000  
 OBS            146
      -6.80227452091742
       0.43959937823825
       1.00000000000000
 145 147 -1
obdef
loc3d
        4.89719607397323              0.69286120068011            493.76440429687500     -1
kind
     26     
    43200          153282     
       12.25000000000000  
 OBS            147
      -2.86240732546127
       0.53418838819904
       1.00000000000000
 146 148 -1
obdef
loc3d
        4.91562721585699              0.69268557315466            290.85858154296881     -1
kind
     26     
    43200          153282     
       12.25000000000000  
 OBS            148
      -0.50275143165930
       1.17113601582834
       1.00000000000000
 147 149 -1
obdef
loc3d
        4.89650463462054              0.68965598658767            806.96582031250000     -1
kind
     26     
    43200          153282     
       12.25000000000000  
 OBS            149
       0.46699931505728
       1.10410059579359
       1.00000000000000
 148 150 -1
obdef
loc3d
        4.90117724149658              0.69117926561099            769.23168945312500     -1
kind
     26     
    43200          153282     
       12.25000000000000  
 OBS            150
      -2.95848140843927
       0.02155277248193
       1.00000000000000
 149 151 -1
obdef
loc3d
        4.91058697772938              0.69047364022544            228.45222473144531     -1
kind
     26     
    43200          153282     
       12.25000000000000  
 OBS            151
     293.97943141314619
     293.25362349211201
       1.00000000000000
 150 152 -1
obdef
loc3d
        4.90540352515539              0.69194112440599            606.33142089843750     -1
kind
     27     
    43200          153282     
        6.25000000000000  
 OBS            152
     296.66357716848796
     296.18050537788901
       1.00000000000000
 151 153 -1
obdef
loc3d
        4.94546412681761              0.68348353984884             17.75631332397461     -1
kind
     27     
    43200          153282     
        6.25000000000000  
 OBS            153
     296.77629517057682
     297.09248318985499
       1.00000000000000
 152 154 -1
obdef
loc3d
        4.94660974174000              0.67744857875853             29.35406684875488     -1
kind
     27     
    43200          153282     
        6.25000000000000  
 OBS            154
     294.18696916281692
     295.62267025632701
       1.00000000000000
 153 155 -1
obdef
loc3d
        4.94648126630843              0.68652865419204             54.82812500000000     -1
kind
     27     
    43200          153282     
        6.25000000000000  
 OBS            155
     295.17290268242681
     296.38830293330000
       1.00000000000000
 154 156 -1
obdef
loc3d
        4.94445426011379              0.68507566758975             62.61011505126953     -1
kind
     27     
    43200          153282     
        6.25000000000000  
 OBS            156
     297.41932052594632
     294.82270711062301
       1.00000000000000
 155 157 -1
obdef
loc3d
        4.94602055174578              0.68752162087271            134.15721130371091     -1
kind
     27     
    43200          153282     
        6.25000000000000  
 OBS            157
     297.12634490229959
     296.84481889839799
       1.00000000000000
 156 158 -1
obdef
loc3d
        4.94603912728501              0.67254511985829             35.00297546386719     -1
kind
     27     
    43200          153282     
        6.25000000000000  
 OBS            158
     296.36134434001548
     297.02974368725398
       1.00000000000000
 157 159 -1
obdef
loc3d
        4.95877904994953              0.67986585977255             17.04111671447754     -1
kind
     27     
    43200          153282     
        6.25000000000000  
 OBS            159
     294.65254388662248
     294.53951199981100
       1.00000000000000
 158 160 -1
obdef
loc3d
        4.93958042817759              0.69095160998657            226.13127136230469     -1
kind
     27     
    43200          153282     
        6.25000000000000  
 OBS            160
     296.44727184427813
     295.50994072942700
       1.00000000000000
 159 161 -1
obdef
loc3d
        4.95756313665553              0.69181797222864             89.84997558593750     -1
kind
     27     
    43200          153282     
        6.25000000000000  
 OBS            161
     297.37251543240387
     296.71175323154102
       1.00000000000000
 160 162 -1
obdef
loc3d
        4.94078657111844              0.67409210989409             60.81152343750000     -1
kind
     27     
    43200          153282     
        6.25000000000000  
 OBS            162
     298.40458219331060
     297.57959913252398
       1.00000000000000
 161 163 -1
obdef
loc3d
        4.95557846691255              0.67267262139613              1.00000000000000     -1
kind
     27     
    43200          153282     
        6.25000000000000  
 OBS            163
     293.47743172384691
     294.12167050651698
       1.00000000000000
 162 164 -1
obdef
loc3d
        4.93193348448080              0.68856418981073            106.00000000000000     -1
kind
     27     
    43200          153282     
        6.25000000000000  
 OBS            164
     291.45341344738824
     292.06001338536998
       1.00000000000000
 163 165 -1
obdef
loc3d
        4.89970838141578              0.68765245249877            785.09423828125000     -1
kind
     27     
    43200          153282     
        6.25000000000000  
 OBS            165
     293.14427701265851
     294.65221886316402
       1.00000000000000
 164 166 -1
obdef
loc3d
        4.95026814558372              0.68993059237416             93.11567687988281     -1
kind
     27     
    43200          153282     
        6.25000000000000  
 OBS            166
     294.62297751817994
     295.22822869633700
       1.00000000000000
 165 167 -1
obdef
loc3d
        4.94174512165160              0.68484635226999            116.56585693359381     -1
kind
     27     
    43200          153282     
        6.25000000000000  
 OBS            167
     295.76835318831968
     296.65267100485602
       1.00000000000000
 166 168 -1
obdef
loc3d
        4.95420735021482              0.68473663912788             15.00000000000000     -1
kind
     27     
    43200          153282     
        6.25000000000000  
 OBS            168
     294.52670786302667
     294.90496152239200
       1.00000000000000
 167 169 -1
obdef
loc3d
        4.93477042118681              0.68310638816012            118.89588928222661     -1
kind
     27     
    43200          153282     
        6.25000000000000  
 OBS            169
     295.60458792930086
     295.26155621708102
       1.00000000000000
 168 170 -1
obdef
loc3d
        4.93795631029682              0.68276407673392            144.94107055664060     -1
kind
     27     
    43200          153282     
        6.25000000000000  
 OBS            170
     295.82338141894559
     295.99705374864197
       1.00000000000000
 169 171 -1
obdef
loc3d
        4.94001671685736              0.68064929967652             43.67281723022461     -1
kind
     27     
    43200          153282     
        6.25000000000000  
 OBS            171
     297.09593559233099
     296.52142817114202
       1.00000000000000
 170 172 -1
obdef
loc3d
        4.94058460161740              0.67807181314514             70.17810058593750     -1
kind
     27     
    43200          153282     
        6.25000000000000  
 OBS            172
     297.65416110715296
     297.71134503617401
       1.00000000000000
 171 173 -1
obdef
loc3d
        4.95423295419494              0.68033176843505              3.71636104583740     -1
kind
     27     
    43200          153282     
        6.25000000000000  
 OBS            173
     299.92721836002977
     297.78896099183697
       1.00000000000000
 172 174 -1
obdef
loc3d
        4.94926894458696              0.66642585587446             10.91526031494141     -1
kind
     27     
    43200          153282     
        6.25000000000000  
 OBS            174
     298.36618040749727
     298.23605981670102
       1.00000000000000
 173 175 -1
obdef
loc3d
        4.96223480186848              0.66700036066835              5.00000000000000     -1
kind
     27     
    43200          153282     
        6.25000000000000  
 OBS            175
     295.46860652154527
     297.28678385261901
       1.00000000000000
 174 176 -1
obdef
loc3d
        4.95546148971009              0.67729393735082              6.17724800109863     -1
kind
     27     
    43200          153282     
        6.25000000000000  
 OBS            176
     291.65286841691352
     293.46246709449201
       1.00000000000000
 175 177 -1
obdef
loc3d
        4.92652723985629              0.69051382381431            146.04148864746091     -1
kind
     27     
    43200          153282     
        6.25000000000000  
 OBS            177
     296.46950256807332
     298.15658838644401
       1.00000000000000
 176 178 -1
obdef
loc3d
        4.96366005344362              0.66920346185787              6.00000000000000     -1
kind
     27     
    43200          153282     
        6.25000000000000  
 OBS            178
     297.25671181887282
     297.60869702795799
       1.00000000000000
 177 179 -1
obdef
loc3d
        4.97052949833720              0.66907739847133              8.84140872955322     -1
kind
     27     
    43200          153282     
        6.25000000000000  
 OBS            179
     295.64378503905692
     294.51560921671802
       1.00000000000000
 178 180 -1
obdef
loc3d
        4.95245337490985              0.69269329908122            116.45774841308589     -1
kind
     27     
    43200          153282     
        6.25000000000000  
 OBS            180
     294.76927671687855
     294.83507892886797
       1.00000000000000
 179 181 -1
obdef
loc3d
        4.94885353278042              0.69277717633329            144.09075927734381     -1
kind
     27     
    43200          153282     
        6.25000000000000  
 OBS            181
     294.26247689673943
     294.22948612801798
       1.00000000000000
 180 182 -1
obdef
loc3d
        4.94336975041274              0.69009669144632            168.92642211914060     -1
kind
     27     
    43200          153282     
        6.25000000000000  
 OBS            182
     298.09022280970555
     297.14503658094799
       1.00000000000000
 181 183 -1
obdef
loc3d
        4.93556788041953              0.67027828664670             15.00000000000000     -1
kind
     27     
    43200          153282     
        6.25000000000000  
 OBS            183
     297.04330138335160
     296.56272659085897
       1.00000000000000
 182 184 -1
obdef
loc3d
        4.94033180527593              0.67113295277478             15.00000000000000     -1
kind
     27     
    43200          153282     
        6.25000000000000  
 OBS            184
     296.47208185209678
     296.67267011799601
       1.00000000000000
 183 185 -1
obdef
loc3d
        4.94303858410231              0.67245219021673             45.31371688842773     -1
kind
     27     
    43200          153282     
        6.25000000000000  
 OBS            185
     295.50774684243379
     296.87937519177501
       1.00000000000000
 184 186 -1
obdef
loc3d
        4.94353452184302              0.67563108019985             33.40631103515625     -1
kind
     27     
    43200          153282     
        6.25000000000000  
 OBS            186
     295.99505526721077
     296.46251466959302
       1.00000000000000
 185 187 -1
obdef
loc3d
        4.94374389829480              0.67833415521310             29.86422538757324     -1
kind
     27     
    43200          153282     
        6.25000000000000  
 OBS            187
     295.36589252203862
     294.71700936738000
       1.00000000000000
 186 188 -1
obdef
loc3d
        4.94273365028682              0.68737244152012            176.80966186523440     -1
kind
     27     
    43200          153282     
        6.25000000000000  
 OBS            188
     294.75202437689086
     294.27833209796199
       1.00000000000000
 187 189 -1
obdef
loc3d
        4.92701506510552              0.68724654189208            235.55827331542969     -1
kind
     27     
    43200          153282     
        6.25000000000000  
 OBS            189
     295.74117996361241
     294.98031829198197
       1.00000000000000
 188 190 -1
obdef
loc3d
        4.93770287749180              0.68559892863867            149.84144592285159     -1
kind
     27     
    43200          153282     
        6.25000000000000  
 OBS            190
     294.49468373241228
     294.56001655206899
       1.00000000000000
 189 191 -1
obdef
loc3d
        4.92849072850511              0.69275166570057            196.64169311523440     -1
kind
     27     
    43200          153282     
        6.25000000000000  
 OBS            191
     298.14639914910771
     297.33605897615701
       1.00000000000000
 190 192 -1
obdef
loc3d
        4.94704606827608              0.66890083993760             30.00000000000000     -1
kind
     27     
    43200          153282     
        6.25000000000000  
 OBS            192
     295.57518273083872
     295.27444093520302
       1.00000000000000
 191 193 -1
obdef
loc3d
        4.93215285315783              0.69272179551745            405.54205322265619     -1
kind
     27     
    43200          153282     
        6.25000000000000  
 OBS            193
     294.68562501275971
     295.11410784536997
       1.00000000000000
 192 194 -1
obdef
loc3d
        4.93041137291484              0.68610286792166             95.01055908203125     -1
kind
     27     
    43200          153282     
        6.25000000000000  
 OBS            194
     298.30741846092394
     297.14176661763298
       1.00000000000000
 193 195 -1
obdef
loc3d
        4.94340662813579              0.66912283370227             30.00000000000000     -1
kind
     27     
    43200          153282     
        6.25000000000000  
 OBS            195
     294.64059338957554
     294.31543912487098
       1.00000000000000
 194 196 -1
obdef
loc3d
        4.94246051140049              0.69284522685509            232.15176391601560     -1
kind
     27     
    43200          153282     
        6.25000000000000  
 OBS            196
     295.13319204967382
     295.25373611978199
       1.00000000000000
 195 197 -1
obdef
loc3d
        4.94897278262263              0.68784055253573             58.60614395141602     -1
kind
     27     
    43200          153282     
        6.25000000000000  
 OBS            197
     296.08213829531576
     296.39095594438101
       1.00000000000000
 196 198 -1
obdef
loc3d
        4.94541527617556              0.68071005727643             33.77826690673828     -1
kind
     27     
    43200          153282     
        6.25000000000000  
 OBS            198
     298.63302201051516
     296.51635222482298
       1.00000000000000
 197 199 -1
obdef
loc3d
        4.93748800785195              0.67296050504062             44.45593643188477     -1
kind
     27     
    43200          153282     
        6.25000000000000  
 OBS            199
     295.63786079097190
     294.15168706192600
       1.00000000000000
 198 200 -1
obdef
loc3d
        4.93696530791536              0.69256666762304            156.90283203125000     -1
kind
     27     
    43200          153282     
        6.25000000000000  
 OBS            200
     293.93810446000879
     294.46179338919700
       1.00000000000000
 199 201 -1
obdef
loc3d
        4.92145179475246              0.69276808226809            165.77503967285159     -1
kind
     27     
    43200          153282     
        6.25000000000000  
 OBS            201
     295.63333009966698
     295.08442592165699
       1.00000000000000
 200 202 -1
obdef
loc3d
        4.93950672299123              0.68813471885857            177.40441894531250     -1
kind
     27     
    43200          153282     
        6.25000000000000  
 OBS            202
     296.07716223588653
     295.21290481392600
       1.00000000000000
 201 203 -1
obdef
loc3d
        4.93611382531472              0.68823817566222            173.73840332031250     -1
kind
     27     
    43200          153282     
        6.25000000000000  
 OBS            203
     294.11870498806377
     293.96526554134198
       1.00000000000000
 202 204 -1
obdef
loc3d
        4.94685988234341              0.69028594514941            170.37097167968750     -1
kind
     27     
    43200          153282     
        6.25000000000000  
 OBS            204
     293.70579978380357
     294.62725811267899
       1.00000000000000
 203 205 -1
obdef
loc3d
        4.93440797857224              0.69076858072881            137.08886718750000     -1
kind
     27     
    43200          153282     
        6.25000000000000  
 OBS            205
     295.87045769932467
     294.91446987080599
       1.00000000000000
 204 206 -1
obdef
loc3d
        4.93397023736678              0.68569719666510            120.48287200927730     -1
kind
     27     
    43200          153282     
        6.25000000000000  
 OBS            206
     297.60773218027754
     297.20837269143499
       1.00000000000000
 205 207 -1
obdef
loc3d
        4.96098036034072              0.67790128169477             17.24609375000000     -1
kind
     27     
    43200          153282     
        6.25000000000000  
 OBS            207
     294.86768359820860
     296.24824405782499
       1.00000000000000
 206 208 -1
obdef
loc3d
        4.95746178551042              0.68576241061300             17.20619201660156     -1
kind
     27     
    43200          153282     
        6.25000000000000  
 OBS            208
     297.79021414198411
     297.85262901350501
       1.00000000000000
 207 209 -1
obdef
loc3d
        4.96821528454312              0.66626811336639              8.93466186523438     -1
kind
     27     
    43200          153282     
        6.25000000000000  
 OBS            209
     295.71356903948907
     296.45485627042501
       1.00000000000000
 208 210 -1
obdef
loc3d
        4.95821139545160              0.68356985009176             15.00000000000000     -1
kind
     27     
    43200          153282     
        6.25000000000000  
 OBS            210
     297.79693932673160
     297.96193570296703
       1.00000000000000
 209 211 -1
obdef
loc3d
        4.95929084301108              0.67289450711582              9.91464328765869     -1
kind
     27     
    43200          153282     
        6.25000000000000  
 OBS            211
     295.50143394327216
     297.51581786160500
       1.00000000000000
 210 212 -1
obdef
loc3d
        4.95884231318174              0.67566319569297             12.79061889648438     -1
kind
     27     
    43200          153282     
        6.25000000000000  
 OBS            212
     296.03198928107173
     296.69514078177502
       1.00000000000000
 211 213 -1
obdef
loc3d
        4.96068172506451              0.68176493518182             14.00000000000000     -1
kind
     27     
    43200          153282     
        6.25000000000000  
 OBS            213
     294.14741190359820
     295.93658990560601
       1.00000000000000
 212 214 -1
obdef
loc3d
        4.96044430349621              0.68522255501691             15.00000000000000     -1
kind
     27     
    43200          153282     
        6.25000000000000  
 OBS            214
     293.81014542337044
     297.06748676488399
       1.00000000000000
 213 215 -1
obdef
loc3d
        4.95653505007277              0.68174821287482             15.07347202301025     -1
kind
     27     
    43200          153282     
        6.25000000000000  
 OBS            215
     297.93681066592922
     296.60721857429201
       1.00000000000000
 214 216 -1
obdef
loc3d
        4.96521948188739              0.66389255790081              6.10258388519287     -1
kind
     27     
    43200          153282     
        6.25000000000000  
 OBS            216
     297.98698274018102
     297.86327298947703
       1.00000000000000
 215 217 -1
obdef
loc3d
        4.96720461139216              0.67033432936439             12.91210937500000     -1
kind
     27     
    43200          153282     
        6.25000000000000  
 OBS            217
     295.16096174838003
     296.03961848688800
       1.00000000000000
 216 218 -1
obdef
loc3d
        4.96018888249816              0.68814255256013             15.00000000000000     -1
kind
     27     
    43200          153282     
        6.25000000000000  
 OBS            218
     295.10575621370026
     295.63982778539997
       1.00000000000000
 217 219 -1
obdef
loc3d
        4.95410557213704              0.69029785801799             54.42578125000000     -1
kind
     27     
    43200          153282     
        6.25000000000000  
 OBS            219
     300.20686280993448
     297.14280797316201
       1.00000000000000
 218 220 -1
obdef
loc3d
        4.95508230192316              0.68705689194968              9.08530712127686     -1
kind
     27     
    43200          153282     
        6.25000000000000  
 OBS            220
     292.71239496244260
     292.11919997249998
       1.00000000000000
 219 221 -1
obdef
loc3d
        4.89659470219302              0.68517541625982            824.84875488281250     -1
kind
     27     
    43200          153282     
        6.25000000000000  
 OBS            221
     292.10840166375431
     294.12727755673302
       1.00000000000000
 220 222 -1
obdef
loc3d
        4.89719607397323              0.69286120068011            493.76440429687500     -1
kind
     27     
    43200          153282     
        6.25000000000000  
 OBS            222
     293.23101830971763
     293.76747818271298
       1.00000000000000
 221 223 -1
obdef
loc3d
        4.91562721585699              0.69268557315466            290.85858154296881     -1
kind
     27     
    43200          153282     
        6.25000000000000  
 OBS            223
     293.41652927989583
     292.29210154550498
       1.00000000000000
 222 224 -1
obdef
loc3d
        4.89650463462054              0.68965598658767            806.96582031250000     -1
kind
     27     
    43200          153282     
        6.25000000000000  
 OBS            224
     292.27414280156478
     292.31546002141698
       1.00000000000000
 223 225 -1
obdef
loc3d
        4.90117724149658              0.69117926561099            769.23168945312500     -1
kind
     27     
    43200          153282     
        6.25000000000000  
 OBS            225
     294.36284472902162
     293.53122190618501
       1.00000000000000
 224 -1 -1
obdef
loc3d
        4.91058697772938              0.69047364022544            228.45222473144531     -1
kind
     27     
    43200          153282     
        6.25000000000000  
