 obs_sequence
obs_kind_definitions
       3
    25          LAND_SFC_U_WIND_COMPONENT   
    26          LAND_SFC_V_WIND_COMPONENT   
    27          LAND_SFC_TEMPERATURE   
  num_copies:            2  num_qc:            1
 num_obs:       225  max_num_obs:       225
observations
truth
QC radar
  first:            1  last:       225
 OBS            1
      13.43423721826177
       5.17621173223224
       1.00000000000000
 -1 2 -1
obdef
loc3d
        4.90540352515539              0.69194112440599            606.33142089843750     -1
kind
     25     
    71100          153282     
       12.25000000000000  
 OBS            2
       5.77662218457335
       3.07109865883481
       1.00000000000000
 1 3 -1
obdef
loc3d
        4.94546412681761              0.68348353984884             17.75631332397461     -1
kind
     25     
    71100          153282     
       12.25000000000000  
 OBS            3
       0.69282828507712
       1.77418874369645
       1.00000000000000
 2 4 -1
obdef
loc3d
        4.94660974174000              0.67744857875853             29.35406684875488     -1
kind
     25     
    71100          153282     
       12.25000000000000  
 OBS            4
       4.55839797447229
       2.06877346711831
       1.00000000000000
 3 5 -1
obdef
loc3d
        4.94648126630843              0.68652865419204             54.82812500000000     -1
kind
     25     
    71100          153282     
       12.25000000000000  
 OBS            5
      -1.95161999176186
       1.41926912588213
       1.00000000000000
 4 6 -1
obdef
loc3d
        4.94445426011379              0.68507566758975             62.61011505126953     -1
kind
     25     
    71100          153282     
       12.25000000000000  
 OBS            6
       9.21658527591617
       1.00750534459825
       1.00000000000000
 5 7 -1
obdef
loc3d
        4.94602055174578              0.68752162087271            134.15721130371091     -1
kind
     25     
    71100          153282     
       12.25000000000000  
 OBS            7
      10.93620800801199
       3.33812208562756
       1.00000000000000
 6 8 -1
obdef
loc3d
        4.94603912728501              0.67254511985829             35.00297546386719     -1
kind
     25     
    71100          153282     
       12.25000000000000  
 OBS            8
       3.26732719057138
       2.65059886683211
       1.00000000000000
 7 9 -1
obdef
loc3d
        4.95877904994953              0.67986585977255             17.04111671447754     -1
kind
     25     
    71100          153282     
       12.25000000000000  
 OBS            9
      -2.62068864843820
       1.06564948958123
       1.00000000000000
 8 10 -1
obdef
loc3d
        4.93958042817759              0.69095160998657            226.13127136230469     -1
kind
     25     
    71100          153282     
       12.25000000000000  
 OBS            10
       3.22099436085151
       1.88721703122294
       1.00000000000000
 9 11 -1
obdef
loc3d
        4.95756313665553              0.69181797222864             89.84997558593750     -1
kind
     25     
    71100          153282     
       12.25000000000000  
 OBS            11
       0.91118393628199
       2.74336786298692
       1.00000000000000
 10 12 -1
obdef
loc3d
        4.94078657111844              0.67409210989409             60.81152343750000     -1
kind
     25     
    71100          153282     
       12.25000000000000  
 OBS            12
       3.75665498652091
       1.15176219269371
       1.00000000000000
 11 13 -1
obdef
loc3d
        4.95557846691255              0.67267262139613              1.00000000000000     -1
kind
     25     
    71100          153282     
       12.25000000000000  
 OBS            13
       0.27912202128708
       2.10273797080080
       1.00000000000000
 12 14 -1
obdef
loc3d
        4.93193348448080              0.68856418981073            106.00000000000000     -1
kind
     25     
    71100          153282     
       12.25000000000000  
 OBS            14
       1.60353644305568
       4.23646645295193
       1.00000000000000
 13 15 -1
obdef
loc3d
        4.89970838141578              0.68765245249877            785.09423828125000     -1
kind
     25     
    71100          153282     
       12.25000000000000  
 OBS            15
       1.39226780733830
      -1.08916953807630
       1.00000000000000
 14 16 -1
obdef
loc3d
        4.95026814558372              0.68993059237416             93.11567687988281     -1
kind
     25     
    71100          153282     
       12.25000000000000  
 OBS            16
       3.01136307433945
       1.47255457698392
       1.00000000000000
 15 17 -1
obdef
loc3d
        4.94174512165160              0.68484635226999            116.56585693359381     -1
kind
     25     
    71100          153282     
       12.25000000000000  
 OBS            17
       2.76082447419757
       0.92933938746497
       1.00000000000000
 16 18 -1
obdef
loc3d
        4.95420735021482              0.68473663912788             15.00000000000000     -1
kind
     25     
    71100          153282     
       12.25000000000000  
 OBS            18
       5.49144265272910
       1.35628049807266
       1.00000000000000
 17 19 -1
obdef
loc3d
        4.93477042118681              0.68310638816012            118.89588928222661     -1
kind
     25     
    71100          153282     
       12.25000000000000  
 OBS            19
       1.54080928491728
       1.80524826052280
       1.00000000000000
 18 20 -1
obdef
loc3d
        4.93795631029682              0.68276407673392            144.94107055664060     -1
kind
     25     
    71100          153282     
       12.25000000000000  
 OBS            20
       6.83633367523156
       1.82480901910290
       1.00000000000000
 19 21 -1
obdef
loc3d
        4.94001671685736              0.68064929967652             43.67281723022461     -1
kind
     25     
    71100          153282     
       12.25000000000000  
 OBS            21
      -2.67132549808218
       2.91466407470763
       1.00000000000000
 20 22 -1
obdef
loc3d
        4.94058460161740              0.67807181314514             70.17810058593750     -1
kind
     25     
    71100          153282     
       12.25000000000000  
 OBS            22
      -3.07690338143364
       1.55708076546517
       1.00000000000000
 21 23 -1
obdef
loc3d
        4.95423295419494              0.68033176843505              3.71636104583740     -1
kind
     25     
    71100          153282     
       12.25000000000000  
 OBS            23
       2.22436716633466
       2.85163688306616
       1.00000000000000
 22 24 -1
obdef
loc3d
        4.94926894458696              0.66642585587446             10.91526031494141     -1
kind
     25     
    71100          153282     
       12.25000000000000  
 OBS            24
      -4.23063334787236
       2.59392571412277
       1.00000000000000
 23 25 -1
obdef
loc3d
        4.96223480186848              0.66700036066835              5.00000000000000     -1
kind
     25     
    71100          153282     
       12.25000000000000  
 OBS            25
       0.49228947063367
       1.29886160684095
       1.00000000000000
 24 26 -1
obdef
loc3d
        4.95546148971009              0.67729393735082              6.17724800109863     -1
kind
     25     
    71100          153282     
       12.25000000000000  
 OBS            26
      -1.58606984984727
      -0.23311867471733
       1.00000000000000
 25 27 -1
obdef
loc3d
        4.92652723985629              0.69051382381431            146.04148864746091     -1
kind
     25     
    71100          153282     
       12.25000000000000  
 OBS            27
       2.36585418347563
       2.20657976661213
       1.00000000000000
 26 28 -1
obdef
loc3d
        4.96366005344362              0.66920346185787              6.00000000000000     -1
kind
     25     
    71100          153282     
       12.25000000000000  
 OBS            28
      -2.53539525370403
       0.13091421300616
       1.00000000000000
 27 29 -1
obdef
loc3d
        4.97052949833720              0.66907739847133              8.84140872955322     -1
kind
     25     
    71100          153282     
       12.25000000000000  
 OBS            29
      -2.00984947940352
      -0.05174026065928
       1.00000000000000
 28 30 -1
obdef
loc3d
        4.95272465676814              0.69285338512106             17.57446289062500     -1
kind
     25     
    71100          153282     
       12.25000000000000  
 OBS            30
      -1.68729132987075
       0.10000979378985
       1.00000000000000
 29 31 -1
obdef
loc3d
        4.94895487610473              0.69270373762026            144.09075927734381     -1
kind
     25     
    71100          153282     
       12.25000000000000  
 OBS            31
       2.05413889337663
       2.42748255813683
       1.00000000000000
 30 32 -1
obdef
loc3d
        4.94293085461737              0.69053117803871            168.92642211914060     -1
kind
     25     
    71100          153282     
       12.25000000000000  
 OBS            32
      -0.60220378640888
       2.48540527472899
       1.00000000000000
 31 33 -1
obdef
loc3d
        4.93556788041953              0.67027828664670             15.00000000000000     -1
kind
     25     
    71100          153282     
       12.25000000000000  
 OBS            33
       5.22822183261455
       2.69159395092239
       1.00000000000000
 32 34 -1
obdef
loc3d
        4.94611628544174              0.67496858055017             35.03607940673828     -1
kind
     25     
    71100          153282     
       12.25000000000000  
 OBS            34
       2.05553334180217
       3.87392634730781
       1.00000000000000
 33 35 -1
obdef
loc3d
        4.94304709522229              0.67138694960003             45.00000000000000     -1
kind
     25     
    71100          153282     
       12.25000000000000  
 OBS            35
       4.21239280248778
       2.21729946191855
       1.00000000000000
 34 36 -1
obdef
loc3d
        4.94323627307922              0.67609935421143             50.91764831542969     -1
kind
     25     
    71100          153282     
       12.25000000000000  
 OBS            36
       4.60548485094732
       1.72069240069441
       1.00000000000000
 35 37 -1
obdef
loc3d
        4.94382880471830              0.67878617658979             35.27229690551758     -1
kind
     25     
    71100          153282     
       12.25000000000000  
 OBS            37
       3.30027657747536
       2.48316384708253
       1.00000000000000
 36 38 -1
obdef
loc3d
        4.94220707390035              0.68781081917460            173.94366455078119     -1
kind
     25     
    71100          153282     
       12.25000000000000  
 OBS            38
      -1.47269180522940
       0.68875566741168
       1.00000000000000
 37 39 -1
obdef
loc3d
        4.92755542120837              0.68675243746254            174.61849975585940     -1
kind
     25     
    71100          153282     
       12.25000000000000  
 OBS            39
       3.30425738953743
       2.05787612549427
       1.00000000000000
 38 40 -1
obdef
loc3d
        4.93770287749180              0.68559892863867            149.84144592285159     -1
kind
     25     
    71100          153282     
       12.25000000000000  
 OBS            40
       4.15992677970177
       1.21140747185142
       1.00000000000000
 39 41 -1
obdef
loc3d
        4.92848130899840              0.69282991767383            196.64169311523440     -1
kind
     25     
    71100          153282     
       12.25000000000000  
 OBS            41
       5.18045026223165
       3.20475311931560
       1.00000000000000
 40 42 -1
obdef
loc3d
        4.94329123891126              0.66857696973652             21.80461120605469     -1
kind
     25     
    71100          153282     
       12.25000000000000  
 OBS            42
       4.73934344240884
       1.34703802848085
       1.00000000000000
 41 43 -1
obdef
loc3d
        4.93215285315783              0.69272179551745            405.54205322265619     -1
kind
     25     
    71100          153282     
       12.25000000000000  
 OBS            43
      -5.04569687168000
       1.33559090390315
       1.00000000000000
 42 44 -1
obdef
loc3d
        4.93085954966869              0.68304429171430             90.32812500000000     -1
kind
     25     
    71100          153282     
       12.25000000000000  
 OBS            44
       9.22626784531774
       2.58849963740442
       1.00000000000000
 43 45 -1
obdef
loc3d
        4.93705662369825              0.67280917017713             44.45593643188477     -1
kind
     25     
    71100          153282     
       12.25000000000000  
 OBS            45
      -0.90687326881615
       1.11788734288889
       1.00000000000000
 44 46 -1
obdef
loc3d
        4.94512604639754              0.69281773274108            184.54177856445310     -1
kind
     25     
    71100          153282     
       12.25000000000000  
 OBS            46
      -2.63658324083787
      -1.33339557448395
       1.00000000000000
 45 47 -1
obdef
loc3d
        4.94897278262263              0.68784055253573             58.60614395141602     -1
kind
     25     
    71100          153282     
       12.25000000000000  
 OBS            47
      -4.98073945714891
       1.22222325121645
       1.00000000000000
 46 48 -1
obdef
loc3d
        4.94602769361993              0.68071046350214             21.00896453857422     -1
kind
     25     
    71100          153282     
       12.25000000000000  
 OBS            48
       7.79448936347580
       3.47084331655369
       1.00000000000000
 47 49 -1
obdef
loc3d
        4.93975094338173              0.67132086947702             44.21312713623047     -1
kind
     25     
    71100          153282     
       12.25000000000000  
 OBS            49
      -0.74640458795806
       2.39216806731690
       1.00000000000000
 48 50 -1
obdef
loc3d
        4.93608481943111              0.69281990441712            165.01060485839841     -1
kind
     25     
    71100          153282     
       12.25000000000000  
 OBS            50
       3.36776819269844
       0.05961935242994
       1.00000000000000
 49 51 -1
obdef
loc3d
        4.92159319416735              0.69282443720594            292.33944702148438     -1
kind
     25     
    71100          153282     
       12.25000000000000  
 OBS            51
       5.74210468747925
       1.68456534614783
       1.00000000000000
 50 52 -1
obdef
loc3d
        4.93873881518950              0.68829597049600            229.64634704589841     -1
kind
     25     
    71100          153282     
       12.25000000000000  
 OBS            52
       8.98271046945282
       2.82961513484519
       1.00000000000000
 51 53 -1
obdef
loc3d
        4.93527083413009              0.68767784768684            170.73742675781250     -1
kind
     25     
    71100          153282     
       12.25000000000000  
 OBS            53
       1.98050951789735
       0.79065615711445
       1.00000000000000
 52 54 -1
obdef
loc3d
        4.94662113618514              0.69029960200592            170.37097167968750     -1
kind
     25     
    71100          153282     
       12.25000000000000  
 OBS            54
       6.16389581970757
       2.57030704796999
       1.00000000000000
 53 55 -1
obdef
loc3d
        4.93429249379945              0.69052021135789            149.81713867187500     -1
kind
     25     
    71100          153282     
       12.25000000000000  
 OBS            55
       4.25171544769458
       2.11032718593857
       1.00000000000000
 54 56 -1
obdef
loc3d
        4.93269049343414              0.68556567101287            183.19726562500000     -1
kind
     25     
    71100          153282     
       12.25000000000000  
 OBS            56
       3.41762766317489
       2.52316496286737
       1.00000000000000
 55 57 -1
obdef
loc3d
        4.96102089029673              0.67774516842699             17.24609375000000     -1
kind
     25     
    71100          153282     
       12.25000000000000  
 OBS            57
      -0.90293388988905
       2.92494745243242
       1.00000000000000
 56 58 -1
obdef
loc3d
        4.95766343385975              0.68587140474105             17.20619201660156     -1
kind
     25     
    71100          153282     
       12.25000000000000  
 OBS            58
       1.94641443673170
      -0.10941668935172
       1.00000000000000
 57 59 -1
obdef
loc3d
        4.96848382491262              0.66600327539335              8.93466186523438     -1
kind
     25     
    71100          153282     
       12.25000000000000  
 OBS            59
       4.90415612229939
       2.93376880266018
       1.00000000000000
 58 60 -1
obdef
loc3d
        4.95841046678131              0.68356976794003             15.00000000000000     -1
kind
     25     
    71100          153282     
       12.25000000000000  
 OBS            60
       2.51052151159462
       0.95030810513287
       1.00000000000000
 59 61 -1
obdef
loc3d
        4.95968425198686              0.67283122878530              9.91464328765869     -1
kind
     25     
    71100          153282     
       12.25000000000000  
 OBS            61
       5.71734102030878
       1.95757365577226
       1.00000000000000
 60 62 -1
obdef
loc3d
        4.95850938370535              0.67569847985950              9.09960937500000     -1
kind
     25     
    71100          153282     
       12.25000000000000  
 OBS            62
       2.88198047829674
       2.64297124080688
       1.00000000000000
 61 63 -1
obdef
loc3d
        4.96062039600501              0.68186605212913             14.00000000000000     -1
kind
     25     
    71100          153282     
       12.25000000000000  
 OBS            63
       8.96018783904432
       2.86649922628140
       1.00000000000000
 62 64 -1
obdef
loc3d
        4.96044430349621              0.68522255501691             15.00000000000000     -1
kind
     25     
    71100          153282     
       12.25000000000000  
 OBS            64
       1.26590030317863
       2.52284404286587
       1.00000000000000
 63 65 -1
obdef
loc3d
        4.95666979050607              0.68165969365477             15.07347202301025     -1
kind
     25     
    71100          153282     
       12.25000000000000  
 OBS            65
       2.99939829275031
       3.64243278353103
       1.00000000000000
 64 66 -1
obdef
loc3d
        4.96483712939352              0.66390373451953              6.00000000000000     -1
kind
     25     
    71100          153282     
       12.25000000000000  
 OBS            66
       6.72512406348047
       2.24822660842676
       1.00000000000000
 65 67 -1
obdef
loc3d
        4.96717335385836              0.67072562238302             13.76562500000000     -1
kind
     25     
    71100          153282     
       12.25000000000000  
 OBS            67
       5.40943698597827
       2.82683359011945
       1.00000000000000
 66 68 -1
obdef
loc3d
        4.96004611966382              0.68820120365869             15.00000000000000     -1
kind
     25     
    71100          153282     
       12.25000000000000  
 OBS            68
       1.31929516467544
       0.59987410433802
       1.00000000000000
 67 69 -1
obdef
loc3d
        4.95406364445895              0.69009645468583             54.42578125000000     -1
kind
     25     
    71100          153282     
       12.25000000000000  
 OBS            69
       0.66769997757529
       0.91227036798808
       1.00000000000000
 68 70 -1
obdef
loc3d
        4.95508230192316              0.68705689194968              9.08530712127686     -1
kind
     25     
    71100          153282     
       12.25000000000000  
 OBS            70
       0.06517435598225
       3.95939586396888
       1.00000000000000
 69 71 -1
obdef
loc3d
        4.89647559039613              0.68497595921932            824.84875488281250     -1
kind
     25     
    71100          153282     
       12.25000000000000  
 OBS            71
      11.65436030213393
       7.32098184151105
       1.00000000000000
 70 72 -1
obdef
loc3d
        4.89667428721977              0.69273770557989            574.37286376953125     -1
kind
     25     
    71100          153282     
       12.25000000000000  
 OBS            72
      -4.05563384192496
       0.56940856484786
       1.00000000000000
 71 73 -1
obdef
loc3d
        4.91583459977084              0.69278424988043            233.68589782714841     -1
kind
     25     
    71100          153282     
       12.25000000000000  
 OBS            73
       9.28990353268679
       5.49445185412773
       1.00000000000000
 72 74 -1
obdef
loc3d
        4.90300762067971              0.68954390300676            525.03326416015625     -1
kind
     25     
    71100          153282     
       12.25000000000000  
 OBS            74
       4.96051273323476
       3.29125068927572
       1.00000000000000
 73 75 -1
obdef
loc3d
        4.90168560310748              0.69286223560483            711.58941650390625     -1
kind
     25     
    71100          153282     
       12.25000000000000  
 OBS            75
       5.68477965450734
       0.82980686497264
       1.00000000000000
 74 76 -1
obdef
loc3d
        4.91091515139416              0.69052501454351            199.70848083496091     -1
kind
     25     
    71100          153282     
       12.25000000000000  
 OBS            76
       5.04618644038288
       4.46187314243339
       1.00000000000000
 75 77 -1
obdef
loc3d
        4.90540352515539              0.69194112440599            606.33142089843750     -1
kind
     26     
    71100          153282     
       12.25000000000000  
 OBS            77
       1.46156017858401
       2.81436297530895
       1.00000000000000
 76 78 -1
obdef
loc3d
        4.94546412681761              0.68348353984884             17.75631332397461     -1
kind
     26     
    71100          153282     
       12.25000000000000  
 OBS            78
       2.79631014332838
       3.27540410282731
       1.00000000000000
 77 79 -1
obdef
loc3d
        4.94660974174000              0.67744857875853             29.35406684875488     -1
kind
     26     
    71100          153282     
       12.25000000000000  
 OBS            79
       5.91070595690160
       3.83667966276258
       1.00000000000000
 78 80 -1
obdef
loc3d
        4.94648126630843              0.68652865419204             54.82812500000000     -1
kind
     26     
    71100          153282     
       12.25000000000000  
 OBS            80
       8.51230920957188
       4.43779355266857
       1.00000000000000
 79 81 -1
obdef
loc3d
        4.94445426011379              0.68507566758975             62.61011505126953     -1
kind
     26     
    71100          153282     
       12.25000000000000  
 OBS            81
       6.44053057977294
       4.63775647848615
       1.00000000000000
 80 82 -1
obdef
loc3d
        4.94602055174578              0.68752162087271            134.15721130371091     -1
kind
     26     
    71100          153282     
       12.25000000000000  
 OBS            82
       2.78221687455230
       3.09808415047761
       1.00000000000000
 81 83 -1
obdef
loc3d
        4.94603912728501              0.67254511985829             35.00297546386719     -1
kind
     26     
    71100          153282     
       12.25000000000000  
 OBS            83
       3.39247553282232
       3.27377058643511
       1.00000000000000
 82 84 -1
obdef
loc3d
        4.95877904994953              0.67986585977255             17.04111671447754     -1
kind
     26     
    71100          153282     
       12.25000000000000  
 OBS            84
      -2.30172927138083
       1.80262447737691
       1.00000000000000
 83 85 -1
obdef
loc3d
        4.93958042817759              0.69095160998657            226.13127136230469     -1
kind
     26     
    71100          153282     
       12.25000000000000  
 OBS            85
       6.86866066996576
       4.00543463172985
       1.00000000000000
 84 86 -1
obdef
loc3d
        4.95756313665553              0.69181797222864             89.84997558593750     -1
kind
     26     
    71100          153282     
       12.25000000000000  
 OBS            86
      -0.47005502001466
       4.32558737539613
       1.00000000000000
 85 87 -1
obdef
loc3d
        4.94078657111844              0.67409210989409             60.81152343750000     -1
kind
     26     
    71100          153282     
       12.25000000000000  
 OBS            87
      -0.18195553206534
       4.54143342391971
       1.00000000000000
 86 88 -1
obdef
loc3d
        4.95557846691255              0.67267262139613              1.00000000000000     -1
kind
     26     
    71100          153282     
       12.25000000000000  
 OBS            88
       3.71856305735395
       3.57855702165256
       1.00000000000000
 87 89 -1
obdef
loc3d
        4.93193348448080              0.68856418981073            106.00000000000000     -1
kind
     26     
    71100          153282     
       12.25000000000000  
 OBS            89
      -2.08275376161773
       0.31651473639571
       1.00000000000000
 88 90 -1
obdef
loc3d
        4.89970838141578              0.68765245249877            785.09423828125000     -1
kind
     26     
    71100          153282     
       12.25000000000000  
 OBS            90
       4.25860413628536
       4.73120490364390
       1.00000000000000
 89 91 -1
obdef
loc3d
        4.95026814558372              0.68993059237416             93.11567687988281     -1
kind
     26     
    71100          153282     
       12.25000000000000  
 OBS            91
      11.24374201191841
       4.75391232018370
       1.00000000000000
 90 92 -1
obdef
loc3d
        4.94174512165160              0.68484635226999            116.56585693359381     -1
kind
     26     
    71100          153282     
       12.25000000000000  
 OBS            92
       6.59201571200271
       4.92581310497242
       1.00000000000000
 91 93 -1
obdef
loc3d
        4.95420735021482              0.68473663912788             15.00000000000000     -1
kind
     26     
    71100          153282     
       12.25000000000000  
 OBS            93
      -2.90649651720744
       2.47225956897460
       1.00000000000000
 92 94 -1
obdef
loc3d
        4.93477042118681              0.68310638816012            118.89588928222661     -1
kind
     26     
    71100          153282     
       12.25000000000000  
 OBS            94
       9.36621741554505
       4.76975816823604
       1.00000000000000
 93 95 -1
obdef
loc3d
        4.93795631029682              0.68276407673392            144.94107055664060     -1
kind
     26     
    71100          153282     
       12.25000000000000  
 OBS            95
       3.76928265783677
       4.11350163012318
       1.00000000000000
 94 96 -1
obdef
loc3d
        4.94001671685736              0.68064929967652             43.67281723022461     -1
kind
     26     
    71100          153282     
       12.25000000000000  
 OBS            96
       3.60730297661410
       4.31408370222399
       1.00000000000000
 95 97 -1
obdef
loc3d
        4.94058460161740              0.67807181314514             70.17810058593750     -1
kind
     26     
    71100          153282     
       12.25000000000000  
 OBS            97
       2.16118911963262
       4.11763111172427
       1.00000000000000
 96 98 -1
obdef
loc3d
        4.95423295419494              0.68033176843505              3.71636104583740     -1
kind
     26     
    71100          153282     
       12.25000000000000  
 OBS            98
       8.01013394680006
       2.02061666385016
       1.00000000000000
 97 99 -1
obdef
loc3d
        4.94926894458696              0.66642585587446             10.91526031494141     -1
kind
     26     
    71100          153282     
       12.25000000000000  
 OBS            99
       8.74184517584324
       3.85315762571125
       1.00000000000000
 98 100 -1
obdef
loc3d
        4.96223480186848              0.66700036066835              5.00000000000000     -1
kind
     26     
    71100          153282     
       12.25000000000000  
 OBS            100
       3.25436571034209
       4.10436873140034
       1.00000000000000
 99 101 -1
obdef
loc3d
        4.95546148971009              0.67729393735082              6.17724800109863     -1
kind
     26     
    71100          153282     
       12.25000000000000  
 OBS            101
       7.69710612347262
       4.61210837257709
       1.00000000000000
 100 102 -1
obdef
loc3d
        4.92652723985629              0.69051382381431            146.04148864746091     -1
kind
     26     
    71100          153282     
       12.25000000000000  
 OBS            102
       4.73680918771288
       2.87806693517483
       1.00000000000000
 101 103 -1
obdef
loc3d
        4.96366005344362              0.66920346185787              6.00000000000000     -1
kind
     26     
    71100          153282     
       12.25000000000000  
 OBS            103
       3.99928485752386
       5.20667513010001
       1.00000000000000
 102 104 -1
obdef
loc3d
        4.97052949833720              0.66907739847133              8.84140872955322     -1
kind
     26     
    71100          153282     
       12.25000000000000  
 OBS            104
      -0.03138610712237
       3.20815533069710
       1.00000000000000
 103 105 -1
obdef
loc3d
        4.95272465676814              0.69285338512106             17.57446289062500     -1
kind
     26     
    71100          153282     
       12.25000000000000  
 OBS            105
      -1.57915002254860
       3.17467313835230
       1.00000000000000
 104 106 -1
obdef
loc3d
        4.94895487610473              0.69270373762026            144.09075927734381     -1
kind
     26     
    71100          153282     
       12.25000000000000  
 OBS            106
       4.59369136762747
       3.45153189666394
       1.00000000000000
 105 107 -1
obdef
loc3d
        4.94293085461737              0.69053117803871            168.92642211914060     -1
kind
     26     
    71100          153282     
       12.25000000000000  
 OBS            107
       5.69217176248037
       3.97502053359715
       1.00000000000000
 106 108 -1
obdef
loc3d
        4.93556788041953              0.67027828664670             15.00000000000000     -1
kind
     26     
    71100          153282     
       12.25000000000000  
 OBS            108
       3.41943367907154
       3.68375433003211
       1.00000000000000
 107 109 -1
obdef
loc3d
        4.94611628544174              0.67496858055017             35.03607940673828     -1
kind
     26     
    71100          153282     
       12.25000000000000  
 OBS            109
       5.98330517333360
       3.80203465296232
       1.00000000000000
 108 110 -1
obdef
loc3d
        4.94304709522229              0.67138694960003             45.00000000000000     -1
kind
     26     
    71100          153282     
       12.25000000000000  
 OBS            110
       4.67600124776470
       4.00130206894022
       1.00000000000000
 109 111 -1
obdef
loc3d
        4.94323627307922              0.67609935421143             50.91764831542969     -1
kind
     26     
    71100          153282     
       12.25000000000000  
 OBS            111
       3.30216252125701
       3.89628447912037
       1.00000000000000
 110 112 -1
obdef
loc3d
        4.94382880471830              0.67878617658979             35.27229690551758     -1
kind
     26     
    71100          153282     
       12.25000000000000  
 OBS            112
       3.69954098164266
       4.18103207296845
       1.00000000000000
 111 113 -1
obdef
loc3d
        4.94220707390035              0.68781081917460            173.94366455078119     -1
kind
     26     
    71100          153282     
       12.25000000000000  
 OBS            113
       1.67753134626985
       2.87567750948549
       1.00000000000000
 112 114 -1
obdef
loc3d
        4.92755542120837              0.68675243746254            174.61849975585940     -1
kind
     26     
    71100          153282     
       12.25000000000000  
 OBS            114
      -5.99080493386080
      -1.31343303110232
       1.00000000000000
 113 115 -1
obdef
loc3d
        4.93770287749180              0.68559892863867            149.84144592285159     -1
kind
     26     
    71100          153282     
       12.25000000000000  
 OBS            115
       4.39180561946598
       4.46330829486836
       1.00000000000000
 114 116 -1
obdef
loc3d
        4.92848130899840              0.69282991767383            196.64169311523440     -1
kind
     26     
    71100          153282     
       12.25000000000000  
 OBS            116
       1.76026546572894
       3.41411198553823
       1.00000000000000
 115 117 -1
obdef
loc3d
        4.94329123891126              0.66857696973652             21.80461120605469     -1
kind
     26     
    71100          153282     
       12.25000000000000  
 OBS            117
      11.18409277163944
       4.32967221081647
       1.00000000000000
 116 118 -1
obdef
loc3d
        4.93215285315783              0.69272179551745            405.54205322265619     -1
kind
     26     
    71100          153282     
       12.25000000000000  
 OBS            118
       6.33427833027901
       0.87858444227063
       1.00000000000000
 117 119 -1
obdef
loc3d
        4.93085954966869              0.68304429171430             90.32812500000000     -1
kind
     26     
    71100          153282     
       12.25000000000000  
 OBS            119
       3.34338107829909
       4.13639274482366
       1.00000000000000
 118 120 -1
obdef
loc3d
        4.93705662369825              0.67280917017713             44.45593643188477     -1
kind
     26     
    71100          153282     
       12.25000000000000  
 OBS            120
       1.98630798702343
       2.17380190278442
       1.00000000000000
 119 121 -1
obdef
loc3d
        4.94512604639754              0.69281773274108            184.54177856445310     -1
kind
     26     
    71100          153282     
       12.25000000000000  
 OBS            121
       1.96233425426120
       4.07462916074228
       1.00000000000000
 120 122 -1
obdef
loc3d
        4.94897278262263              0.68784055253573             58.60614395141602     -1
kind
     26     
    71100          153282     
       12.25000000000000  
 OBS            122
       1.19926191324015
       3.73721216870293
       1.00000000000000
 121 123 -1
obdef
loc3d
        4.94602769361993              0.68071046350214             21.00896453857422     -1
kind
     26     
    71100          153282     
       12.25000000000000  
 OBS            123
       3.60500486973853
       3.60192328085660
       1.00000000000000
 122 124 -1
obdef
loc3d
        4.93975094338173              0.67132086947702             44.21312713623047     -1
kind
     26     
    71100          153282     
       12.25000000000000  
 OBS            124
       1.26112383147190
       5.60400479392611
       1.00000000000000
 123 125 -1
obdef
loc3d
        4.93608481943111              0.69281990441712            165.01060485839841     -1
kind
     26     
    71100          153282     
       12.25000000000000  
 OBS            125
       0.39032204613627
       3.47011551234101
       1.00000000000000
 124 126 -1
obdef
loc3d
        4.92159319416735              0.69282443720594            292.33944702148438     -1
kind
     26     
    71100          153282     
       12.25000000000000  
 OBS            126
       6.61022264473801
       2.89073047933375
       1.00000000000000
 125 127 -1
obdef
loc3d
        4.93873881518950              0.68829597049600            229.64634704589841     -1
kind
     26     
    71100          153282     
       12.25000000000000  
 OBS            127
       1.13375204691908
       4.22964269646107
       1.00000000000000
 126 128 -1
obdef
loc3d
        4.93527083413009              0.68767784768684            170.73742675781250     -1
kind
     26     
    71100          153282     
       12.25000000000000  
 OBS            128
       6.04137458407465
       4.83434856034670
       1.00000000000000
 127 129 -1
obdef
loc3d
        4.94662113618514              0.69029960200592            170.37097167968750     -1
kind
     26     
    71100          153282     
       12.25000000000000  
 OBS            129
       1.43820917569066
       6.03665998991029
       1.00000000000000
 128 130 -1
obdef
loc3d
        4.93429249379945              0.69052021135789            149.81713867187500     -1
kind
     26     
    71100          153282     
       12.25000000000000  
 OBS            130
       1.90551727133107
       4.28706339199207
       1.00000000000000
 129 131 -1
obdef
loc3d
        4.93269049343414              0.68556567101287            183.19726562500000     -1
kind
     26     
    71100          153282     
       12.25000000000000  
 OBS            131
       0.25992869595010
       3.61986029226462
       1.00000000000000
 130 132 -1
obdef
loc3d
        4.96102089029673              0.67774516842699             17.24609375000000     -1
kind
     26     
    71100          153282     
       12.25000000000000  
 OBS            132
       5.89916385387819
       4.49881340322385
       1.00000000000000
 131 133 -1
obdef
loc3d
        4.95766343385975              0.68587140474105             17.20619201660156     -1
kind
     26     
    71100          153282     
       12.25000000000000  
 OBS            133
       3.68739719770305
       4.73978621652189
       1.00000000000000
 132 134 -1
obdef
loc3d
        4.96848382491262              0.66600327539335              8.93466186523438     -1
kind
     26     
    71100          153282     
       12.25000000000000  
 OBS            134
       7.23043899810549
       4.25045851631483
       1.00000000000000
 133 135 -1
obdef
loc3d
        4.95841046678131              0.68356976794003             15.00000000000000     -1
kind
     26     
    71100          153282     
       12.25000000000000  
 OBS            135
       0.71310104087832
       3.63730661130181
       1.00000000000000
 134 136 -1
obdef
loc3d
        4.95968425198686              0.67283122878530              9.91464328765869     -1
kind
     26     
    71100          153282     
       12.25000000000000  
 OBS            136
      -1.23301606565576
       4.09372729741493
       1.00000000000000
 135 137 -1
obdef
loc3d
        4.95850938370535              0.67569847985950              9.09960937500000     -1
kind
     26     
    71100          153282     
       12.25000000000000  
 OBS            137
       0.43140764874507
       3.15451634351965
       1.00000000000000
 136 138 -1
obdef
loc3d
        4.96062039600501              0.68186605212913             14.00000000000000     -1
kind
     26     
    71100          153282     
       12.25000000000000  
 OBS            138
       5.04193156128932
       3.89447036707766
       1.00000000000000
 137 139 -1
obdef
loc3d
        4.96044430349621              0.68522255501691             15.00000000000000     -1
kind
     26     
    71100          153282     
       12.25000000000000  
 OBS            139
       7.96069075564070
       3.92374407095614
       1.00000000000000
 138 140 -1
obdef
loc3d
        4.95666979050607              0.68165969365477             15.07347202301025     -1
kind
     26     
    71100          153282     
       12.25000000000000  
 OBS            140
       6.80808017456899
       2.88178913276696
       1.00000000000000
 139 141 -1
obdef
loc3d
        4.96483712939352              0.66390373451953              6.00000000000000     -1
kind
     26     
    71100          153282     
       12.25000000000000  
 OBS            141
       6.14537973450632
       3.54965619011930
       1.00000000000000
 140 142 -1
obdef
loc3d
        4.96717335385836              0.67072562238302             13.76562500000000     -1
kind
     26     
    71100          153282     
       12.25000000000000  
 OBS            142
       2.51948622982779
       3.82234265671486
       1.00000000000000
 141 143 -1
obdef
loc3d
        4.96004611966382              0.68820120365869             15.00000000000000     -1
kind
     26     
    71100          153282     
       12.25000000000000  
 OBS            143
       4.16594759251942
       3.78075092678774
       1.00000000000000
 142 144 -1
obdef
loc3d
        4.95406364445895              0.69009645468583             54.42578125000000     -1
kind
     26     
    71100          153282     
       12.25000000000000  
 OBS            144
       1.77712621326059
       4.44532784979114
       1.00000000000000
 143 145 -1
obdef
loc3d
        4.95508230192316              0.68705689194968              9.08530712127686     -1
kind
     26     
    71100          153282     
       12.25000000000000  
 OBS            145
       2.19042899360992
       0.56319154619029
       1.00000000000000
 144 146 -1
obdef
loc3d
        4.89647559039613              0.68497595921932            824.84875488281250     -1
kind
     26     
    71100          153282     
       12.25000000000000  
 OBS            146
       7.58876762017538
       4.11151911134128
       1.00000000000000
 145 147 -1
obdef
loc3d
        4.89667428721977              0.69273770557989            574.37286376953125     -1
kind
     26     
    71100          153282     
       12.25000000000000  
 OBS            147
      -4.41169042431484
       1.17453561244824
       1.00000000000000
 146 148 -1
obdef
loc3d
        4.91583459977084              0.69278424988043            233.68589782714841     -1
kind
     26     
    71100          153282     
       12.25000000000000  
 OBS            148
       0.70202032873786
       0.46103543826098
       1.00000000000000
 147 149 -1
obdef
loc3d
        4.90300762067971              0.68954390300676            525.03326416015625     -1
kind
     26     
    71100          153282     
       12.25000000000000  
 OBS            149
       7.50677428750538
       5.32999299240856
       1.00000000000000
 148 150 -1
obdef
loc3d
        4.90168560310748              0.69286223560483            711.58941650390625     -1
kind
     26     
    71100          153282     
       12.25000000000000  
 OBS            150
      -2.33484346318490
       0.16712095628630
       1.00000000000000
 149 151 -1
obdef
loc3d
        4.91091515139416              0.69052501454351            199.70848083496091     -1
kind
     26     
    71100          153282     
       12.25000000000000  
 OBS            151
     294.98160003602919
     297.28083302776798
       1.00000000000000
 150 152 -1
obdef
loc3d
        4.90540352515539              0.69194112440599            606.33142089843750     -1
kind
     27     
    71100          153282     
        6.25000000000000  
 OBS            152
     303.47278703953043
     303.82037309621302
       1.00000000000000
 151 153 -1
obdef
loc3d
        4.94546412681761              0.68348353984884             17.75631332397461     -1
kind
     27     
    71100          153282     
        6.25000000000000  
 OBS            153
     306.70068729198329
     304.46587490129701
       1.00000000000000
 152 154 -1
obdef
loc3d
        4.94660974174000              0.67744857875853             29.35406684875488     -1
kind
     27     
    71100          153282     
        6.25000000000000  
 OBS            154
     304.89969726707398
     303.77058768830898
       1.00000000000000
 153 155 -1
obdef
loc3d
        4.94648126630843              0.68652865419204             54.82812500000000     -1
kind
     27     
    71100          153282     
        6.25000000000000  
 OBS            155
     304.27476971964643
     303.78140318937500
       1.00000000000000
 154 156 -1
obdef
loc3d
        4.94445426011379              0.68507566758975             62.61011505126953     -1
kind
     27     
    71100          153282     
        6.25000000000000  
 OBS            156
     302.83676861413579
     302.88217102657700
       1.00000000000000
 155 157 -1
obdef
loc3d
        4.94602055174578              0.68752162087271            134.15721130371091     -1
kind
     27     
    71100          153282     
        6.25000000000000  
 OBS            157
     304.49489659343106
     304.39034512045600
       1.00000000000000
 156 158 -1
obdef
loc3d
        4.94603912728501              0.67254511985829             35.00297546386719     -1
kind
     27     
    71100          153282     
        6.25000000000000  
 OBS            158
     302.60707805021798
     303.73548457044598
       1.00000000000000
 157 159 -1
obdef
loc3d
        4.95877904994953              0.67986585977255             17.04111671447754     -1
kind
     27     
    71100          153282     
        6.25000000000000  
 OBS            159
     301.08935093090258
     301.16725292713198
       1.00000000000000
 158 160 -1
obdef
loc3d
        4.93958042817759              0.69095160998657            226.13127136230469     -1
kind
     27     
    71100          153282     
        6.25000000000000  
 OBS            160
     301.63178286432878
     302.31339769329099
       1.00000000000000
 159 161 -1
obdef
loc3d
        4.95756313665553              0.69181797222864             89.84997558593750     -1
kind
     27     
    71100          153282     
        6.25000000000000  
 OBS            161
     304.36547820372920
     304.61688318008902
       1.00000000000000
 160 162 -1
obdef
loc3d
        4.94078657111844              0.67409210989409             60.81152343750000     -1
kind
     27     
    71100          153282     
        6.25000000000000  
 OBS            162
     302.88994202114191
     304.94785334816203
       1.00000000000000
 161 163 -1
obdef
loc3d
        4.95557846691255              0.67267262139613              1.00000000000000     -1
kind
     27     
    71100          153282     
        6.25000000000000  
 OBS            163
     300.42894828538766
     300.95869969828101
       1.00000000000000
 162 164 -1
obdef
loc3d
        4.93193348448080              0.68856418981073            106.00000000000000     -1
kind
     27     
    71100          153282     
        6.25000000000000  
 OBS            164
     295.40969865041023
     294.55140767588301
       1.00000000000000
 163 165 -1
obdef
loc3d
        4.89970838141578              0.68765245249877            785.09423828125000     -1
kind
     27     
    71100          153282     
        6.25000000000000  
 OBS            165
     302.24085804136928
     302.51522807181198
       1.00000000000000
 164 166 -1
obdef
loc3d
        4.95026814558372              0.68993059237416             93.11567687988281     -1
kind
     27     
    71100          153282     
        6.25000000000000  
 OBS            166
     304.07720781295654
     303.98367624937299
       1.00000000000000
 165 167 -1
obdef
loc3d
        4.94174512165160              0.68484635226999            116.56585693359381     -1
kind
     27     
    71100          153282     
        6.25000000000000  
 OBS            167
     302.54747707313965
     303.29555092198098
       1.00000000000000
 166 168 -1
obdef
loc3d
        4.95420735021482              0.68473663912788             15.00000000000000     -1
kind
     27     
    71100          153282     
        6.25000000000000  
 OBS            168
     303.48944365966042
     303.06980745405502
       1.00000000000000
 167 169 -1
obdef
loc3d
        4.93477042118681              0.68310638816012            118.89588928222661     -1
kind
     27     
    71100          153282     
        6.25000000000000  
 OBS            169
     304.98473236926094
     304.15203980046800
       1.00000000000000
 168 170 -1
obdef
loc3d
        4.93795631029682              0.68276407673392            144.94107055664060     -1
kind
     27     
    71100          153282     
        6.25000000000000  
 OBS            170
     303.58055312112862
     304.21029287613999
       1.00000000000000
 169 171 -1
obdef
loc3d
        4.94001671685736              0.68064929967652             43.67281723022461     -1
kind
     27     
    71100          153282     
        6.25000000000000  
 OBS            171
     304.59832746677711
     304.46374640888598
       1.00000000000000
 170 172 -1
obdef
loc3d
        4.94058460161740              0.67807181314514             70.17810058593750     -1
kind
     27     
    71100          153282     
        6.25000000000000  
 OBS            172
     306.49541989400331
     303.97683012606200
       1.00000000000000
 171 173 -1
obdef
loc3d
        4.95423295419494              0.68033176843505              3.71636104583740     -1
kind
     27     
    71100          153282     
        6.25000000000000  
 OBS            173
     305.51644373897778
     305.42272048594600
       1.00000000000000
 172 174 -1
obdef
loc3d
        4.94926894458696              0.66642585587446             10.91526031494141     -1
kind
     27     
    71100          153282     
        6.25000000000000  
 OBS            174
     303.75651825539734
     305.33507893434199
       1.00000000000000
 173 175 -1
obdef
loc3d
        4.96223480186848              0.66700036066835              5.00000000000000     -1
kind
     27     
    71100          153282     
        6.25000000000000  
 OBS            175
     304.03975559566851
     304.38916882261100
       1.00000000000000
 174 176 -1
obdef
loc3d
        4.95546148971009              0.67729393735082              6.17724800109863     -1
kind
     27     
    71100          153282     
        6.25000000000000  
 OBS            176
     300.38947058398861
     301.22406132629800
       1.00000000000000
 175 177 -1
obdef
loc3d
        4.92652723985629              0.69051382381431            146.04148864746091     -1
kind
     27     
    71100          153282     
        6.25000000000000  
 OBS            177
     304.25348112279647
     304.47541614338400
       1.00000000000000
 176 178 -1
obdef
loc3d
        4.96366005344362              0.66920346185787              6.00000000000000     -1
kind
     27     
    71100          153282     
        6.25000000000000  
 OBS            178
     305.68207329305818
     302.63824721159898
       1.00000000000000
 177 179 -1
obdef
loc3d
        4.97052949833720              0.66907739847133              8.84140872955322     -1
kind
     27     
    71100          153282     
        6.25000000000000  
 OBS            179
     297.83772472468706
     300.18230343813599
       1.00000000000000
 178 180 -1
obdef
loc3d
        4.95272465676814              0.69285338512106             17.57446289062500     -1
kind
     27     
    71100          153282     
        6.25000000000000  
 OBS            180
     301.54760833149652
     300.92298206266003
       1.00000000000000
 179 181 -1
obdef
loc3d
        4.94895487610473              0.69270373762026            144.09075927734381     -1
kind
     27     
    71100          153282     
        6.25000000000000  
 OBS            181
     301.57473569203586
     302.64448101248001
       1.00000000000000
 180 182 -1
obdef
loc3d
        4.94293085461737              0.69053117803871            168.92642211914060     -1
kind
     27     
    71100          153282     
        6.25000000000000  
 OBS            182
     303.27510284394867
     305.19857416292200
       1.00000000000000
 181 183 -1
obdef
loc3d
        4.93556788041953              0.67027828664670             15.00000000000000     -1
kind
     27     
    71100          153282     
        6.25000000000000  
 OBS            183
     305.96066481138473
     304.28960006413899
       1.00000000000000
 182 184 -1
obdef
loc3d
        4.94611628544174              0.67496858055017             35.03607940673828     -1
kind
     27     
    71100          153282     
        6.25000000000000  
 OBS            184
     304.50528666379262
     305.06397019300499
       1.00000000000000
 183 185 -1
obdef
loc3d
        4.94304709522229              0.67138694960003             45.00000000000000     -1
kind
     27     
    71100          153282     
        6.25000000000000  
 OBS            185
     304.11428926189092
     304.18269978151102
       1.00000000000000
 184 186 -1
obdef
loc3d
        4.94323627307922              0.67609935421143             50.91764831542969     -1
kind
     27     
    71100          153282     
        6.25000000000000  
 OBS            186
     304.91082313195801
     304.18779794940099
       1.00000000000000
 185 187 -1
obdef
loc3d
        4.94382880471830              0.67878617658979             35.27229690551758     -1
kind
     27     
    71100          153282     
        6.25000000000000  
 OBS            187
     305.19407784937033
     303.48833478951201
       1.00000000000000
 186 188 -1
obdef
loc3d
        4.94220707390035              0.68781081917460            173.94366455078119     -1
kind
     27     
    71100          153282     
        6.25000000000000  
 OBS            188
     301.67269483010369
     300.98115165558102
       1.00000000000000
 187 189 -1
obdef
loc3d
        4.92755542120837              0.68675243746254            174.61849975585940     -1
kind
     27     
    71100          153282     
        6.25000000000000  
 OBS            189
     301.86604665688003
     301.15635455619298
       1.00000000000000
 188 190 -1
obdef
loc3d
        4.93770287749180              0.68559892863867            149.84144592285159     -1
kind
     27     
    71100          153282     
        6.25000000000000  
 OBS            190
     302.03166444488522
     301.12039733978497
       1.00000000000000
 189 191 -1
obdef
loc3d
        4.92848130899840              0.69282991767383            196.64169311523440     -1
kind
     27     
    71100          153282     
        6.25000000000000  
 OBS            191
     306.85714164215989
     305.49418597003000
       1.00000000000000
 190 192 -1
obdef
loc3d
        4.94329123891126              0.66857696973652             21.80461120605469     -1
kind
     27     
    71100          153282     
        6.25000000000000  
 OBS            192
     299.92308749492389
     299.86568107121502
       1.00000000000000
 191 193 -1
obdef
loc3d
        4.93215285315783              0.69272179551745            405.54205322265619     -1
kind
     27     
    71100          153282     
        6.25000000000000  
 OBS            193
     303.61336058358637
     302.77568769372101
       1.00000000000000
 192 194 -1
obdef
loc3d
        4.93085954966869              0.68304429171430             90.32812500000000     -1
kind
     27     
    71100          153282     
        6.25000000000000  
 OBS            194
     305.22435060147365
     304.64945360734799
       1.00000000000000
 193 195 -1
obdef
loc3d
        4.93705662369825              0.67280917017713             44.45593643188477     -1
kind
     27     
    71100          153282     
        6.25000000000000  
 OBS            195
     302.76726550032856
     302.17105957702898
       1.00000000000000
 194 196 -1
obdef
loc3d
        4.94512604639754              0.69281773274108            184.54177856445310     -1
kind
     27     
    71100          153282     
        6.25000000000000  
 OBS            196
     303.75878327856753
     302.62046155803000
       1.00000000000000
 195 197 -1
obdef
loc3d
        4.94897278262263              0.68784055253573             58.60614395141602     -1
kind
     27     
    71100          153282     
        6.25000000000000  
 OBS            197
     305.45177999716498
     304.03953356170598
       1.00000000000000
 196 198 -1
obdef
loc3d
        4.94602769361993              0.68071046350214             21.00896453857422     -1
kind
     27     
    71100          153282     
        6.25000000000000  
 OBS            198
     306.29580807313937
     305.07931861731998
       1.00000000000000
 197 199 -1
obdef
loc3d
        4.93975094338173              0.67132086947702             44.21312713623047     -1
kind
     27     
    71100          153282     
        6.25000000000000  
 OBS            199
     302.91147030471228
     302.09816905566402
       1.00000000000000
 198 200 -1
obdef
loc3d
        4.93608481943111              0.69281990441712            165.01060485839841     -1
kind
     27     
    71100          153282     
        6.25000000000000  
 OBS            200
     301.72054515289847
     302.72432717442399
       1.00000000000000
 199 201 -1
obdef
loc3d
        4.92159319416735              0.69282443720594            292.33944702148438     -1
kind
     27     
    71100          153282     
        6.25000000000000  
 OBS            201
     301.15062878284556
     302.08831943682998
       1.00000000000000
 200 202 -1
obdef
loc3d
        4.93873881518950              0.68829597049600            229.64634704589841     -1
kind
     27     
    71100          153282     
        6.25000000000000  
 OBS            202
     302.12790387855318
     301.40899046722399
       1.00000000000000
 201 203 -1
obdef
loc3d
        4.93527083413009              0.68767784768684            170.73742675781250     -1
kind
     27     
    71100          153282     
        6.25000000000000  
 OBS            203
     302.62920752497376
     302.71453902675302
       1.00000000000000
 202 204 -1
obdef
loc3d
        4.94662113618514              0.69029960200592            170.37097167968750     -1
kind
     27     
    71100          153282     
        6.25000000000000  
 OBS            204
     299.38986216262515
     300.42384328948401
       1.00000000000000
 203 205 -1
obdef
loc3d
        4.93429249379945              0.69052021135789            149.81713867187500     -1
kind
     27     
    71100          153282     
        6.25000000000000  
 OBS            205
     299.68090588535068
     299.79583754945901
       1.00000000000000
 204 206 -1
obdef
loc3d
        4.93269049343414              0.68556567101287            183.19726562500000     -1
kind
     27     
    71100          153282     
        6.25000000000000  
 OBS            206
     303.45982417385437
     303.82344293009902
       1.00000000000000
 205 207 -1
obdef
loc3d
        4.96102089029673              0.67774516842699             17.24609375000000     -1
kind
     27     
    71100          153282     
        6.25000000000000  
 OBS            207
     304.27020096958205
     303.93750739540502
       1.00000000000000
 206 208 -1
obdef
loc3d
        4.95766343385975              0.68587140474105             17.20619201660156     -1
kind
     27     
    71100          153282     
        6.25000000000000  
 OBS            208
     303.07626308431793
     303.95692178175102
       1.00000000000000
 207 209 -1
obdef
loc3d
        4.96848382491262              0.66600327539335              8.93466186523438     -1
kind
     27     
    71100          153282     
        6.25000000000000  
 OBS            209
     303.32532703088549
     304.67261451350799
       1.00000000000000
 208 210 -1
obdef
loc3d
        4.95841046678131              0.68356976794003             15.00000000000000     -1
kind
     27     
    71100          153282     
        6.25000000000000  
 OBS            210
     303.65353760435050
     304.03415979354099
       1.00000000000000
 209 211 -1
obdef
loc3d
        4.95968425198686              0.67283122878530              9.91464328765869     -1
kind
     27     
    71100          153282     
        6.25000000000000  
 OBS            211
     304.70344901153163
     303.91700923516100
       1.00000000000000
 210 212 -1
obdef
loc3d
        4.95850938370535              0.67569847985950              9.09960937500000     -1
kind
     27     
    71100          153282     
        6.25000000000000  
 OBS            212
     303.11515458506591
     303.91161760906800
       1.00000000000000
 211 213 -1
obdef
loc3d
        4.96062039600501              0.68186605212913             14.00000000000000     -1
kind
     27     
    71100          153282     
        6.25000000000000  
 OBS            213
     303.82500918698906
     304.22372562282402
       1.00000000000000
 212 214 -1
obdef
loc3d
        4.96044430349621              0.68522255501691             15.00000000000000     -1
kind
     27     
    71100          153282     
        6.25000000000000  
 OBS            214
     304.64135228211347
     303.72123276573700
       1.00000000000000
 213 215 -1
obdef
loc3d
        4.95666979050607              0.68165969365477             15.07347202301025     -1
kind
     27     
    71100          153282     
        6.25000000000000  
 OBS            215
     304.83417201311636
     305.67138169719198
       1.00000000000000
 214 216 -1
obdef
loc3d
        4.96483712939352              0.66390373451953              6.00000000000000     -1
kind
     27     
    71100          153282     
        6.25000000000000  
 OBS            216
     305.02449951731654
     304.46119754110100
       1.00000000000000
 215 217 -1
obdef
loc3d
        4.96717335385836              0.67072562238302             13.76562500000000     -1
kind
     27     
    71100          153282     
        6.25000000000000  
 OBS            217
     303.98330600447264
     303.83256163966303
       1.00000000000000
 216 218 -1
obdef
loc3d
        4.96004611966382              0.68820120365869             15.00000000000000     -1
kind
     27     
    71100          153282     
        6.25000000000000  
 OBS            218
     303.39847435041213
     302.72599153831601
       1.00000000000000
 217 219 -1
obdef
loc3d
        4.95406364445895              0.69009645468583             54.42578125000000     -1
kind
     27     
    71100          153282     
        6.25000000000000  
 OBS            219
     304.12399107122042
     303.06958629684902
       1.00000000000000
 218 220 -1
obdef
loc3d
        4.95508230192316              0.68705689194968              9.08530712127686     -1
kind
     27     
    71100          153282     
        6.25000000000000  
 OBS            220
     295.53255347049890
     294.23887054464598
       1.00000000000000
 219 221 -1
obdef
loc3d
        4.89647559039613              0.68497595921932            824.84875488281250     -1
kind
     27     
    71100          153282     
        6.25000000000000  
 OBS            221
     299.46484724794959
     299.96750595602998
       1.00000000000000
 220 222 -1
obdef
loc3d
        4.89667428721977              0.69273770557989            574.37286376953125     -1
kind
     27     
    71100          153282     
        6.25000000000000  
 OBS            222
     300.61626355682677
     299.93220754638298
       1.00000000000000
 221 223 -1
obdef
loc3d
        4.91583459977084              0.69278424988043            233.68589782714841     -1
kind
     27     
    71100          153282     
        6.25000000000000  
 OBS            223
     296.22857735615463
     296.09818043310497
       1.00000000000000
 222 224 -1
obdef
loc3d
        4.90300762067971              0.68954390300676            525.03326416015625     -1
kind
     27     
    71100          153282     
        6.25000000000000  
 OBS            224
     298.20234975414496
     297.22089892977800
       1.00000000000000
 223 225 -1
obdef
loc3d
        4.90168560310748              0.69286223560483            711.58941650390625     -1
kind
     27     
    71100          153282     
        6.25000000000000  
 OBS            225
     300.63323924488822
     299.80312277840898
       1.00000000000000
 224 -1 -1
obdef
loc3d
        4.91091515139416              0.69052501454351            199.70848083496091     -1
kind
     27     
    71100          153282     
        6.25000000000000  
