 obs_sequence
obs_kind_definitions
       3
    25          LAND_SFC_U_WIND_COMPONENT   
    26          LAND_SFC_V_WIND_COMPONENT   
    27          LAND_SFC_TEMPERATURE   
  num_copies:            2  num_qc:            1
 num_obs:       225  max_num_obs:       225
observations
truth
QC radar
  first:            1  last:       225
 OBS            1
      -2.01661543553284
       0.93209773335305
       1.00000000000000
 -1 2 -1
obdef
loc3d
        4.90540352515539              0.69194112440599            606.33142089843750     -1
kind
     25     
    45900          153282     
       12.25000000000000  
 OBS            2
       0.82297254124140
       0.80575739450350
       1.00000000000000
 1 3 -1
obdef
loc3d
        4.94546412681761              0.68348353984884             17.75631332397461     -1
kind
     25     
    45900          153282     
       12.25000000000000  
 OBS            3
       1.31102995677225
       1.06677465802493
       1.00000000000000
 2 4 -1
obdef
loc3d
        4.94660974174000              0.67744857875853             29.35406684875488     -1
kind
     25     
    45900          153282     
       12.25000000000000  
 OBS            4
       4.24811465846087
       0.42431647592853
       1.00000000000000
 3 5 -1
obdef
loc3d
        4.94648126630843              0.68652865419204             54.82812500000000     -1
kind
     25     
    45900          153282     
       12.25000000000000  
 OBS            5
       1.47994789782852
       0.22980498793119
       1.00000000000000
 4 6 -1
obdef
loc3d
        4.94445426011379              0.68507566758975             62.61011505126953     -1
kind
     25     
    45900          153282     
       12.25000000000000  
 OBS            6
       5.54832185036411
       0.66891092804497
       1.00000000000000
 5 7 -1
obdef
loc3d
        4.94602055174578              0.68752162087271            134.15721130371091     -1
kind
     25     
    45900          153282     
       12.25000000000000  
 OBS            7
      -3.27550712060710
       0.94259192895066
       1.00000000000000
 6 8 -1
obdef
loc3d
        4.94603912728501              0.67254511985829             35.00297546386719     -1
kind
     25     
    45900          153282     
       12.25000000000000  
 OBS            8
       5.91123064079538
       0.74751686298107
       1.00000000000000
 7 9 -1
obdef
loc3d
        4.95877904994953              0.67986585977255             17.04111671447754     -1
kind
     25     
    45900          153282     
       12.25000000000000  
 OBS            9
       2.09285214373082
       0.28235504139413
       1.00000000000000
 8 10 -1
obdef
loc3d
        4.93958042817759              0.69095160998657            226.13127136230469     -1
kind
     25     
    45900          153282     
       12.25000000000000  
 OBS            10
      -2.47368547684112
       0.31737506289561
       1.00000000000000
 9 11 -1
obdef
loc3d
        4.95756313665553              0.69181797222864             89.84997558593750     -1
kind
     25     
    45900          153282     
       12.25000000000000  
 OBS            11
       1.61843590433109
       0.94800951006260
       1.00000000000000
 10 12 -1
obdef
loc3d
        4.94078657111844              0.67409210989409             60.81152343750000     -1
kind
     25     
    45900          153282     
       12.25000000000000  
 OBS            12
       3.89953602617401
       0.75955849554781
       1.00000000000000
 11 13 -1
obdef
loc3d
        4.95557846691255              0.67267262139613              1.00000000000000     -1
kind
     25     
    45900          153282     
       12.25000000000000  
 OBS            13
       1.11185254361446
       0.21189296698948
       1.00000000000000
 12 14 -1
obdef
loc3d
        4.93193348448080              0.68856418981073            106.00000000000000     -1
kind
     25     
    45900          153282     
       12.25000000000000  
 OBS            14
       4.84860069730994
       0.15381808484604
       1.00000000000000
 13 15 -1
obdef
loc3d
        4.89970838141578              0.68765245249877            785.09423828125000     -1
kind
     25     
    45900          153282     
       12.25000000000000  
 OBS            15
       1.33326590070751
       0.53002689090683
       1.00000000000000
 14 16 -1
obdef
loc3d
        4.95026814558372              0.68993059237416             93.11567687988281     -1
kind
     25     
    45900          153282     
       12.25000000000000  
 OBS            16
       5.37566180910985
       0.83306355902437
       1.00000000000000
 15 17 -1
obdef
loc3d
        4.94174512165160              0.68484635226999            116.56585693359381     -1
kind
     25     
    45900          153282     
       12.25000000000000  
 OBS            17
      -1.28301337068717
       0.02549224355674
       1.00000000000000
 16 18 -1
obdef
loc3d
        4.95420735021482              0.68473663912788             15.00000000000000     -1
kind
     25     
    45900          153282     
       12.25000000000000  
 OBS            18
       6.47059160014533
       0.79045230645682
       1.00000000000000
 17 19 -1
obdef
loc3d
        4.93477042118681              0.68310638816012            118.89588928222661     -1
kind
     25     
    45900          153282     
       12.25000000000000  
 OBS            19
      -0.56102112166823
       1.19660625648548
       1.00000000000000
 18 20 -1
obdef
loc3d
        4.93795631029682              0.68276407673392            144.94107055664060     -1
kind
     25     
    45900          153282     
       12.25000000000000  
 OBS            20
       4.14082214972712
       0.78864022105472
       1.00000000000000
 19 21 -1
obdef
loc3d
        4.94001671685736              0.68064929967652             43.67281723022461     -1
kind
     25     
    45900          153282     
       12.25000000000000  
 OBS            21
       1.35193004394625
       1.07292653091298
       1.00000000000000
 20 22 -1
obdef
loc3d
        4.94058460161740              0.67807181314514             70.17810058593750     -1
kind
     25     
    45900          153282     
       12.25000000000000  
 OBS            22
       1.22864165468454
       0.83187567011997
       1.00000000000000
 21 23 -1
obdef
loc3d
        4.95423295419494              0.68033176843505              3.71636104583740     -1
kind
     25     
    45900          153282     
       12.25000000000000  
 OBS            23
       1.22932552681118
       0.85784241771536
       1.00000000000000
 22 24 -1
obdef
loc3d
        4.94926894458696              0.66642585587446             10.91526031494141     -1
kind
     25     
    45900          153282     
       12.25000000000000  
 OBS            24
       0.73670581338234
       0.88201211705854
       1.00000000000000
 23 25 -1
obdef
loc3d
        4.96223480186848              0.66700036066835              5.00000000000000     -1
kind
     25     
    45900          153282     
       12.25000000000000  
 OBS            25
       1.66972815189650
       0.76849427303349
       1.00000000000000
 24 26 -1
obdef
loc3d
        4.95546148971009              0.67729393735082              6.17724800109863     -1
kind
     25     
    45900          153282     
       12.25000000000000  
 OBS            26
       6.03653248954849
       0.95037779938053
       1.00000000000000
 25 27 -1
obdef
loc3d
        4.92652723985629              0.69051382381431            146.04148864746091     -1
kind
     25     
    45900          153282     
       12.25000000000000  
 OBS            27
       3.62219594314338
       0.85554852915055
       1.00000000000000
 26 28 -1
obdef
loc3d
        4.96366005344362              0.66920346185787              6.00000000000000     -1
kind
     25     
    45900          153282     
       12.25000000000000  
 OBS            28
       0.61451003020172
       1.16021657443739
       1.00000000000000
 27 29 -1
obdef
loc3d
        4.97052949833720              0.66907739847133              8.84140872955322     -1
kind
     25     
    45900          153282     
       12.25000000000000  
 OBS            29
      -4.47561192754978
       0.31961374789078
       1.00000000000000
 28 30 -1
obdef
loc3d
        4.93727739535368              0.69277976810143            187.24655151367190     -1
kind
     25     
    45900          153282     
       12.25000000000000  
 OBS            30
       2.57482521939445
       0.96171125795331
       1.00000000000000
 29 31 -1
obdef
loc3d
        4.94575592838423              0.68143846111579             35.01654815673828     -1
kind
     25     
    45900          153282     
       12.25000000000000  
 OBS            31
      -5.16279792007439
       0.27515142810013
       1.00000000000000
 30 32 -1
obdef
loc3d
        4.93184075890513              0.68784163962489             92.58054351806641     -1
kind
     25     
    45900          153282     
       12.25000000000000  
 OBS            32
       2.26109074983846
       0.28534254858581
       1.00000000000000
 31 33 -1
obdef
loc3d
        4.94081711590956              0.68854862967758            162.55853271484381     -1
kind
     25     
    45900          153282     
       12.25000000000000  
 OBS            33
       1.24813037957229
       1.05011387384119
       1.00000000000000
 32 34 -1
obdef
loc3d
        4.94249854456299              0.67650785339572             60.39866638183594     -1
kind
     25     
    45900          153282     
       12.25000000000000  
 OBS            34
      -0.37694262206940
       0.38818987910427
       1.00000000000000
 33 35 -1
obdef
loc3d
        4.93162931041089              0.68282844530430             93.04485321044922     -1
kind
     25     
    45900          153282     
       12.25000000000000  
 OBS            35
       4.79237315536376
       0.35241303536494
       1.00000000000000
 34 36 -1
obdef
loc3d
        4.93293180012842              0.69147876068069            106.50605773925780     -1
kind
     25     
    45900          153282     
       12.25000000000000  
 OBS            36
       5.11859671773703
       1.19943327607322
       1.00000000000000
 35 37 -1
obdef
loc3d
        4.94231542915734              0.67925336633936             45.80761718750000     -1
kind
     25     
    45900          153282     
       12.25000000000000  
 OBS            37
       2.79669325497248
       0.93050538885610
       1.00000000000000
 36 38 -1
obdef
loc3d
        4.94267046375275              0.67009027494016             28.73577499389648     -1
kind
     25     
    45900          153282     
       12.25000000000000  
 OBS            38
       4.80863902702243
       0.21141123733697
       1.00000000000000
 37 39 -1
obdef
loc3d
        4.95301390972552              0.69283749825579             93.74549102783203     -1
kind
     25     
    45900          153282     
       12.25000000000000  
 OBS            39
       3.47911246657499
       1.02470897211987
       1.00000000000000
 38 40 -1
obdef
loc3d
        4.93993476658470              0.67588412939320             29.35707092285156     -1
kind
     25     
    45900          153282     
       12.25000000000000  
 OBS            40
       3.80645280362090
       0.73430233691885
       1.00000000000000
 39 41 -1
obdef
loc3d
        4.93755681423869              0.67212761520231             23.80049896240234     -1
kind
     25     
    45900          153282     
       12.25000000000000  
 OBS            41
       2.11395545135317
       0.81574664849512
       1.00000000000000
 40 42 -1
obdef
loc3d
        4.93524778363115              0.68687961042640            201.53530883789060     -1
kind
     25     
    45900          153282     
       12.25000000000000  
 OBS            42
       2.53852524328593
      -0.06084193661569
       1.00000000000000
 41 43 -1
obdef
loc3d
        4.94487715611266              0.69284945127485            184.54177856445310     -1
kind
     25     
    45900          153282     
       12.25000000000000  
 OBS            43
       1.15608105696550
       0.94344423384700
       1.00000000000000
 42 44 -1
obdef
loc3d
        4.93574679201688              0.68074234291388             92.12267303466797     -1
kind
     25     
    45900          153282     
       12.25000000000000  
 OBS            44
      -2.23033171133185
       0.67156396583882
       1.00000000000000
 43 45 -1
obdef
loc3d
        4.93948311897746              0.68677523412020            143.54531860351560     -1
kind
     25     
    45900          153282     
       12.25000000000000  
 OBS            45
      -1.16734455569534
       0.93721963854451
       1.00000000000000
 44 46 -1
obdef
loc3d
        4.93535147134114              0.68874818734546            154.91955566406250     -1
kind
     25     
    45900          153282     
       12.25000000000000  
 OBS            46
       0.44192559683479
       0.95769288423028
       1.00000000000000
 45 47 -1
obdef
loc3d
        4.93998720508067              0.67099618858999             15.00000000000000     -1
kind
     25     
    45900          153282     
       12.25000000000000  
 OBS            47
      -3.66088644927776
       0.09663538355713
       1.00000000000000
 46 48 -1
obdef
loc3d
        4.95377154670010              0.68841616298427              1.00000000000000     -1
kind
     25     
    45900          153282     
       12.25000000000000  
 OBS            48
      -0.25638729950032
       0.81524567695140
       1.00000000000000
 47 49 -1
obdef
loc3d
        4.94369600674710              0.67424831199146             56.55799865722656     -1
kind
     25     
    45900          153282     
       12.25000000000000  
 OBS            49
       2.01875183077783
       0.94495190986377
       1.00000000000000
 48 50 -1
obdef
loc3d
        4.94554915949750              0.67592825057405             27.37830162048340     -1
kind
     25     
    45900          153282     
       12.25000000000000  
 OBS            50
       0.50900063418830
       0.33645728334148
       1.00000000000000
 49 51 -1
obdef
loc3d
        4.93817225910204              0.68863985936718            220.11502075195310     -1
kind
     25     
    45900          153282     
       12.25000000000000  
 OBS            51
      -2.51069358082731
       0.82301973858032
       1.00000000000000
 50 52 -1
obdef
loc3d
        4.94679227765370              0.67424304503817             25.38815879821777     -1
kind
     25     
    45900          153282     
       12.25000000000000  
 OBS            52
      -0.82372043989597
       0.81948959753636
       1.00000000000000
 51 53 -1
obdef
loc3d
        4.93825175772606              0.67415674930066             45.00000000000000     -1
kind
     25     
    45900          153282     
       12.25000000000000  
 OBS            53
      -1.98444276535924
       0.68107869677769
       1.00000000000000
 52 54 -1
obdef
loc3d
        4.94311892630401              0.68721450203000            155.69055175781250     -1
kind
     25     
    45900          153282     
       12.25000000000000  
 OBS            54
      -0.61745861438878
       0.93688444644779
       1.00000000000000
 53 55 -1
obdef
loc3d
        4.94449382724881              0.67792071808206             14.15527343750000     -1
kind
     25     
    45900          153282     
       12.25000000000000  
 OBS            55
      -3.11126606434064
       0.91926243201060
       1.00000000000000
 54 56 -1
obdef
loc3d
        4.94565692959859              0.66987151098961             30.00000000000000     -1
kind
     25     
    45900          153282     
       12.25000000000000  
 OBS            56
       2.16645139393395
       0.62731124691676
       1.00000000000000
 55 57 -1
obdef
loc3d
        4.93623940611723              0.68485115788194            160.48159790039060     -1
kind
     25     
    45900          153282     
       12.25000000000000  
 OBS            57
      -0.47709032018180
      -0.32066483341751
       1.00000000000000
 56 58 -1
obdef
loc3d
        4.93207688179052              0.69191340558627            266.88421630859381     -1
kind
     25     
    45900          153282     
       12.25000000000000  
 OBS            58
      -1.16740850795684
       0.21297403792569
       1.00000000000000
 57 59 -1
obdef
loc3d
        4.94337184525690              0.69048472086632            168.92642211914060     -1
kind
     25     
    45900          153282     
       12.25000000000000  
 OBS            59
       0.72452760434179
       0.21743195420316
       1.00000000000000
 58 60 -1
obdef
loc3d
        4.93083275656657              0.69156409584246            530.37139892578125     -1
kind
     25     
    45900          153282     
       12.25000000000000  
 OBS            60
       2.97922222849244
       1.00862592851681
       1.00000000000000
 59 61 -1
obdef
loc3d
        4.93576715774405              0.67026358084744             15.00000000000000     -1
kind
     25     
    45900          153282     
       12.25000000000000  
 OBS            61
       4.01308868996186
       0.58501130009087
       1.00000000000000
 60 62 -1
obdef
loc3d
        4.94676264345478              0.69035499858378            170.37097167968750     -1
kind
     25     
    45900          153282     
       12.25000000000000  
 OBS            62
       0.62667537725858
       0.40905597170865
       1.00000000000000
 61 63 -1
obdef
loc3d
        4.94046883892718              0.69230960363225            232.29916381835940     -1
kind
     25     
    45900          153282     
       12.25000000000000  
 OBS            63
      -5.61838420193716
       0.94934472811370
       1.00000000000000
 62 64 -1
obdef
loc3d
        4.94668005348904              0.66792517272334             30.00000000000000     -1
kind
     25     
    45900          153282     
       12.25000000000000  
 OBS            64
       3.48472996153879
       0.10594203895808
       1.00000000000000
 63 65 -1
obdef
loc3d
        4.93142664351951              0.69067116425814            352.18109130859381     -1
kind
     25     
    45900          153282     
       12.25000000000000  
 OBS            65
      -0.33237019148573
       0.63174231900749
       1.00000000000000
 64 66 -1
obdef
loc3d
        4.93315860158957              0.69236546390432            148.09797668457031     -1
kind
     25     
    45900          153282     
       12.25000000000000  
 OBS            66
       1.45683685984195
       1.02607799551735
       1.00000000000000
 65 67 -1
obdef
loc3d
        4.94330474517536              0.68101851702487             28.94674682617188     -1
kind
     25     
    45900          153282     
       12.25000000000000  
 OBS            67
       5.04922567927890
       0.63867286623020
       1.00000000000000
 66 68 -1
obdef
loc3d
        4.93900329796962              0.68465687192145            135.10733032226560     -1
kind
     25     
    45900          153282     
       12.25000000000000  
 OBS            68
       4.58472495413915
       0.99238547576507
       1.00000000000000
 67 69 -1
obdef
loc3d
        4.94044166392076              0.68262352587105            131.77731323242190     -1
kind
     25     
    45900          153282     
       12.25000000000000  
 OBS            69
       3.95125123731527
       0.87826155446711
       1.00000000000000
 68 70 -1
obdef
loc3d
        4.92619210793233              0.68978851614430            140.91706848144531     -1
kind
     25     
    45900          153282     
       12.25000000000000  
 OBS            70
      -0.23206361218896
       0.98425350878679
       1.00000000000000
 69 71 -1
obdef
loc3d
        4.94963312081941              0.66996996266355             29.99300956726074     -1
kind
     25     
    45900          153282     
       12.25000000000000  
 OBS            71
       0.72270269567403
       1.42609043086517
       1.00000000000000
 70 72 -1
obdef
loc3d
        4.92700392971737              0.68887132383449            128.38885498046881     -1
kind
     25     
    45900          153282     
       12.25000000000000  
 OBS            72
      -2.03302242183339
       0.97881301910969
       1.00000000000000
 71 73 -1
obdef
loc3d
        4.94246333188258              0.67229541033138             45.31371688842773     -1
kind
     25     
    45900          153282     
       12.25000000000000  
 OBS            73
      -0.13935521110721
       0.81755674310316
       1.00000000000000
 72 74 -1
obdef
loc3d
        4.94297820410103              0.68302629331082             53.72113800048828     -1
kind
     25     
    45900          153282     
       12.25000000000000  
 OBS            74
      -0.40377965844540
       1.16592399018298
       1.00000000000000
 73 75 -1
obdef
loc3d
        4.94625467437127              0.67931016686449             42.11843872070312     -1
kind
     25     
    45900          153282     
       12.25000000000000  
 OBS            75
      -1.52248368989164
       0.63846896272249
       1.00000000000000
 74 76 -1
obdef
loc3d
        4.93718236751881              0.69150375136553            153.15858459472659     -1
kind
     25     
    45900          153282     
       12.25000000000000  
 OBS            76
       3.11178253901757
       2.22954769290379
       1.00000000000000
 75 77 -1
obdef
loc3d
        4.90540352515539              0.69194112440599            606.33142089843750     -1
kind
     26     
    45900          153282     
       12.25000000000000  
 OBS            77
      -3.88607263945659
      -0.01245852351686
       1.00000000000000
 76 78 -1
obdef
loc3d
        4.94546412681761              0.68348353984884             17.75631332397461     -1
kind
     26     
    45900          153282     
       12.25000000000000  
 OBS            78
      -1.64244875886675
      -0.16304475854808
       1.00000000000000
 77 79 -1
obdef
loc3d
        4.94660974174000              0.67744857875853             29.35406684875488     -1
kind
     26     
    45900          153282     
       12.25000000000000  
 OBS            79
       1.09706736971938
      -0.22078797013364
       1.00000000000000
 78 80 -1
obdef
loc3d
        4.94648126630843              0.68652865419204             54.82812500000000     -1
kind
     26     
    45900          153282     
       12.25000000000000  
 OBS            80
       4.71848068217232
       0.18096352666940
       1.00000000000000
 79 81 -1
obdef
loc3d
        4.94445426011379              0.68507566758975             62.61011505126953     -1
kind
     26     
    45900          153282     
       12.25000000000000  
 OBS            81
       1.09607607840491
      -0.42742340680386
       1.00000000000000
 80 82 -1
obdef
loc3d
        4.94602055174578              0.68752162087271            134.15721130371091     -1
kind
     26     
    45900          153282     
       12.25000000000000  
 OBS            82
       1.16218864556093
       0.42838074805349
       1.00000000000000
 81 83 -1
obdef
loc3d
        4.94603912728501              0.67254511985829             35.00297546386719     -1
kind
     26     
    45900          153282     
       12.25000000000000  
 OBS            83
       1.74433178010768
      -0.88613373149662
       1.00000000000000
 82 84 -1
obdef
loc3d
        4.95877904994953              0.67986585977255             17.04111671447754     -1
kind
     26     
    45900          153282     
       12.25000000000000  
 OBS            84
      -3.04987494146409
       0.49430153872619
       1.00000000000000
 83 85 -1
obdef
loc3d
        4.93958042817759              0.69095160998657            226.13127136230469     -1
kind
     26     
    45900          153282     
       12.25000000000000  
 OBS            85
      -0.61008950682109
      -1.46678618045658
       1.00000000000000
 84 86 -1
obdef
loc3d
        4.95756313665553              0.69181797222864             89.84997558593750     -1
kind
     26     
    45900          153282     
       12.25000000000000  
 OBS            86
       2.59473321234242
       0.29027805172515
       1.00000000000000
 85 87 -1
obdef
loc3d
        4.94078657111844              0.67409210989409             60.81152343750000     -1
kind
     26     
    45900          153282     
       12.25000000000000  
 OBS            87
       0.81567640293135
      -0.47516490362275
       1.00000000000000
 86 88 -1
obdef
loc3d
        4.95557846691255              0.67267262139613              1.00000000000000     -1
kind
     26     
    45900          153282     
       12.25000000000000  
 OBS            88
       0.75563135106215
       0.98787359303670
       1.00000000000000
 87 89 -1
obdef
loc3d
        4.93193348448080              0.68856418981073            106.00000000000000     -1
kind
     26     
    45900          153282     
       12.25000000000000  
 OBS            89
       6.36936558483611
       1.22739599916007
       1.00000000000000
 88 90 -1
obdef
loc3d
        4.89970838141578              0.68765245249877            785.09423828125000     -1
kind
     26     
    45900          153282     
       12.25000000000000  
 OBS            90
      -0.19106663994210
      -0.90103665889571
       1.00000000000000
 89 91 -1
obdef
loc3d
        4.95026814558372              0.68993059237416             93.11567687988281     -1
kind
     26     
    45900          153282     
       12.25000000000000  
 OBS            91
      -1.27469729192811
       0.12366490081151
       1.00000000000000
 90 92 -1
obdef
loc3d
        4.94174512165160              0.68484635226999            116.56585693359381     -1
kind
     26     
    45900          153282     
       12.25000000000000  
 OBS            92
      -1.42958738317883
      -0.85001858002482
       1.00000000000000
 91 93 -1
obdef
loc3d
        4.95420735021482              0.68473663912788             15.00000000000000     -1
kind
     26     
    45900          153282     
       12.25000000000000  
 OBS            93
      -0.70442186153122
       0.54494464718290
       1.00000000000000
 92 94 -1
obdef
loc3d
        4.93477042118681              0.68310638816012            118.89588928222661     -1
kind
     26     
    45900          153282     
       12.25000000000000  
 OBS            94
      -4.04094051280471
       0.38303903781303
       1.00000000000000
 93 95 -1
obdef
loc3d
        4.93795631029682              0.68276407673392            144.94107055664060     -1
kind
     26     
    45900          153282     
       12.25000000000000  
 OBS            95
       0.90329407759565
       0.39817052011439
       1.00000000000000
 94 96 -1
obdef
loc3d
        4.94001671685736              0.68064929967652             43.67281723022461     -1
kind
     26     
    45900          153282     
       12.25000000000000  
 OBS            96
      -0.59040799687669
       0.08684277926197
       1.00000000000000
 95 97 -1
obdef
loc3d
        4.94058460161740              0.67807181314514             70.17810058593750     -1
kind
     26     
    45900          153282     
       12.25000000000000  
 OBS            97
      -2.97522504720291
      -0.66068313723659
       1.00000000000000
 96 98 -1
obdef
loc3d
        4.95423295419494              0.68033176843505              3.71636104583740     -1
kind
     26     
    45900          153282     
       12.25000000000000  
 OBS            98
      -0.30409327415759
       0.04906950929256
       1.00000000000000
 97 99 -1
obdef
loc3d
        4.94926894458696              0.66642585587446             10.91526031494141     -1
kind
     26     
    45900          153282     
       12.25000000000000  
 OBS            99
       3.62520566395806
      -0.89157676013806
       1.00000000000000
 98 100 -1
obdef
loc3d
        4.96223480186848              0.66700036066835              5.00000000000000     -1
kind
     26     
    45900          153282     
       12.25000000000000  
 OBS            100
      -2.69328082550380
      -0.73503451351274
       1.00000000000000
 99 101 -1
obdef
loc3d
        4.95546148971009              0.67729393735082              6.17724800109863     -1
kind
     26     
    45900          153282     
       12.25000000000000  
 OBS            101
       3.33327355224091
       1.85875814799171
       1.00000000000000
 100 102 -1
obdef
loc3d
        4.92652723985629              0.69051382381431            146.04148864746091     -1
kind
     26     
    45900          153282     
       12.25000000000000  
 OBS            102
       2.66469825533099
      -0.95771916221378
       1.00000000000000
 101 103 -1
obdef
loc3d
        4.96366005344362              0.66920346185787              6.00000000000000     -1
kind
     26     
    45900          153282     
       12.25000000000000  
 OBS            103
      -4.31496431744696
      -1.31930536578506
       1.00000000000000
 102 104 -1
obdef
loc3d
        4.97052949833720              0.66907739847133              8.84140872955322     -1
kind
     26     
    45900          153282     
       12.25000000000000  
 OBS            104
       1.73745925674745
       1.05451513021403
       1.00000000000000
 103 105 -1
obdef
loc3d
        4.93727739535368              0.69277976810143            187.24655151367190     -1
kind
     26     
    45900          153282     
       12.25000000000000  
 OBS            105
       3.13839491372947
       0.03195729405409
       1.00000000000000
 104 106 -1
obdef
loc3d
        4.94575592838423              0.68143846111579             35.01654815673828     -1
kind
     26     
    45900          153282     
       12.25000000000000  
 OBS            106
       1.45815898856816
       1.06086888982934
       1.00000000000000
 105 107 -1
obdef
loc3d
        4.93184075890513              0.68784163962489             92.58054351806641     -1
kind
     26     
    45900          153282     
       12.25000000000000  
 OBS            107
       0.46025003209094
       0.61415312517476
       1.00000000000000
 106 108 -1
obdef
loc3d
        4.94081711590956              0.68854862967758            162.55853271484381     -1
kind
     26     
    45900          153282     
       12.25000000000000  
 OBS            108
       0.73200716497068
       0.20682103034035
       1.00000000000000
 107 109 -1
obdef
loc3d
        4.94249854456299              0.67650785339572             60.39866638183594     -1
kind
     26     
    45900          153282     
       12.25000000000000  
 OBS            109
      -1.57448914237101
       0.81399466014435
       1.00000000000000
 108 110 -1
obdef
loc3d
        4.93162931041089              0.68282844530430             93.04485321044922     -1
kind
     26     
    45900          153282     
       12.25000000000000  
 OBS            110
      -2.18850803258552
       0.68934932941153
       1.00000000000000
 109 111 -1
obdef
loc3d
        4.93293180012842              0.69147876068069            106.50605773925780     -1
kind
     26     
    45900          153282     
       12.25000000000000  
 OBS            111
       1.22116953611541
       0.00207498895004
       1.00000000000000
 110 112 -1
obdef
loc3d
        4.94231542915734              0.67925336633936             45.80761718750000     -1
kind
     26     
    45900          153282     
       12.25000000000000  
 OBS            112
       1.48384047608802
       0.64073686924925
       1.00000000000000
 111 113 -1
obdef
loc3d
        4.94267046375275              0.67009027494016             28.73577499389648     -1
kind
     26     
    45900          153282     
       12.25000000000000  
 OBS            113
      -2.39385776643128
      -0.26893244048648
       1.00000000000000
 112 114 -1
obdef
loc3d
        4.95301390972552              0.69283749825579             93.74549102783203     -1
kind
     26     
    45900          153282     
       12.25000000000000  
 OBS            114
       0.13885691586590
       0.33425170164786
       1.00000000000000
 113 115 -1
obdef
loc3d
        4.93993476658470              0.67588412939320             29.35707092285156     -1
kind
     26     
    45900          153282     
       12.25000000000000  
 OBS            115
      -1.19448270265970
       0.82168463828457
       1.00000000000000
 114 116 -1
obdef
loc3d
        4.93755681423869              0.67212761520231             23.80049896240234     -1
kind
     26     
    45900          153282     
       12.25000000000000  
 OBS            116
      -5.01461951759392
       1.23604223559703
       1.00000000000000
 115 117 -1
obdef
loc3d
        4.93524778363115              0.68687961042640            201.53530883789060     -1
kind
     26     
    45900          153282     
       12.25000000000000  
 OBS            117
       2.14859259600859
      -0.31514837888456
       1.00000000000000
 116 118 -1
obdef
loc3d
        4.94487715611266              0.69284945127485            184.54177856445310     -1
kind
     26     
    45900          153282     
       12.25000000000000  
 OBS            118
      -1.14814213951677
       0.22778233047765
       1.00000000000000
 117 119 -1
obdef
loc3d
        4.93574679201688              0.68074234291388             92.12267303466797     -1
kind
     26     
    45900          153282     
       12.25000000000000  
 OBS            119
       1.58352018558633
       0.67586970747430
       1.00000000000000
 118 120 -1
obdef
loc3d
        4.93948311897746              0.68677523412020            143.54531860351560     -1
kind
     26     
    45900          153282     
       12.25000000000000  
 OBS            120
       7.92962857215883
       0.80353841766719
       1.00000000000000
 119 121 -1
obdef
loc3d
        4.93535147134114              0.68874818734546            154.91955566406250     -1
kind
     26     
    45900          153282     
       12.25000000000000  
 OBS            121
       4.77078981577506
       0.70243984223576
       1.00000000000000
 120 122 -1
obdef
loc3d
        4.93998720508067              0.67099618858999             15.00000000000000     -1
kind
     26     
    45900          153282     
       12.25000000000000  
 OBS            122
      -0.18385281484049
      -0.07021959433655
       1.00000000000000
 121 123 -1
obdef
loc3d
        4.95377154670010              0.68841616298427              1.00000000000000     -1
kind
     26     
    45900          153282     
       12.25000000000000  
 OBS            123
       5.77655979538750
       0.18849789712258
       1.00000000000000
 122 124 -1
obdef
loc3d
        4.94369600674710              0.67424831199146             56.55799865722656     -1
kind
     26     
    45900          153282     
       12.25000000000000  
 OBS            124
      -2.92867219246068
       0.01398975600524
       1.00000000000000
 123 125 -1
obdef
loc3d
        4.94554915949750              0.67592825057405             27.37830162048340     -1
kind
     26     
    45900          153282     
       12.25000000000000  
 OBS            125
       6.14626835684028
       1.08604837531583
       1.00000000000000
 124 126 -1
obdef
loc3d
        4.93817225910204              0.68863985936718            220.11502075195310     -1
kind
     26     
    45900          153282     
       12.25000000000000  
 OBS            126
       3.50236994868444
       0.15984749456581
       1.00000000000000
 125 127 -1
obdef
loc3d
        4.94679227765370              0.67424304503817             25.38815879821777     -1
kind
     26     
    45900          153282     
       12.25000000000000  
 OBS            127
      -0.29492817413549
       0.50389392757300
       1.00000000000000
 126 128 -1
obdef
loc3d
        4.93825175772606              0.67415674930066             45.00000000000000     -1
kind
     26     
    45900          153282     
       12.25000000000000  
 OBS            128
      -3.53555932257921
       0.10972896966726
       1.00000000000000
 127 129 -1
obdef
loc3d
        4.94311892630401              0.68721450203000            155.69055175781250     -1
kind
     26     
    45900          153282     
       12.25000000000000  
 OBS            129
      -1.44395242211822
       0.06639488142155
       1.00000000000000
 128 130 -1
obdef
loc3d
        4.94449382724881              0.67792071808206             14.15527343750000     -1
kind
     26     
    45900          153282     
       12.25000000000000  
 OBS            130
      -5.74826311231153
       0.54823523895337
       1.00000000000000
 129 131 -1
obdef
loc3d
        4.94565692959859              0.66987151098961             30.00000000000000     -1
kind
     26     
    45900          153282     
       12.25000000000000  
 OBS            131
       2.11054072916983
       0.98543390828541
       1.00000000000000
 130 132 -1
obdef
loc3d
        4.93623940611723              0.68485115788194            160.48159790039060     -1
kind
     26     
    45900          153282     
       12.25000000000000  
 OBS            132
      -0.37475313032712
       0.86149576841340
       1.00000000000000
 131 133 -1
obdef
loc3d
        4.93207688179052              0.69191340558627            266.88421630859381     -1
kind
     26     
    45900          153282     
       12.25000000000000  
 OBS            133
       1.98335066720004
       0.28117608588037
       1.00000000000000
 132 134 -1
obdef
loc3d
        4.94337184525690              0.69048472086632            168.92642211914060     -1
kind
     26     
    45900          153282     
       12.25000000000000  
 OBS            134
       1.72923259328935
       1.53823631352188
       1.00000000000000
 133 135 -1
obdef
loc3d
        4.93083275656657              0.69156409584246            530.37139892578125     -1
kind
     26     
    45900          153282     
       12.25000000000000  
 OBS            135
       2.85460690166397
       0.96318464006593
       1.00000000000000
 134 136 -1
obdef
loc3d
        4.93576715774405              0.67026358084744             15.00000000000000     -1
kind
     26     
    45900          153282     
       12.25000000000000  
 OBS            136
       5.35228001542912
      -0.13008642513228
       1.00000000000000
 135 137 -1
obdef
loc3d
        4.94676264345478              0.69035499858378            170.37097167968750     -1
kind
     26     
    45900          153282     
       12.25000000000000  
 OBS            137
      -0.13896092290286
       0.42941874682864
       1.00000000000000
 136 138 -1
obdef
loc3d
        4.94046883892718              0.69230960363225            232.29916381835940     -1
kind
     26     
    45900          153282     
       12.25000000000000  
 OBS            138
       2.36451242652799
       0.42260960484612
       1.00000000000000
 137 139 -1
obdef
loc3d
        4.94668005348904              0.66792517272334             30.00000000000000     -1
kind
     26     
    45900          153282     
       12.25000000000000  
 OBS            139
       1.69412617423949
       1.32159958239642
       1.00000000000000
 138 140 -1
obdef
loc3d
        4.93142664351951              0.69067116425814            352.18109130859381     -1
kind
     26     
    45900          153282     
       12.25000000000000  
 OBS            140
       1.85510648484505
       1.18080337506383
       1.00000000000000
 139 141 -1
obdef
loc3d
        4.93315860158957              0.69236546390432            148.09797668457031     -1
kind
     26     
    45900          153282     
       12.25000000000000  
 OBS            141
      -0.09502985237085
       0.02515084173618
       1.00000000000000
 140 142 -1
obdef
loc3d
        4.94330474517536              0.68101851702487             28.94674682617188     -1
kind
     26     
    45900          153282     
       12.25000000000000  
 OBS            142
       0.89570635920867
       0.58046879415186
       1.00000000000000
 141 143 -1
obdef
loc3d
        4.93900329796962              0.68465687192145            135.10733032226560     -1
kind
     26     
    45900          153282     
       12.25000000000000  
 OBS            143
      -3.14699278945269
       0.30117409696579
       1.00000000000000
 142 144 -1
obdef
loc3d
        4.94044166392076              0.68262352587105            131.77731323242190     -1
kind
     26     
    45900          153282     
       12.25000000000000  
 OBS            144
       1.07874808673142
       1.86466998405427
       1.00000000000000
 143 145 -1
obdef
loc3d
        4.92619210793233              0.68978851614430            140.91706848144531     -1
kind
     26     
    45900          153282     
       12.25000000000000  
 OBS            145
       2.46078512154504
       0.03942371204812
       1.00000000000000
 144 146 -1
obdef
loc3d
        4.94963312081941              0.66996996266355             29.99300956726074     -1
kind
     26     
    45900          153282     
       12.25000000000000  
 OBS            146
       1.38484743999381
       2.25259651896633
       1.00000000000000
 145 147 -1
obdef
loc3d
        4.92700392971737              0.68887132383449            128.38885498046881     -1
kind
     26     
    45900          153282     
       12.25000000000000  
 OBS            147
      -0.93856857400606
       0.62668444592598
       1.00000000000000
 146 148 -1
obdef
loc3d
        4.94246333188258              0.67229541033138             45.31371688842773     -1
kind
     26     
    45900          153282     
       12.25000000000000  
 OBS            148
      -2.24947189534864
       0.36950216417983
       1.00000000000000
 147 149 -1
obdef
loc3d
        4.94297820410103              0.68302629331082             53.72113800048828     -1
kind
     26     
    45900          153282     
       12.25000000000000  
 OBS            149
      -0.80490602074973
      -0.05939821131326
       1.00000000000000
 148 150 -1
obdef
loc3d
        4.94625467437127              0.67931016686449             42.11843872070312     -1
kind
     26     
    45900          153282     
       12.25000000000000  
 OBS            150
       0.56491921276949
       0.71839583365990
       1.00000000000000
 149 151 -1
obdef
loc3d
        4.93718236751881              0.69150375136553            153.15858459472659     -1
kind
     26     
    45900          153282     
       12.25000000000000  
 OBS            151
     297.47555803626574
     294.90123718664103
       1.00000000000000
 150 152 -1
obdef
loc3d
        4.90540352515539              0.69194112440599            606.33142089843750     -1
kind
     27     
    45900          153282     
        6.25000000000000  
 OBS            152
     297.04223047207546
     297.74687162584502
       1.00000000000000
 151 153 -1
obdef
loc3d
        4.94546412681761              0.68348353984884             17.75631332397461     -1
kind
     27     
    45900          153282     
        6.25000000000000  
 OBS            153
     298.99408511730070
     298.55134656958597
       1.00000000000000
 152 154 -1
obdef
loc3d
        4.94660974174000              0.67744857875853             29.35406684875488     -1
kind
     27     
    45900          153282     
        6.25000000000000  
 OBS            154
     297.54126078850771
     297.62284077707000
       1.00000000000000
 153 155 -1
obdef
loc3d
        4.94648126630843              0.68652865419204             54.82812500000000     -1
kind
     27     
    45900          153282     
        6.25000000000000  
 OBS            155
     299.07598355683865
     298.15966947719301
       1.00000000000000
 154 156 -1
obdef
loc3d
        4.94445426011379              0.68507566758975             62.61011505126953     -1
kind
     27     
    45900          153282     
        6.25000000000000  
 OBS            156
     297.59676306701022
     297.00108837087100
       1.00000000000000
 155 157 -1
obdef
loc3d
        4.94602055174578              0.68752162087271            134.15721130371091     -1
kind
     27     
    45900          153282     
        6.25000000000000  
 OBS            157
     297.19777067990105
     298.43626622853401
       1.00000000000000
 156 158 -1
obdef
loc3d
        4.94603912728501              0.67254511985829             35.00297546386719     -1
kind
     27     
    45900          153282     
        6.25000000000000  
 OBS            158
     299.41547388995667
     298.46235519375500
       1.00000000000000
 157 159 -1
obdef
loc3d
        4.95877904994953              0.67986585977255             17.04111671447754     -1
kind
     27     
    45900          153282     
        6.25000000000000  
 OBS            159
     296.30846905627698
     296.87406743438902
       1.00000000000000
 158 160 -1
obdef
loc3d
        4.93958042817759              0.69095160998657            226.13127136230469     -1
kind
     27     
    45900          153282     
        6.25000000000000  
 OBS            160
     298.54661059465008
     296.73732459142400
       1.00000000000000
 159 161 -1
obdef
loc3d
        4.95756313665553              0.69181797222864             89.84997558593750     -1
kind
     27     
    45900          153282     
        6.25000000000000  
 OBS            161
     296.90203190930492
     298.62583068918400
       1.00000000000000
 160 162 -1
obdef
loc3d
        4.94078657111844              0.67409210989409             60.81152343750000     -1
kind
     27     
    45900          153282     
        6.25000000000000  
 OBS            162
     298.61574145521382
     299.80530704226402
       1.00000000000000
 161 163 -1
obdef
loc3d
        4.95557846691255              0.67267262139613              1.00000000000000     -1
kind
     27     
    45900          153282     
        6.25000000000000  
 OBS            163
     295.44058972180665
     295.93547869783902
       1.00000000000000
 162 164 -1
obdef
loc3d
        4.93193348448080              0.68856418981073            106.00000000000000     -1
kind
     27     
    45900          153282     
        6.25000000000000  
 OBS            164
     292.73235642196209
     292.46714868442001
       1.00000000000000
 163 165 -1
obdef
loc3d
        4.89970838141578              0.68765245249877            785.09423828125000     -1
kind
     27     
    45900          153282     
        6.25000000000000  
 OBS            165
     294.20662280420106
     295.70240288066702
       1.00000000000000
 164 166 -1
obdef
loc3d
        4.95026814558372              0.68993059237416             93.11567687988281     -1
kind
     27     
    45900          153282     
        6.25000000000000  
 OBS            166
     296.57282441473990
     297.17669652109402
       1.00000000000000
 165 167 -1
obdef
loc3d
        4.94174512165160              0.68484635226999            116.56585693359381     -1
kind
     27     
    45900          153282     
        6.25000000000000  
 OBS            167
     297.80617793200969
     297.92648316601998
       1.00000000000000
 166 168 -1
obdef
loc3d
        4.95420735021482              0.68473663912788             15.00000000000000     -1
kind
     27     
    45900          153282     
        6.25000000000000  
 OBS            168
     298.14871573078312
     296.95026426243300
       1.00000000000000
 167 169 -1
obdef
loc3d
        4.93477042118681              0.68310638816012            118.89588928222661     -1
kind
     27     
    45900          153282     
        6.25000000000000  
 OBS            169
     295.38200560637819
     296.84928524154401
       1.00000000000000
 168 170 -1
obdef
loc3d
        4.93795631029682              0.68276407673392            144.94107055664060     -1
kind
     27     
    45900          153282     
        6.25000000000000  
 OBS            170
     298.67802988086885
     297.77174985208399
       1.00000000000000
 169 171 -1
obdef
loc3d
        4.94001671685736              0.68064929967652             43.67281723022461     -1
kind
     27     
    45900          153282     
        6.25000000000000  
 OBS            171
     295.94647752191446
     298.28995616916001
       1.00000000000000
 170 172 -1
obdef
loc3d
        4.94058460161740              0.67807181314514             70.17810058593750     -1
kind
     27     
    45900          153282     
        6.25000000000000  
 OBS            172
     296.95015202049461
     298.76205321931297
       1.00000000000000
 171 173 -1
obdef
loc3d
        4.95423295419494              0.68033176843505              3.71636104583740     -1
kind
     27     
    45900          153282     
        6.25000000000000  
 OBS            173
     298.45246201235597
     299.38542055821398
       1.00000000000000
 172 174 -1
obdef
loc3d
        4.94926894458696              0.66642585587446             10.91526031494141     -1
kind
     27     
    45900          153282     
        6.25000000000000  
 OBS            174
     298.93657212416133
     300.16651662232300
       1.00000000000000
 173 175 -1
obdef
loc3d
        4.96223480186848              0.66700036066835              5.00000000000000     -1
kind
     27     
    45900          153282     
        6.25000000000000  
 OBS            175
     299.42108012749600
     298.99963473071000
       1.00000000000000
 174 176 -1
obdef
loc3d
        4.95546148971009              0.67729393735082              6.17724800109863     -1
kind
     27     
    45900          153282     
        6.25000000000000  
 OBS            176
     294.20581124715892
     295.04280519290700
       1.00000000000000
 175 177 -1
obdef
loc3d
        4.92652723985629              0.69051382381431            146.04148864746091     -1
kind
     27     
    45900          153282     
        6.25000000000000  
 OBS            177
     298.65595677340735
     299.56705935644999
       1.00000000000000
 176 178 -1
obdef
loc3d
        4.96366005344362              0.66920346185787              6.00000000000000     -1
kind
     27     
    45900          153282     
        6.25000000000000  
 OBS            178
     299.56546544225120
     299.09232351670801
       1.00000000000000
 177 179 -1
obdef
loc3d
        4.97052949833720              0.66907739847133              8.84140872955322     -1
kind
     27     
    45900          153282     
        6.25000000000000  
 OBS            179
     297.80356556370418
     295.61016031639201
       1.00000000000000
 178 180 -1
obdef
loc3d
        4.93727739535368              0.69277976810143            187.24655151367190     -1
kind
     27     
    45900          153282     
        6.25000000000000  
 OBS            180
     298.36868845151736
     298.09643152976298
       1.00000000000000
 179 181 -1
obdef
loc3d
        4.94575592838423              0.68143846111579             35.01654815673828     -1
kind
     27     
    45900          153282     
        6.25000000000000  
 OBS            181
     297.64154127889691
     296.07154665464202
       1.00000000000000
 180 182 -1
obdef
loc3d
        4.93184075890513              0.68784163962489             92.58054351806641     -1
kind
     27     
    45900          153282     
        6.25000000000000  
 OBS            182
     295.63443029946626
     296.51621475741098
       1.00000000000000
 181 183 -1
obdef
loc3d
        4.94081711590956              0.68854862967758            162.55853271484381     -1
kind
     27     
    45900          153282     
        6.25000000000000  
 OBS            183
     299.76819401782473
     298.54976623138998
       1.00000000000000
 182 184 -1
obdef
loc3d
        4.94249854456299              0.67650785339572             60.39866638183594     -1
kind
     27     
    45900          153282     
        6.25000000000000  
 OBS            184
     296.35209996085479
     296.07960922381397
       1.00000000000000
 183 185 -1
obdef
loc3d
        4.93162931041089              0.68282844530430             93.04485321044922     -1
kind
     27     
    45900          153282     
        6.25000000000000  
 OBS            185
     294.90412355766000
     295.04840699098497
       1.00000000000000
 184 186 -1
obdef
loc3d
        4.93293180012842              0.69147876068069            106.50605773925780     -1
kind
     27     
    45900          153282     
        6.25000000000000  
 OBS            186
     296.55844966335894
     298.11536352910798
       1.00000000000000
 185 187 -1
obdef
loc3d
        4.94231542915734              0.67925336633936             45.80761718750000     -1
kind
     27     
    45900          153282     
        6.25000000000000  
 OBS            187
     297.65272062937333
     298.62103326362001
       1.00000000000000
 186 188 -1
obdef
loc3d
        4.94267046375275              0.67009027494016             28.73577499389648     -1
kind
     27     
    45900          153282     
        6.25000000000000  
 OBS            188
     294.92506939435333
     296.26466840403998
       1.00000000000000
 187 189 -1
obdef
loc3d
        4.95301390972552              0.69283749825579             93.74549102783203     -1
kind
     27     
    45900          153282     
        6.25000000000000  
 OBS            189
     299.01570033105025
     298.27855714019103
       1.00000000000000
 188 190 -1
obdef
loc3d
        4.93993476658470              0.67588412939320             29.35707092285156     -1
kind
     27     
    45900          153282     
        6.25000000000000  
 OBS            190
     297.54058932780862
     298.51377259049099
       1.00000000000000
 189 191 -1
obdef
loc3d
        4.93755681423869              0.67212761520231             23.80049896240234     -1
kind
     27     
    45900          153282     
        6.25000000000000  
 OBS            191
     295.59816421343828
     297.07171042139203
       1.00000000000000
 190 192 -1
obdef
loc3d
        4.93524778363115              0.68687961042640            201.53530883789060     -1
kind
     27     
    45900          153282     
        6.25000000000000  
 OBS            192
     295.39156497847142
     296.61296659475602
       1.00000000000000
 191 193 -1
obdef
loc3d
        4.94487715611266              0.69284945127485            184.54177856445310     -1
kind
     27     
    45900          153282     
        6.25000000000000  
 OBS            193
     298.67842616290415
     297.49276727866300
       1.00000000000000
 192 194 -1
obdef
loc3d
        4.93574679201688              0.68074234291388             92.12267303466797     -1
kind
     27     
    45900          153282     
        6.25000000000000  
 OBS            194
     297.15931748751359
     296.91085244741299
       1.00000000000000
 193 195 -1
obdef
loc3d
        4.93948311897746              0.68677523412020            143.54531860351560     -1
kind
     27     
    45900          153282     
        6.25000000000000  
 OBS            195
     297.36104930033287
     296.56289001459601
       1.00000000000000
 194 196 -1
obdef
loc3d
        4.93535147134114              0.68874818734546            154.91955566406250     -1
kind
     27     
    45900          153282     
        6.25000000000000  
 OBS            196
     298.83862109517270
     298.87103291897199
       1.00000000000000
 195 197 -1
obdef
loc3d
        4.93998720508067              0.67099618858999             15.00000000000000     -1
kind
     27     
    45900          153282     
        6.25000000000000  
 OBS            197
     296.90928635401752
     296.27480231827002
       1.00000000000000
 196 198 -1
obdef
loc3d
        4.95377154670010              0.68841616298427              1.00000000000000     -1
kind
     27     
    45900          153282     
        6.25000000000000  
 OBS            198
     298.91443661013852
     298.63463739651598
       1.00000000000000
 197 199 -1
obdef
loc3d
        4.94369600674710              0.67424831199146             56.55799865722656     -1
kind
     27     
    45900          153282     
        6.25000000000000  
 OBS            199
     301.34553416385489
     298.28468212627399
       1.00000000000000
 198 200 -1
obdef
loc3d
        4.94554915949750              0.67592825057405             27.37830162048340     -1
kind
     27     
    45900          153282     
        6.25000000000000  
 OBS            200
     296.24333148166369
     297.21537906208698
       1.00000000000000
 199 201 -1
obdef
loc3d
        4.93817225910204              0.68863985936718            220.11502075195310     -1
kind
     27     
    45900          153282     
        6.25000000000000  
 OBS            201
     296.86194268141031
     298.48193892787600
       1.00000000000000
 200 202 -1
obdef
loc3d
        4.94679227765370              0.67424304503817             25.38815879821777     -1
kind
     27     
    45900          153282     
        6.25000000000000  
 OBS            202
     299.40175609795727
     298.54724670383899
       1.00000000000000
 201 203 -1
obdef
loc3d
        4.93825175772606              0.67415674930066             45.00000000000000     -1
kind
     27     
    45900          153282     
        6.25000000000000  
 OBS            203
     296.95376223119996
     297.10178022236499
       1.00000000000000
 202 204 -1
obdef
loc3d
        4.94311892630401              0.68721450203000            155.69055175781250     -1
kind
     27     
    45900          153282     
        6.25000000000000  
 OBS            204
     299.33848962974366
     298.16830861374098
       1.00000000000000
 203 205 -1
obdef
loc3d
        4.94449382724881              0.67792071808206             14.15527343750000     -1
kind
     27     
    45900          153282     
        6.25000000000000  
 OBS            205
     300.13490484296273
     298.82751239091402
       1.00000000000000
 204 206 -1
obdef
loc3d
        4.94565692959859              0.66987151098961             30.00000000000000     -1
kind
     27     
    45900          153282     
        6.25000000000000  
 OBS            206
     296.49790356404316
     296.49540398045701
       1.00000000000000
 205 207 -1
obdef
loc3d
        4.93623940611723              0.68485115788194            160.48159790039060     -1
kind
     27     
    45900          153282     
        6.25000000000000  
 OBS            207
     296.04247521591924
     295.90848268176899
       1.00000000000000
 206 208 -1
obdef
loc3d
        4.93207688179052              0.69191340558627            266.88421630859381     -1
kind
     27     
    45900          153282     
        6.25000000000000  
 OBS            208
     295.95617861312456
     296.64687517396101
       1.00000000000000
 207 209 -1
obdef
loc3d
        4.94337184525690              0.69048472086632            168.92642211914060     -1
kind
     27     
    45900          153282     
        6.25000000000000  
 OBS            209
     297.11844398874274
     295.42292786613700
       1.00000000000000
 208 210 -1
obdef
loc3d
        4.93083275656657              0.69156409584246            530.37139892578125     -1
kind
     27     
    45900          153282     
        6.25000000000000  
 OBS            210
     298.49492110487643
     298.97638385353702
       1.00000000000000
 209 211 -1
obdef
loc3d
        4.93576715774405              0.67026358084744             15.00000000000000     -1
kind
     27     
    45900          153282     
        6.25000000000000  
 OBS            211
     295.35822230167491
     295.90840117317202
       1.00000000000000
 210 212 -1
obdef
loc3d
        4.94676264345478              0.69035499858378            170.37097167968750     -1
kind
     27     
    45900          153282     
        6.25000000000000  
 OBS            212
     295.85203202998184
     296.16531017736600
       1.00000000000000
 211 213 -1
obdef
loc3d
        4.94046883892718              0.69230960363225            232.29916381835940     -1
kind
     27     
    45900          153282     
        6.25000000000000  
 OBS            213
     298.92905869612827
     298.96883524098502
       1.00000000000000
 212 214 -1
obdef
loc3d
        4.94668005348904              0.66792517272334             30.00000000000000     -1
kind
     27     
    45900          153282     
        6.25000000000000  
 OBS            214
     293.49856780818703
     295.84663724182099
       1.00000000000000
 213 215 -1
obdef
loc3d
        4.93142664351951              0.69067116425814            352.18109130859381     -1
kind
     27     
    45900          153282     
        6.25000000000000  
 OBS            215
     295.72830823979967
     295.38191964081301
       1.00000000000000
 214 216 -1
obdef
loc3d
        4.93315860158957              0.69236546390432            148.09797668457031     -1
kind
     27     
    45900          153282     
        6.25000000000000  
 OBS            216
     299.38005714772896
     298.16212369790702
       1.00000000000000
 215 217 -1
obdef
loc3d
        4.94330474517536              0.68101851702487             28.94674682617188     -1
kind
     27     
    45900          153282     
        6.25000000000000  
 OBS            217
     296.54337204263800
     296.39966705831699
       1.00000000000000
 216 218 -1
obdef
loc3d
        4.93900329796962              0.68465687192145            135.10733032226560     -1
kind
     27     
    45900          153282     
        6.25000000000000  
 OBS            218
     298.35008213866604
     297.94793746160502
       1.00000000000000
 217 219 -1
obdef
loc3d
        4.94044166392076              0.68262352587105            131.77731323242190     -1
kind
     27     
    45900          153282     
        6.25000000000000  
 OBS            219
     296.03031809177730
     294.86803491746400
       1.00000000000000
 218 220 -1
obdef
loc3d
        4.92619210793233              0.68978851614430            140.91706848144531     -1
kind
     27     
    45900          153282     
        6.25000000000000  
 OBS            220
     298.85510226088365
     299.47823967265998
       1.00000000000000
 219 221 -1
obdef
loc3d
        4.94963312081941              0.66996996266355             29.99300956726074     -1
kind
     27     
    45900          153282     
        6.25000000000000  
 OBS            221
     293.75594364344943
     295.63978146882300
       1.00000000000000
 220 222 -1
obdef
loc3d
        4.92700392971737              0.68887132383449            128.38885498046881     -1
kind
     27     
    45900          153282     
        6.25000000000000  
 OBS            222
     297.68358138108852
     298.60979504421903
       1.00000000000000
 221 223 -1
obdef
loc3d
        4.94246333188258              0.67229541033138             45.31371688842773     -1
kind
     27     
    45900          153282     
        6.25000000000000  
 OBS            223
     298.02237557549336
     297.93293441627497
       1.00000000000000
 222 224 -1
obdef
loc3d
        4.94297820410103              0.68302629331082             53.72113800048828     -1
kind
     27     
    45900          153282     
        6.25000000000000  
 OBS            224
     299.38580036997286
     298.26082547124702
       1.00000000000000
 223 225 -1
obdef
loc3d
        4.94625467437127              0.67931016686449             42.11843872070312     -1
kind
     27     
    45900          153282     
        6.25000000000000  
 OBS            225
     296.45703956928162
     296.19747046995502
       1.00000000000000
 224 -1 -1
obdef
loc3d
        4.93718236751881              0.69150375136553            153.15858459472659     -1
kind
     27     
    45900          153282     
        6.25000000000000  
