 obs_sequence
obs_kind_definitions
       3
    25          LAND_SFC_U_WIND_COMPONENT   
    26          LAND_SFC_V_WIND_COMPONENT   
    27          LAND_SFC_TEMPERATURE   
  num_copies:            2  num_qc:            1
 num_obs:       225  max_num_obs:       225
observations
truth
QC radar
  first:            1  last:       225
 OBS            1
      10.15748625194708
       5.85386173780906
       1.00000000000000
 -1 2 -1
obdef
loc3d
        4.90540352515539              0.69194112440599            606.33142089843750     -1
kind
     25     
    78300          153282     
       12.25000000000000  
 OBS            2
      -2.56249691201042
       0.55354636993918
       1.00000000000000
 1 3 -1
obdef
loc3d
        4.94546412681761              0.68348353984884             17.75631332397461     -1
kind
     25     
    78300          153282     
       12.25000000000000  
 OBS            3
       0.01995899952171
       0.99651936929635
       1.00000000000000
 2 4 -1
obdef
loc3d
        4.94660974174000              0.67744857875853             29.35406684875488     -1
kind
     25     
    78300          153282     
       12.25000000000000  
 OBS            4
      -2.68289785514998
       0.69169500306032
       1.00000000000000
 3 5 -1
obdef
loc3d
        4.94648126630843              0.68652865419204             54.82812500000000     -1
kind
     25     
    78300          153282     
       12.25000000000000  
 OBS            5
       2.93677689629835
       0.97859507572649
       1.00000000000000
 4 6 -1
obdef
loc3d
        4.94445426011379              0.68507566758975             62.61011505126953     -1
kind
     25     
    78300          153282     
       12.25000000000000  
 OBS            6
      -1.69282210902550
       0.68761529876098
       1.00000000000000
 5 7 -1
obdef
loc3d
        4.94602055174578              0.68752162087271            134.15721130371091     -1
kind
     25     
    78300          153282     
       12.25000000000000  
 OBS            7
       2.96518632104529
       2.27971101754081
       1.00000000000000
 6 8 -1
obdef
loc3d
        4.94603912728501              0.67254511985829             35.00297546386719     -1
kind
     25     
    78300          153282     
       12.25000000000000  
 OBS            8
      -4.41173315882210
      -0.09933458073227
       1.00000000000000
 7 9 -1
obdef
loc3d
        4.95877904994953              0.67986585977255             17.04111671447754     -1
kind
     25     
    78300          153282     
       12.25000000000000  
 OBS            9
      -2.28137580520453
      -0.46951916009747
       1.00000000000000
 8 10 -1
obdef
loc3d
        4.93958042817759              0.69095160998657            226.13127136230469     -1
kind
     25     
    78300          153282     
       12.25000000000000  
 OBS            10
       1.98431260128928
       0.88101164107823
       1.00000000000000
 9 11 -1
obdef
loc3d
        4.95756313665553              0.69181797222864             89.84997558593750     -1
kind
     25     
    78300          153282     
       12.25000000000000  
 OBS            11
       4.25598028176154
       1.79629671062344
       1.00000000000000
 10 12 -1
obdef
loc3d
        4.94078657111844              0.67409210989409             60.81152343750000     -1
kind
     25     
    78300          153282     
       12.25000000000000  
 OBS            12
      -4.31728005746772
       0.79116714729112
       1.00000000000000
 11 13 -1
obdef
loc3d
        4.95557846691255              0.67267262139613              1.00000000000000     -1
kind
     25     
    78300          153282     
       12.25000000000000  
 OBS            13
       3.48886945893096
      -0.84800144777602
       1.00000000000000
 12 14 -1
obdef
loc3d
        4.93193348448080              0.68856418981073            106.00000000000000     -1
kind
     25     
    78300          153282     
       12.25000000000000  
 OBS            14
       7.97869158296345
       5.66498020707743
       1.00000000000000
 13 15 -1
obdef
loc3d
        4.89970838141578              0.68765245249877            785.09423828125000     -1
kind
     25     
    78300          153282     
       12.25000000000000  
 OBS            15
       5.65250703447904
      -0.32449572708561
       1.00000000000000
 14 16 -1
obdef
loc3d
        4.95026814558372              0.68993059237416             93.11567687988281     -1
kind
     25     
    78300          153282     
       12.25000000000000  
 OBS            16
       4.99679895212515
       1.03928230976972
       1.00000000000000
 15 17 -1
obdef
loc3d
        4.94174512165160              0.68484635226999            116.56585693359381     -1
kind
     25     
    78300          153282     
       12.25000000000000  
 OBS            17
       3.80121371868697
       0.45274088159129
       1.00000000000000
 16 18 -1
obdef
loc3d
        4.95420735021482              0.68473663912788             15.00000000000000     -1
kind
     25     
    78300          153282     
       12.25000000000000  
 OBS            18
       2.77649599227837
      -0.42021537995904
       1.00000000000000
 17 19 -1
obdef
loc3d
        4.93477042118681              0.68310638816012            118.89588928222661     -1
kind
     25     
    78300          153282     
       12.25000000000000  
 OBS            19
       1.06305501680711
      -0.11672534142129
       1.00000000000000
 18 20 -1
obdef
loc3d
        4.93795631029682              0.68276407673392            144.94107055664060     -1
kind
     25     
    78300          153282     
       12.25000000000000  
 OBS            20
       0.83027591609457
       0.46422807619429
       1.00000000000000
 19 21 -1
obdef
loc3d
        4.94001671685736              0.68064929967652             43.67281723022461     -1
kind
     25     
    78300          153282     
       12.25000000000000  
 OBS            21
       4.41519472683358
       1.52966214785171
       1.00000000000000
 20 22 -1
obdef
loc3d
        4.94058460161740              0.67807181314514             70.17810058593750     -1
kind
     25     
    78300          153282     
       12.25000000000000  
 OBS            22
       4.70934085025200
       0.68007992144260
       1.00000000000000
 21 23 -1
obdef
loc3d
        4.95423295419494              0.68033176843505              3.71636104583740     -1
kind
     25     
    78300          153282     
       12.25000000000000  
 OBS            23
       1.21558026077999
       1.16026046494288
       1.00000000000000
 22 24 -1
obdef
loc3d
        4.94926894458696              0.66642585587446             10.91526031494141     -1
kind
     25     
    78300          153282     
       12.25000000000000  
 OBS            24
       6.03063154336373
       1.77819059437505
       1.00000000000000
 23 25 -1
obdef
loc3d
        4.96223480186848              0.66700036066835              5.00000000000000     -1
kind
     25     
    78300          153282     
       12.25000000000000  
 OBS            25
      -2.14564188044046
       0.51136650910293
       1.00000000000000
 24 26 -1
obdef
loc3d
        4.95546148971009              0.67729393735082              6.17724800109863     -1
kind
     25     
    78300          153282     
       12.25000000000000  
 OBS            26
       1.57897659436222
       4.50045046368219
       1.00000000000000
 25 27 -1
obdef
loc3d
        4.92652723985629              0.69051382381431            146.04148864746091     -1
kind
     25     
    78300          153282     
       12.25000000000000  
 OBS            27
       0.19859648684491
       0.99639596753579
       1.00000000000000
 26 28 -1
obdef
loc3d
        4.96366005344362              0.66920346185787              6.00000000000000     -1
kind
     25     
    78300          153282     
       12.25000000000000  
 OBS            28
      -4.02041938298347
       0.08422389536679
       1.00000000000000
 27 29 -1
obdef
loc3d
        4.97052949833720              0.66907739847133              8.84140872955322     -1
kind
     25     
    78300          153282     
       12.25000000000000  
 OBS            29
       0.39515067601242
       0.06202288450597
       1.00000000000000
 28 30 -1
obdef
loc3d
        4.93727739535368              0.69277976810143            187.24655151367190     -1
kind
     25     
    78300          153282     
       12.25000000000000  
 OBS            30
       1.13751129039703
       0.15168962161157
       1.00000000000000
 29 31 -1
obdef
loc3d
        4.94575592838423              0.68143846111579             35.01654815673828     -1
kind
     25     
    78300          153282     
       12.25000000000000  
 OBS            31
      -2.37071839171937
      -1.02037533277860
       1.00000000000000
 30 32 -1
obdef
loc3d
        4.93184075890513              0.68784163962489             92.58054351806641     -1
kind
     25     
    78300          153282     
       12.25000000000000  
 OBS            32
       1.96359869683869
      -0.10147638120205
       1.00000000000000
 31 33 -1
obdef
loc3d
        4.94081711590956              0.68854862967758            162.55853271484381     -1
kind
     25     
    78300          153282     
       12.25000000000000  
 OBS            33
       5.92063301080212
       1.80791082487373
       1.00000000000000
 32 34 -1
obdef
loc3d
        4.94249854456299              0.67650785339572             60.39866638183594     -1
kind
     25     
    78300          153282     
       12.25000000000000  
 OBS            34
       3.93823523829558
      -1.03452648087211
       1.00000000000000
 33 35 -1
obdef
loc3d
        4.93162931041089              0.68282844530430             93.04485321044922     -1
kind
     25     
    78300          153282     
       12.25000000000000  
 OBS            35
      -0.38781015152247
       0.48094379029713
       1.00000000000000
 34 36 -1
obdef
loc3d
        4.93293180012842              0.69147876068069            106.50605773925780     -1
kind
     25     
    78300          153282     
       12.25000000000000  
 OBS            36
       1.32859223260938
       0.85922487201177
       1.00000000000000
 35 37 -1
obdef
loc3d
        4.94231542915734              0.67925336633936             45.80761718750000     -1
kind
     25     
    78300          153282     
       12.25000000000000  
 OBS            37
       5.32446119074911
       2.23263954565022
       1.00000000000000
 36 38 -1
obdef
loc3d
        4.94267046375275              0.67009027494016             28.73577499389648     -1
kind
     25     
    78300          153282     
       12.25000000000000  
 OBS            38
      -0.89513546906289
      -0.42878634308540
       1.00000000000000
 37 39 -1
obdef
loc3d
        4.95301390972552              0.69283749825579             93.74549102783203     -1
kind
     25     
    78300          153282     
       12.25000000000000  
 OBS            39
      -1.74679251918490
       1.93223024635374
       1.00000000000000
 38 40 -1
obdef
loc3d
        4.93993476658470              0.67588412939320             29.35707092285156     -1
kind
     25     
    78300          153282     
       12.25000000000000  
 OBS            40
       1.21166374527689
       1.17317254484819
       1.00000000000000
 39 41 -1
obdef
loc3d
        4.93755681423869              0.67212761520231             23.80049896240234     -1
kind
     25     
    78300          153282     
       12.25000000000000  
 OBS            41
      -1.87640605692007
      -0.29671283936747
       1.00000000000000
 40 42 -1
obdef
loc3d
        4.93524778363115              0.68687961042640            201.53530883789060     -1
kind
     25     
    78300          153282     
       12.25000000000000  
 OBS            42
       5.05201273554794
       0.35984116551190
       1.00000000000000
 41 43 -1
obdef
loc3d
        4.94487715611266              0.69284945127485            184.54177856445310     -1
kind
     25     
    78300          153282     
       12.25000000000000  
 OBS            43
       4.45187793161330
       0.91291417191981
       1.00000000000000
 42 44 -1
obdef
loc3d
        4.93574679201688              0.68074234291388             92.12267303466797     -1
kind
     25     
    78300          153282     
       12.25000000000000  
 OBS            44
       2.73026644724146
       0.48766412432869
       1.00000000000000
 43 45 -1
obdef
loc3d
        4.93948311897746              0.68677523412020            143.54531860351560     -1
kind
     25     
    78300          153282     
       12.25000000000000  
 OBS            45
       4.33481461219628
      -0.42920937622609
       1.00000000000000
 44 46 -1
obdef
loc3d
        4.93535147134114              0.68874818734546            154.91955566406250     -1
kind
     25     
    78300          153282     
       12.25000000000000  
 OBS            46
       2.86254645560906
       2.39071335507205
       1.00000000000000
 45 47 -1
obdef
loc3d
        4.93998720508067              0.67099618858999             15.00000000000000     -1
kind
     25     
    78300          153282     
       12.25000000000000  
 OBS            47
       0.68933874596954
       0.04295752190543
       1.00000000000000
 46 48 -1
obdef
loc3d
        4.95377154670010              0.68841616298427              1.00000000000000     -1
kind
     25     
    78300          153282     
       12.25000000000000  
 OBS            48
       4.78142269194882
       1.58894558571504
       1.00000000000000
 47 49 -1
obdef
loc3d
        4.94369600674710              0.67424831199146             56.55799865722656     -1
kind
     25     
    78300          153282     
       12.25000000000000  
 OBS            49
       0.77875285790987
       1.01628197010101
       1.00000000000000
 48 50 -1
obdef
loc3d
        4.94554915949750              0.67592825057405             27.37830162048340     -1
kind
     25     
    78300          153282     
       12.25000000000000  
 OBS            50
      -1.17837478474579
      -0.21341241891529
       1.00000000000000
 49 51 -1
obdef
loc3d
        4.93817225910204              0.68863985936718            220.11502075195310     -1
kind
     25     
    78300          153282     
       12.25000000000000  
 OBS            51
      -1.85408529195690
       1.02194772619298
       1.00000000000000
 50 52 -1
obdef
loc3d
        4.94679227765370              0.67424304503817             25.38815879821777     -1
kind
     25     
    78300          153282     
       12.25000000000000  
 OBS            52
       1.07521862674485
       1.25532994518273
       1.00000000000000
 51 53 -1
obdef
loc3d
        4.93825175772606              0.67415674930066             45.00000000000000     -1
kind
     25     
    78300          153282     
       12.25000000000000  
 OBS            53
      -2.78482653457657
       0.30473932325017
       1.00000000000000
 52 54 -1
obdef
loc3d
        4.94311892630401              0.68721450203000            155.69055175781250     -1
kind
     25     
    78300          153282     
       12.25000000000000  
 OBS            54
      -3.10946730557313
       0.54104817522376
       1.00000000000000
 53 55 -1
obdef
loc3d
        4.94449382724881              0.67792071808206             14.15527343750000     -1
kind
     25     
    78300          153282     
       12.25000000000000  
 OBS            55
       1.48079194664298
       2.45640544326809
       1.00000000000000
 54 56 -1
obdef
loc3d
        4.94565692959859              0.66987151098961             30.00000000000000     -1
kind
     25     
    78300          153282     
       12.25000000000000  
 OBS            56
      -3.72205686894029
      -0.31660233475853
       1.00000000000000
 55 57 -1
obdef
loc3d
        4.93623940611723              0.68485115788194            160.48159790039060     -1
kind
     25     
    78300          153282     
       12.25000000000000  
 OBS            57
       5.66911898883155
       0.43471651566361
       1.00000000000000
 56 58 -1
obdef
loc3d
        4.93207688179052              0.69191340558627            266.88421630859381     -1
kind
     25     
    78300          153282     
       12.25000000000000  
 OBS            58
      -3.82812121383539
       0.16748233808283
       1.00000000000000
 57 59 -1
obdef
loc3d
        4.94337184525690              0.69048472086632            168.92642211914060     -1
kind
     25     
    78300          153282     
       12.25000000000000  
 OBS            59
       0.56492012620044
       0.56890259543603
       1.00000000000000
 58 60 -1
obdef
loc3d
        4.93083275656657              0.69156409584246            530.37139892578125     -1
kind
     25     
    78300          153282     
       12.25000000000000  
 OBS            60
       0.60437364327711
       1.94542933747485
       1.00000000000000
 59 61 -1
obdef
loc3d
        4.93576715774405              0.67026358084744             15.00000000000000     -1
kind
     25     
    78300          153282     
       12.25000000000000  
 OBS            61
      -0.79486279520387
       0.33922891440247
       1.00000000000000
 60 62 -1
obdef
loc3d
        4.94676264345478              0.69035499858378            170.37097167968750     -1
kind
     25     
    78300          153282     
       12.25000000000000  
 OBS            62
       2.44115376229437
       0.25373811656317
       1.00000000000000
 61 63 -1
obdef
loc3d
        4.94046883892718              0.69230960363225            232.29916381835940     -1
kind
     25     
    78300          153282     
       12.25000000000000  
 OBS            63
       3.60610647194301
       2.21257336922374
       1.00000000000000
 62 64 -1
obdef
loc3d
        4.94668005348904              0.66792517272334             30.00000000000000     -1
kind
     25     
    78300          153282     
       12.25000000000000  
 OBS            64
      -3.14324374765722
       0.13227746199202
       1.00000000000000
 63 65 -1
obdef
loc3d
        4.93142664351951              0.69067116425814            352.18109130859381     -1
kind
     25     
    78300          153282     
       12.25000000000000  
 OBS            65
       4.41926429887757
       1.12667092817599
       1.00000000000000
 64 66 -1
obdef
loc3d
        4.93315860158957              0.69236546390432            148.09797668457031     -1
kind
     25     
    78300          153282     
       12.25000000000000  
 OBS            66
       5.35300729440323
       1.21033277075517
       1.00000000000000
 65 67 -1
obdef
loc3d
        4.94330474517536              0.68101851702487             28.94674682617188     -1
kind
     25     
    78300          153282     
       12.25000000000000  
 OBS            67
      -4.55799013642368
       0.03401455939603
       1.00000000000000
 66 68 -1
obdef
loc3d
        4.93900329796962              0.68465687192145            135.10733032226560     -1
kind
     25     
    78300          153282     
       12.25000000000000  
 OBS            68
       4.08981983693062
       0.80437697506857
       1.00000000000000
 67 69 -1
obdef
loc3d
        4.94044166392076              0.68262352587105            131.77731323242190     -1
kind
     25     
    78300          153282     
       12.25000000000000  
 OBS            69
       6.83370070749611
       5.44101593929633
       1.00000000000000
 68 70 -1
obdef
loc3d
        4.92619210793233              0.68978851614430            140.91706848144531     -1
kind
     25     
    78300          153282     
       12.25000000000000  
 OBS            70
       5.37950522474729
       2.31891741390076
       1.00000000000000
 69 71 -1
obdef
loc3d
        4.94963312081941              0.66996996266355             29.99300956726074     -1
kind
     25     
    78300          153282     
       12.25000000000000  
 OBS            71
       6.94602703094909
       6.38499459072988
       1.00000000000000
 70 72 -1
obdef
loc3d
        4.92700392971737              0.68887132383449            128.38885498046881     -1
kind
     25     
    78300          153282     
       12.25000000000000  
 OBS            72
      -0.00685868418437
       2.33679287277962
       1.00000000000000
 71 73 -1
obdef
loc3d
        4.94246333188258              0.67229541033138             45.31371688842773     -1
kind
     25     
    78300          153282     
       12.25000000000000  
 OBS            73
      -0.24321875263457
       1.28834460752551
       1.00000000000000
 72 74 -1
obdef
loc3d
        4.94297820410103              0.68302629331082             53.72113800048828     -1
kind
     25     
    78300          153282     
       12.25000000000000  
 OBS            74
       1.07262699958906
       0.48240681435646
       1.00000000000000
 73 75 -1
obdef
loc3d
        4.94625467437127              0.67931016686449             42.11843872070312     -1
kind
     25     
    78300          153282     
       12.25000000000000  
 OBS            75
      -3.48619376438412
      -0.13331191874259
       1.00000000000000
 74 76 -1
obdef
loc3d
        4.93718236751881              0.69150375136553            153.15858459472659     -1
kind
     25     
    78300          153282     
       12.25000000000000  
 OBS            76
      -1.35701317101819
      -0.49850985485193
       1.00000000000000
 75 77 -1
obdef
loc3d
        4.90540352515539              0.69194112440599            606.33142089843750     -1
kind
     26     
    78300          153282     
       12.25000000000000  
 OBS            77
       4.12527155870637
       1.95638591089486
       1.00000000000000
 76 78 -1
obdef
loc3d
        4.94546412681761              0.68348353984884             17.75631332397461     -1
kind
     26     
    78300          153282     
       12.25000000000000  
 OBS            78
      -1.40332677828914
       2.23590342553396
       1.00000000000000
 77 79 -1
obdef
loc3d
        4.94660974174000              0.67744857875853             29.35406684875488     -1
kind
     26     
    78300          153282     
       12.25000000000000  
 OBS            79
       4.07430393217489
       2.93614708756725
       1.00000000000000
 78 80 -1
obdef
loc3d
        4.94648126630843              0.68652865419204             54.82812500000000     -1
kind
     26     
    78300          153282     
       12.25000000000000  
 OBS            80
       1.63088399020759
       3.07011002443589
       1.00000000000000
 79 81 -1
obdef
loc3d
        4.94445426011379              0.68507566758975             62.61011505126953     -1
kind
     26     
    78300          153282     
       12.25000000000000  
 OBS            81
       3.44167387440470
       3.16938688505451
       1.00000000000000
 80 82 -1
obdef
loc3d
        4.94602055174578              0.68752162087271            134.15721130371091     -1
kind
     26     
    78300          153282     
       12.25000000000000  
 OBS            82
       5.38623366906752
       2.28177460550957
       1.00000000000000
 81 83 -1
obdef
loc3d
        4.94603912728501              0.67254511985829             35.00297546386719     -1
kind
     26     
    78300          153282     
       12.25000000000000  
 OBS            83
       3.78608629766416
       3.44865089684652
       1.00000000000000
 82 84 -1
obdef
loc3d
        4.95877904994953              0.67986585977255             17.04111671447754     -1
kind
     26     
    78300          153282     
       12.25000000000000  
 OBS            84
       6.30914274830209
       2.94287782137733
       1.00000000000000
 83 85 -1
obdef
loc3d
        4.93958042817759              0.69095160998657            226.13127136230469     -1
kind
     26     
    78300          153282     
       12.25000000000000  
 OBS            85
       7.29168242501476
       2.97033916575380
       1.00000000000000
 84 86 -1
obdef
loc3d
        4.95756313665553              0.69181797222864             89.84997558593750     -1
kind
     26     
    78300          153282     
       12.25000000000000  
 OBS            86
       7.76058030257262
       3.60960234465242
       1.00000000000000
 85 87 -1
obdef
loc3d
        4.94078657111844              0.67409210989409             60.81152343750000     -1
kind
     26     
    78300          153282     
       12.25000000000000  
 OBS            87
       7.99712113820845
       4.06445311979132
       1.00000000000000
 86 88 -1
obdef
loc3d
        4.95557846691255              0.67267262139613              1.00000000000000     -1
kind
     26     
    78300          153282     
       12.25000000000000  
 OBS            88
      -3.02120984525586
       2.09681174132635
       1.00000000000000
 87 89 -1
obdef
loc3d
        4.93193348448080              0.68856418981073            106.00000000000000     -1
kind
     26     
    78300          153282     
       12.25000000000000  
 OBS            89
      -4.64896603192340
      -0.26182113383090
       1.00000000000000
 88 90 -1
obdef
loc3d
        4.89970838141578              0.68765245249877            785.09423828125000     -1
kind
     26     
    78300          153282     
       12.25000000000000  
 OBS            90
       3.24867720115168
       4.79038689625119
       1.00000000000000
 89 91 -1
obdef
loc3d
        4.95026814558372              0.68993059237416             93.11567687988281     -1
kind
     26     
    78300          153282     
       12.25000000000000  
 OBS            91
       3.50482558298229
       4.27560825945328
       1.00000000000000
 90 92 -1
obdef
loc3d
        4.94174512165160              0.68484635226999            116.56585693359381     -1
kind
     26     
    78300          153282     
       12.25000000000000  
 OBS            92
       3.74023097467790
       3.38311966872298
       1.00000000000000
 91 93 -1
obdef
loc3d
        4.95420735021482              0.68473663912788             15.00000000000000     -1
kind
     26     
    78300          153282     
       12.25000000000000  
 OBS            93
       1.06035824056942
       3.34094494795310
       1.00000000000000
 92 94 -1
obdef
loc3d
        4.93477042118681              0.68310638816012            118.89588928222661     -1
kind
     26     
    78300          153282     
       12.25000000000000  
 OBS            94
       0.91981050330095
       3.23663376782887
       1.00000000000000
 93 95 -1
obdef
loc3d
        4.93795631029682              0.68276407673392            144.94107055664060     -1
kind
     26     
    78300          153282     
       12.25000000000000  
 OBS            95
       1.68866232532002
       3.43984885312188
       1.00000000000000
 94 96 -1
obdef
loc3d
        4.94001671685736              0.68064929967652             43.67281723022461     -1
kind
     26     
    78300          153282     
       12.25000000000000  
 OBS            96
       9.84690519511722
       4.38202495326847
       1.00000000000000
 95 97 -1
obdef
loc3d
        4.94058460161740              0.67807181314514             70.17810058593750     -1
kind
     26     
    78300          153282     
       12.25000000000000  
 OBS            97
       5.29148979679870
       3.74576177600476
       1.00000000000000
 96 98 -1
obdef
loc3d
        4.95423295419494              0.68033176843505              3.71636104583740     -1
kind
     26     
    78300          153282     
       12.25000000000000  
 OBS            98
       5.49036520223652
       2.22868099078348
       1.00000000000000
 97 99 -1
obdef
loc3d
        4.94926894458696              0.66642585587446             10.91526031494141     -1
kind
     26     
    78300          153282     
       12.25000000000000  
 OBS            99
       2.05599500570065
       4.35180733186945
       1.00000000000000
 98 100 -1
obdef
loc3d
        4.96223480186848              0.66700036066835              5.00000000000000     -1
kind
     26     
    78300          153282     
       12.25000000000000  
 OBS            100
       4.60199399140703
       3.43850068466388
       1.00000000000000
 99 101 -1
obdef
loc3d
        4.95546148971009              0.67729393735082              6.17724800109863     -1
kind
     26     
    78300          153282     
       12.25000000000000  
 OBS            101
      -0.28626728404468
       0.41965282364300
       1.00000000000000
 100 102 -1
obdef
loc3d
        4.92652723985629              0.69051382381431            146.04148864746091     -1
kind
     26     
    78300          153282     
       12.25000000000000  
 OBS            102
      -1.26042110372300
       2.61681117976411
       1.00000000000000
 101 103 -1
obdef
loc3d
        4.96366005344362              0.66920346185787              6.00000000000000     -1
kind
     26     
    78300          153282     
       12.25000000000000  
 OBS            103
       3.87567902332244
       4.29011185107915
       1.00000000000000
 102 104 -1
obdef
loc3d
        4.97052949833720              0.66907739847133              8.84140872955322     -1
kind
     26     
    78300          153282     
       12.25000000000000  
 OBS            104
       3.95104827239682
       3.33351329099833
       1.00000000000000
 103 105 -1
obdef
loc3d
        4.93727739535368              0.69277976810143            187.24655151367190     -1
kind
     26     
    78300          153282     
       12.25000000000000  
 OBS            105
       8.38095555775781
       2.83146401477161
       1.00000000000000
 104 106 -1
obdef
loc3d
        4.94575592838423              0.68143846111579             35.01654815673828     -1
kind
     26     
    78300          153282     
       12.25000000000000  
 OBS            106
       4.98527711479221
       1.83467417930548
       1.00000000000000
 105 107 -1
obdef
loc3d
        4.93184075890513              0.68784163962489             92.58054351806641     -1
kind
     26     
    78300          153282     
       12.25000000000000  
 OBS            107
       0.37425117389991
       1.87157471257354
       1.00000000000000
 106 108 -1
obdef
loc3d
        4.94081711590956              0.68854862967758            162.55853271484381     -1
kind
     26     
    78300          153282     
       12.25000000000000  
 OBS            108
       1.15800397656506
       4.65114603548590
       1.00000000000000
 107 109 -1
obdef
loc3d
        4.94249854456299              0.67650785339572             60.39866638183594     -1
kind
     26     
    78300          153282     
       12.25000000000000  
 OBS            109
       0.74415257045456
       3.01105155403025
       1.00000000000000
 108 110 -1
obdef
loc3d
        4.93162931041089              0.68282844530430             93.04485321044922     -1
kind
     26     
    78300          153282     
       12.25000000000000  
 OBS            110
       2.08666280281368
       1.68875376501062
       1.00000000000000
 109 111 -1
obdef
loc3d
        4.93293180012842              0.69147876068069            106.50605773925780     -1
kind
     26     
    78300          153282     
       12.25000000000000  
 OBS            111
       4.42988276724345
       3.79076313305181
       1.00000000000000
 110 112 -1
obdef
loc3d
        4.94231542915734              0.67925336633936             45.80761718750000     -1
kind
     26     
    78300          153282     
       12.25000000000000  
 OBS            112
       0.79025009782437
       2.12561866098424
       1.00000000000000
 111 113 -1
obdef
loc3d
        4.94267046375275              0.67009027494016             28.73577499389648     -1
kind
     26     
    78300          153282     
       12.25000000000000  
 OBS            113
       4.08340773950898
       3.16931200878498
       1.00000000000000
 112 114 -1
obdef
loc3d
        4.95301390972552              0.69283749825579             93.74549102783203     -1
kind
     26     
    78300          153282     
       12.25000000000000  
 OBS            114
       0.31442141005293
       3.89251797730242
       1.00000000000000
 113 115 -1
obdef
loc3d
        4.93993476658470              0.67588412939320             29.35707092285156     -1
kind
     26     
    78300          153282     
       12.25000000000000  
 OBS            115
       4.87457635416369
       3.30162174662942
       1.00000000000000
 114 116 -1
obdef
loc3d
        4.93755681423869              0.67212761520231             23.80049896240234     -1
kind
     26     
    78300          153282     
       12.25000000000000  
 OBS            116
       4.90668775288884
       3.67615497489774
       1.00000000000000
 115 117 -1
obdef
loc3d
        4.93524778363115              0.68687961042640            201.53530883789060     -1
kind
     26     
    78300          153282     
       12.25000000000000  
 OBS            117
       6.71298386716317
       2.44748151792745
       1.00000000000000
 116 118 -1
obdef
loc3d
        4.94487715611266              0.69284945127485            184.54177856445310     -1
kind
     26     
    78300          153282     
       12.25000000000000  
 OBS            118
       1.00480525560259
       4.58891800015303
       1.00000000000000
 117 119 -1
obdef
loc3d
        4.93574679201688              0.68074234291388             92.12267303466797     -1
kind
     26     
    78300          153282     
       12.25000000000000  
 OBS            119
       2.62972651825843
       2.60923237441093
       1.00000000000000
 118 120 -1
obdef
loc3d
        4.93948311897746              0.68677523412020            143.54531860351560     -1
kind
     26     
    78300          153282     
       12.25000000000000  
 OBS            120
       3.52326665786700
       1.32047495550264
       1.00000000000000
 119 121 -1
obdef
loc3d
        4.93535147134114              0.68874818734546            154.91955566406250     -1
kind
     26     
    78300          153282     
       12.25000000000000  
 OBS            121
       1.04326403515277
       4.23321542680010
       1.00000000000000
 120 122 -1
obdef
loc3d
        4.93998720508067              0.67099618858999             15.00000000000000     -1
kind
     26     
    78300          153282     
       12.25000000000000  
 OBS            122
       2.29490590043003
       2.78784203092121
       1.00000000000000
 121 123 -1
obdef
loc3d
        4.95377154670010              0.68841616298427              1.00000000000000     -1
kind
     26     
    78300          153282     
       12.25000000000000  
 OBS            123
       3.72396062893687
       2.64827142754307
       1.00000000000000
 122 124 -1
obdef
loc3d
        4.94369600674710              0.67424831199146             56.55799865722656     -1
kind
     26     
    78300          153282     
       12.25000000000000  
 OBS            124
       0.47111078432468
       2.29051504750040
       1.00000000000000
 123 125 -1
obdef
loc3d
        4.94554915949750              0.67592825057405             27.37830162048340     -1
kind
     26     
    78300          153282     
       12.25000000000000  
 OBS            125
       4.67517973050173
       3.23352779768895
       1.00000000000000
 124 126 -1
obdef
loc3d
        4.93817225910204              0.68863985936718            220.11502075195310     -1
kind
     26     
    78300          153282     
       12.25000000000000  
 OBS            126
       1.04679236441018
       1.71415502103063
       1.00000000000000
 125 127 -1
obdef
loc3d
        4.94679227765370              0.67424304503817             25.38815879821777     -1
kind
     26     
    78300          153282     
       12.25000000000000  
 OBS            127
       9.58139823738120
       3.59549256643007
       1.00000000000000
 126 128 -1
obdef
loc3d
        4.93825175772606              0.67415674930066             45.00000000000000     -1
kind
     26     
    78300          153282     
       12.25000000000000  
 OBS            128
       4.61974517808082
       3.24889248044401
       1.00000000000000
 127 129 -1
obdef
loc3d
        4.94311892630401              0.68721450203000            155.69055175781250     -1
kind
     26     
    78300          153282     
       12.25000000000000  
 OBS            129
      -2.90986728033502
       2.70714645745307
       1.00000000000000
 128 130 -1
obdef
loc3d
        4.94449382724881              0.67792071808206             14.15527343750000     -1
kind
     26     
    78300          153282     
       12.25000000000000  
 OBS            130
       2.67065506885694
       3.26121493824356
       1.00000000000000
 129 131 -1
obdef
loc3d
        4.94565692959859              0.66987151098961             30.00000000000000     -1
kind
     26     
    78300          153282     
       12.25000000000000  
 OBS            131
       3.11111483432492
       3.63157035933219
       1.00000000000000
 130 132 -1
obdef
loc3d
        4.93623940611723              0.68485115788194            160.48159790039060     -1
kind
     26     
    78300          153282     
       12.25000000000000  
 OBS            132
      -6.51066122821975
       0.55271607327061
       1.00000000000000
 131 133 -1
obdef
loc3d
        4.93207688179052              0.69191340558627            266.88421630859381     -1
kind
     26     
    78300          153282     
       12.25000000000000  
 OBS            133
       1.94134622621943
       1.96487503655617
       1.00000000000000
 132 134 -1
obdef
loc3d
        4.94337184525690              0.69048472086632            168.92642211914060     -1
kind
     26     
    78300          153282     
       12.25000000000000  
 OBS            134
      -4.20973327270684
       0.92497006496314
       1.00000000000000
 133 135 -1
obdef
loc3d
        4.93083275656657              0.69156409584246            530.37139892578125     -1
kind
     26     
    78300          153282     
       12.25000000000000  
 OBS            135
       1.10842759822302
       4.19502374546906
       1.00000000000000
 134 136 -1
obdef
loc3d
        4.93576715774405              0.67026358084744             15.00000000000000     -1
kind
     26     
    78300          153282     
       12.25000000000000  
 OBS            136
      -2.63634478281429
       2.71071307937811
       1.00000000000000
 135 137 -1
obdef
loc3d
        4.94676264345478              0.69035499858378            170.37097167968750     -1
kind
     26     
    78300          153282     
       12.25000000000000  
 OBS            137
       2.01815007176654
       2.62251845748824
       1.00000000000000
 136 138 -1
obdef
loc3d
        4.94046883892718              0.69230960363225            232.29916381835940     -1
kind
     26     
    78300          153282     
       12.25000000000000  
 OBS            138
      -0.31934042621490
       2.23820166389847
       1.00000000000000
 137 139 -1
obdef
loc3d
        4.94668005348904              0.66792517272334             30.00000000000000     -1
kind
     26     
    78300          153282     
       12.25000000000000  
 OBS            139
       1.14431599267724
       0.83913455897888
       1.00000000000000
 138 140 -1
obdef
loc3d
        4.93142664351951              0.69067116425814            352.18109130859381     -1
kind
     26     
    78300          153282     
       12.25000000000000  
 OBS            140
       1.94826246728291
       1.73335071916790
       1.00000000000000
 139 141 -1
obdef
loc3d
        4.93315860158957              0.69236546390432            148.09797668457031     -1
kind
     26     
    78300          153282     
       12.25000000000000  
 OBS            141
       6.37816107403461
       4.34368230464902
       1.00000000000000
 140 142 -1
obdef
loc3d
        4.94330474517536              0.68101851702487             28.94674682617188     -1
kind
     26     
    78300          153282     
       12.25000000000000  
 OBS            142
      -0.79557063039802
       2.56318190637584
       1.00000000000000
 141 143 -1
obdef
loc3d
        4.93900329796962              0.68465687192145            135.10733032226560     -1
kind
     26     
    78300          153282     
       12.25000000000000  
 OBS            143
      13.30505773605551
       4.93740474065895
       1.00000000000000
 142 144 -1
obdef
loc3d
        4.94044166392076              0.68262352587105            131.77731323242190     -1
kind
     26     
    78300          153282     
       12.25000000000000  
 OBS            144
       5.22192280553916
       1.00068475186537
       1.00000000000000
 143 145 -1
obdef
loc3d
        4.92619210793233              0.68978851614430            140.91706848144531     -1
kind
     26     
    78300          153282     
       12.25000000000000  
 OBS            145
       1.43497509233875
       2.71147801867833
       1.00000000000000
 144 146 -1
obdef
loc3d
        4.94963312081941              0.66996996266355             29.99300956726074     -1
kind
     26     
    78300          153282     
       12.25000000000000  
 OBS            146
      -6.80726578620925
       0.15465662727781
       1.00000000000000
 145 147 -1
obdef
loc3d
        4.92700392971737              0.68887132383449            128.38885498046881     -1
kind
     26     
    78300          153282     
       12.25000000000000  
 OBS            147
      -0.93148799345062
       3.83247859731685
       1.00000000000000
 146 148 -1
obdef
loc3d
        4.94246333188258              0.67229541033138             45.31371688842773     -1
kind
     26     
    78300          153282     
       12.25000000000000  
 OBS            148
       3.32558224145667
       3.83771490638652
       1.00000000000000
 147 149 -1
obdef
loc3d
        4.94297820410103              0.68302629331082             53.72113800048828     -1
kind
     26     
    78300          153282     
       12.25000000000000  
 OBS            149
       0.66706659327259
       2.73001636332103
       1.00000000000000
 148 150 -1
obdef
loc3d
        4.94625467437127              0.67931016686449             42.11843872070312     -1
kind
     26     
    78300          153282     
       12.25000000000000  
 OBS            150
       4.98272237776072
       3.35390854573642
       1.00000000000000
 149 151 -1
obdef
loc3d
        4.93718236751881              0.69150375136553            153.15858459472659     -1
kind
     26     
    78300          153282     
       12.25000000000000  
 OBS            151
     296.61023850294066
     297.73495137869099
       1.00000000000000
 150 152 -1
obdef
loc3d
        4.90540352515539              0.69194112440599            606.33142089843750     -1
kind
     27     
    78300          153282     
        6.25000000000000  
 OBS            152
     304.55457582377039
     303.05739806983502
       1.00000000000000
 151 153 -1
obdef
loc3d
        4.94546412681761              0.68348353984884             17.75631332397461     -1
kind
     27     
    78300          153282     
        6.25000000000000  
 OBS            153
     304.81752317096823
     303.42308104119098
       1.00000000000000
 152 154 -1
obdef
loc3d
        4.94660974174000              0.67744857875853             29.35406684875488     -1
kind
     27     
    78300          153282     
        6.25000000000000  
 OBS            154
     302.40266009974675
     302.91429090874601
       1.00000000000000
 153 155 -1
obdef
loc3d
        4.94648126630843              0.68652865419204             54.82812500000000     -1
kind
     27     
    78300          153282     
        6.25000000000000  
 OBS            155
     304.03052845965141
     302.89265344249600
       1.00000000000000
 154 156 -1
obdef
loc3d
        4.94445426011379              0.68507566758975             62.61011505126953     -1
kind
     27     
    78300          153282     
        6.25000000000000  
 OBS            156
     303.28174993507429
     302.15854065296401
       1.00000000000000
 155 157 -1
obdef
loc3d
        4.94602055174578              0.68752162087271            134.15721130371091     -1
kind
     27     
    78300          153282     
        6.25000000000000  
 OBS            157
     304.82967991319009
     303.38540981758501
       1.00000000000000
 156 158 -1
obdef
loc3d
        4.94603912728501              0.67254511985829             35.00297546386719     -1
kind
     27     
    78300          153282     
        6.25000000000000  
 OBS            158
     304.63097193644489
     302.68515673574700
       1.00000000000000
 157 159 -1
obdef
loc3d
        4.95877904994953              0.67986585977255             17.04111671447754     -1
kind
     27     
    78300          153282     
        6.25000000000000  
 OBS            159
     300.68209360239342
     300.22633350200300
       1.00000000000000
 158 160 -1
obdef
loc3d
        4.93958042817759              0.69095160998657            226.13127136230469     -1
kind
     27     
    78300          153282     
        6.25000000000000  
 OBS            160
     301.88112999003295
     301.17419693127198
       1.00000000000000
 159 161 -1
obdef
loc3d
        4.95756313665553              0.69181797222864             89.84997558593750     -1
kind
     27     
    78300          153282     
        6.25000000000000  
 OBS            161
     302.53222101322649
     303.65635849453798
       1.00000000000000
 160 162 -1
obdef
loc3d
        4.94078657111844              0.67409210989409             60.81152343750000     -1
kind
     27     
    78300          153282     
        6.25000000000000  
 OBS            162
     303.29433949349755
     303.85257396561298
       1.00000000000000
 161 163 -1
obdef
loc3d
        4.95557846691255              0.67267262139613              1.00000000000000     -1
kind
     27     
    78300          153282     
        6.25000000000000  
 OBS            163
     300.78977544401948
     300.40124909708902
       1.00000000000000
 162 164 -1
obdef
loc3d
        4.93193348448080              0.68856418981073            106.00000000000000     -1
kind
     27     
    78300          153282     
        6.25000000000000  
 OBS            164
     293.59567294432350
     295.08396941001502
       1.00000000000000
 163 165 -1
obdef
loc3d
        4.89970838141578              0.68765245249877            785.09423828125000     -1
kind
     27     
    78300          153282     
        6.25000000000000  
 OBS            165
     301.75138297225584
     301.56603389664900
       1.00000000000000
 164 166 -1
obdef
loc3d
        4.95026814558372              0.68993059237416             93.11567687988281     -1
kind
     27     
    78300          153282     
        6.25000000000000  
 OBS            166
     301.49324743037749
     302.61825123187703
       1.00000000000000
 165 167 -1
obdef
loc3d
        4.94174512165160              0.68484635226999            116.56585693359381     -1
kind
     27     
    78300          153282     
        6.25000000000000  
 OBS            167
     302.09652064037863
     302.06573713956101
       1.00000000000000
 166 168 -1
obdef
loc3d
        4.95420735021482              0.68473663912788             15.00000000000000     -1
kind
     27     
    78300          153282     
        6.25000000000000  
 OBS            168
     300.62969250286511
     302.12132681128298
       1.00000000000000
 167 169 -1
obdef
loc3d
        4.93477042118681              0.68310638816012            118.89588928222661     -1
kind
     27     
    78300          153282     
        6.25000000000000  
 OBS            169
     302.91136687287741
     302.38933953025901
       1.00000000000000
 168 170 -1
obdef
loc3d
        4.93795631029682              0.68276407673392            144.94107055664060     -1
kind
     27     
    78300          153282     
        6.25000000000000  
 OBS            170
     301.32445490950073
     303.24285985190500
       1.00000000000000
 169 171 -1
obdef
loc3d
        4.94001671685736              0.68064929967652             43.67281723022461     -1
kind
     27     
    78300          153282     
        6.25000000000000  
 OBS            171
     302.16259686880943
     303.56375467037702
       1.00000000000000
 170 172 -1
obdef
loc3d
        4.94058460161740              0.67807181314514             70.17810058593750     -1
kind
     27     
    78300          153282     
        6.25000000000000  
 OBS            172
     303.05208181533658
     303.39318031456799
       1.00000000000000
 171 173 -1
obdef
loc3d
        4.95423295419494              0.68033176843505              3.71636104583740     -1
kind
     27     
    78300          153282     
        6.25000000000000  
 OBS            173
     304.42512382655491
     303.89127679818802
       1.00000000000000
 172 174 -1
obdef
loc3d
        4.94926894458696              0.66642585587446             10.91526031494141     -1
kind
     27     
    78300          153282     
        6.25000000000000  
 OBS            174
     304.69623252498951
     304.27806941752601
       1.00000000000000
 173 175 -1
obdef
loc3d
        4.96223480186848              0.66700036066835              5.00000000000000     -1
kind
     27     
    78300          153282     
        6.25000000000000  
 OBS            175
     303.84643935122540
     303.44304754600603
       1.00000000000000
 174 176 -1
obdef
loc3d
        4.95546148971009              0.67729393735082              6.17724800109863     -1
kind
     27     
    78300          153282     
        6.25000000000000  
 OBS            176
     295.82804663970114
     297.97616250117898
       1.00000000000000
 175 177 -1
obdef
loc3d
        4.92652723985629              0.69051382381431            146.04148864746091     -1
kind
     27     
    78300          153282     
        6.25000000000000  
 OBS            177
     303.77873921434372
     303.33789683423299
       1.00000000000000
 176 178 -1
obdef
loc3d
        4.96366005344362              0.66920346185787              6.00000000000000     -1
kind
     27     
    78300          153282     
        6.25000000000000  
 OBS            178
     301.93095598408865
     301.12373568162201
       1.00000000000000
 177 179 -1
obdef
loc3d
        4.97052949833720              0.66907739847133              8.84140872955322     -1
kind
     27     
    78300          153282     
        6.25000000000000  
 OBS            179
     302.15776159885502
     300.18248686955002
       1.00000000000000
 178 180 -1
obdef
loc3d
        4.93727739535368              0.69277976810143            187.24655151367190     -1
kind
     27     
    78300          153282     
        6.25000000000000  
 OBS            180
     302.63256858114050
     303.03902834015003
       1.00000000000000
 179 181 -1
obdef
loc3d
        4.94575592838423              0.68143846111579             35.01654815673828     -1
kind
     27     
    78300          153282     
        6.25000000000000  
 OBS            181
     301.00020135433209
     300.52790202495697
       1.00000000000000
 180 182 -1
obdef
loc3d
        4.93184075890513              0.68784163962489             92.58054351806641     -1
kind
     27     
    78300          153282     
        6.25000000000000  
 OBS            182
     301.97319186628937
     301.48509283155198
       1.00000000000000
 181 183 -1
obdef
loc3d
        4.94081711590956              0.68854862967758            162.55853271484381     -1
kind
     27     
    78300          153282     
        6.25000000000000  
 OBS            183
     302.18638775803595
     303.71862805935598
       1.00000000000000
 182 184 -1
obdef
loc3d
        4.94249854456299              0.67650785339572             60.39866638183594     -1
kind
     27     
    78300          153282     
        6.25000000000000  
 OBS            184
     302.33061262999871
     301.84984301158897
       1.00000000000000
 183 185 -1
obdef
loc3d
        4.93162931041089              0.68282844530430             93.04485321044922     -1
kind
     27     
    78300          153282     
        6.25000000000000  
 OBS            185
     302.01312543719911
     299.94609980342699
       1.00000000000000
 184 186 -1
obdef
loc3d
        4.93293180012842              0.69147876068069            106.50605773925780     -1
kind
     27     
    78300          153282     
        6.25000000000000  
 OBS            186
     303.76662411402435
     303.63370447877003
       1.00000000000000
 185 187 -1
obdef
loc3d
        4.94231542915734              0.67925336633936             45.80761718750000     -1
kind
     27     
    78300          153282     
        6.25000000000000  
 OBS            187
     302.75844561123739
     303.58088038630899
       1.00000000000000
 186 188 -1
obdef
loc3d
        4.94267046375275              0.67009027494016             28.73577499389648     -1
kind
     27     
    78300          153282     
        6.25000000000000  
 OBS            188
     301.78420106045900
     301.08693008274901
       1.00000000000000
 187 189 -1
obdef
loc3d
        4.95301390972552              0.69283749825579             93.74549102783203     -1
kind
     27     
    78300          153282     
        6.25000000000000  
 OBS            189
     303.67733183555322
     303.83955601120601
       1.00000000000000
 188 190 -1
obdef
loc3d
        4.93993476658470              0.67588412939320             29.35707092285156     -1
kind
     27     
    78300          153282     
        6.25000000000000  
 OBS            190
     303.18457164228033
     303.89424444020301
       1.00000000000000
 189 191 -1
obdef
loc3d
        4.93755681423869              0.67212761520231             23.80049896240234     -1
kind
     27     
    78300          153282     
        6.25000000000000  
 OBS            191
     300.02775709243895
     300.67306666315301
       1.00000000000000
 190 192 -1
obdef
loc3d
        4.93524778363115              0.68687961042640            201.53530883789060     -1
kind
     27     
    78300          153282     
        6.25000000000000  
 OBS            192
     301.08233984253286
     300.90227753927701
       1.00000000000000
 191 193 -1
obdef
loc3d
        4.94487715611266              0.69284945127485            184.54177856445310     -1
kind
     27     
    78300          153282     
        6.25000000000000  
 OBS            193
     304.91537987058422
     303.73804388876101
       1.00000000000000
 192 194 -1
obdef
loc3d
        4.93574679201688              0.68074234291388             92.12267303466797     -1
kind
     27     
    78300          153282     
        6.25000000000000  
 OBS            194
     300.91791122456874
     301.30981199640900
       1.00000000000000
 193 195 -1
obdef
loc3d
        4.93948311897746              0.68677523412020            143.54531860351560     -1
kind
     27     
    78300          153282     
        6.25000000000000  
 OBS            195
     302.84488840018815
     300.82338822709102
       1.00000000000000
 194 196 -1
obdef
loc3d
        4.93535147134114              0.68874818734546            154.91955566406250     -1
kind
     27     
    78300          153282     
        6.25000000000000  
 OBS            196
     304.33570234482596
     304.24294043213598
       1.00000000000000
 195 197 -1
obdef
loc3d
        4.93998720508067              0.67099618858999             15.00000000000000     -1
kind
     27     
    78300          153282     
        6.25000000000000  
 OBS            197
     301.66606634641215
     301.90971784315502
       1.00000000000000
 196 198 -1
obdef
loc3d
        4.95377154670010              0.68841616298427              1.00000000000000     -1
kind
     27     
    78300          153282     
        6.25000000000000  
 OBS            198
     303.02748559452948
     303.18328568459202
       1.00000000000000
 197 199 -1
obdef
loc3d
        4.94369600674710              0.67424831199146             56.55799865722656     -1
kind
     27     
    78300          153282     
        6.25000000000000  
 OBS            199
     303.02352564920233
     303.22634621176701
       1.00000000000000
 198 200 -1
obdef
loc3d
        4.94554915949750              0.67592825057405             27.37830162048340     -1
kind
     27     
    78300          153282     
        6.25000000000000  
 OBS            200
     301.09330630822205
     300.34878971059999
       1.00000000000000
 199 201 -1
obdef
loc3d
        4.93817225910204              0.68863985936718            220.11502075195310     -1
kind
     27     
    78300          153282     
        6.25000000000000  
 OBS            201
     302.72464034144338
     303.25068611190397
       1.00000000000000
 200 202 -1
obdef
loc3d
        4.94679227765370              0.67424304503817             25.38815879821777     -1
kind
     27     
    78300          153282     
        6.25000000000000  
 OBS            202
     301.53935669270209
     303.91711388058400
       1.00000000000000
 201 203 -1
obdef
loc3d
        4.93825175772606              0.67415674930066             45.00000000000000     -1
kind
     27     
    78300          153282     
        6.25000000000000  
 OBS            203
     302.95998716289853
     301.71707117864003
       1.00000000000000
 202 204 -1
obdef
loc3d
        4.94311892630401              0.68721450203000            155.69055175781250     -1
kind
     27     
    78300          153282     
        6.25000000000000  
 OBS            204
     302.81745149524323
     303.05234792374898
       1.00000000000000
 203 205 -1
obdef
loc3d
        4.94449382724881              0.67792071808206             14.15527343750000     -1
kind
     27     
    78300          153282     
        6.25000000000000  
 OBS            205
     302.17166728982636
     303.57162504568402
       1.00000000000000
 204 206 -1
obdef
loc3d
        4.94565692959859              0.66987151098961             30.00000000000000     -1
kind
     27     
    78300          153282     
        6.25000000000000  
 OBS            206
     300.56066996659126
     301.39544326059900
       1.00000000000000
 205 207 -1
obdef
loc3d
        4.93623940611723              0.68485115788194            160.48159790039060     -1
kind
     27     
    78300          153282     
        6.25000000000000  
 OBS            207
     300.46810218983381
     299.18429986523199
       1.00000000000000
 206 208 -1
obdef
loc3d
        4.93207688179052              0.69191340558627            266.88421630859381     -1
kind
     27     
    78300          153282     
        6.25000000000000  
 OBS            208
     302.16966382834380
     301.55247822811600
       1.00000000000000
 207 209 -1
obdef
loc3d
        4.94337184525690              0.69048472086632            168.92642211914060     -1
kind
     27     
    78300          153282     
        6.25000000000000  
 OBS            209
     296.48284420362467
     296.86247389297603
       1.00000000000000
 208 210 -1
obdef
loc3d
        4.93083275656657              0.69156409584246            530.37139892578125     -1
kind
     27     
    78300          153282     
        6.25000000000000  
 OBS            210
     305.29246419841968
     304.16019190431098
       1.00000000000000
 209 211 -1
obdef
loc3d
        4.93576715774405              0.67026358084744             15.00000000000000     -1
kind
     27     
    78300          153282     
        6.25000000000000  
 OBS            211
     302.70427348554557
     301.89281335124502
       1.00000000000000
 210 212 -1
obdef
loc3d
        4.94676264345478              0.69035499858378            170.37097167968750     -1
kind
     27     
    78300          153282     
        6.25000000000000  
 OBS            212
     299.57885029440126
     300.18845502569400
       1.00000000000000
 211 213 -1
obdef
loc3d
        4.94046883892718              0.69230960363225            232.29916381835940     -1
kind
     27     
    78300          153282     
        6.25000000000000  
 OBS            213
     303.41226440941983
     303.15106155492202
       1.00000000000000
 212 214 -1
obdef
loc3d
        4.94668005348904              0.66792517272334             30.00000000000000     -1
kind
     27     
    78300          153282     
        6.25000000000000  
 OBS            214
     298.99078480098785
     298.14462899258803
       1.00000000000000
 213 215 -1
obdef
loc3d
        4.93142664351951              0.69067116425814            352.18109130859381     -1
kind
     27     
    78300          153282     
        6.25000000000000  
 OBS            215
     299.64267986066733
     299.49677744150500
       1.00000000000000
 214 216 -1
obdef
loc3d
        4.93315860158957              0.69236546390432            148.09797668457031     -1
kind
     27     
    78300          153282     
        6.25000000000000  
 OBS            216
     303.84631676126645
     303.87475084515501
       1.00000000000000
 215 217 -1
obdef
loc3d
        4.94330474517536              0.68101851702487             28.94674682617188     -1
kind
     27     
    78300          153282     
        6.25000000000000  
 OBS            217
     302.52047423360222
     302.20757431547497
       1.00000000000000
 216 218 -1
obdef
loc3d
        4.93900329796962              0.68465687192145            135.10733032226560     -1
kind
     27     
    78300          153282     
        6.25000000000000  
 OBS            218
     302.33685924350215
     302.73237487733599
       1.00000000000000
 217 219 -1
obdef
loc3d
        4.94044166392076              0.68262352587105            131.77731323242190     -1
kind
     27     
    78300          153282     
        6.25000000000000  
 OBS            219
     297.55894148598725
     298.22177657618602
       1.00000000000000
 218 220 -1
obdef
loc3d
        4.92619210793233              0.68978851614430            140.91706848144531     -1
kind
     27     
    78300          153282     
        6.25000000000000  
 OBS            220
     305.34706179215658
     304.48865912232100
       1.00000000000000
 219 221 -1
obdef
loc3d
        4.94963312081941              0.66996996266355             29.99300956726074     -1
kind
     27     
    78300          153282     
        6.25000000000000  
 OBS            221
     297.41221598385710
     298.53968984596298
       1.00000000000000
 220 222 -1
obdef
loc3d
        4.92700392971737              0.68887132383449            128.38885498046881     -1
kind
     27     
    78300          153282     
        6.25000000000000  
 OBS            222
     304.11511458174164
     303.92120113180601
       1.00000000000000
 221 223 -1
obdef
loc3d
        4.94246333188258              0.67229541033138             45.31371688842773     -1
kind
     27     
    78300          153282     
        6.25000000000000  
 OBS            223
     304.15372952545266
     303.39121276064299
       1.00000000000000
 222 224 -1
obdef
loc3d
        4.94297820410103              0.68302629331082             53.72113800048828     -1
kind
     27     
    78300          153282     
        6.25000000000000  
 OBS            224
     301.75650108810436
     303.10687347986800
       1.00000000000000
 223 225 -1
obdef
loc3d
        4.94625467437127              0.67931016686449             42.11843872070312     -1
kind
     27     
    78300          153282     
        6.25000000000000  
 OBS            225
     301.01485042757275
     300.51212401772500
       1.00000000000000
 224 -1 -1
obdef
loc3d
        4.93718236751881              0.69150375136553            153.15858459472659     -1
kind
     27     
    78300          153282     
        6.25000000000000  
