 obs_sequence
obs_kind_definitions
       3
    25          LAND_SFC_U_WIND_COMPONENT   
    26          LAND_SFC_V_WIND_COMPONENT   
    27          LAND_SFC_TEMPERATURE   
  num_copies:            2  num_qc:            1
 num_obs:       225  max_num_obs:       225
observations
truth
QC radar
  first:            1  last:       225
 OBS            1
       7.65120651773161
       4.96750355254921
       1.00000000000000
 -1 2 -1
obdef
loc3d
        4.90540352515539              0.69194112440599            606.33142089843750     -1
kind
     25     
    68400          153282     
       12.25000000000000  
 OBS            2
       1.48115037208511
       3.60713844202410
       1.00000000000000
 1 3 -1
obdef
loc3d
        4.94546412681761              0.68348353984884             17.75631332397461     -1
kind
     25     
    68400          153282     
       12.25000000000000  
 OBS            3
       2.36451205443460
       1.34831471051435
       1.00000000000000
 2 4 -1
obdef
loc3d
        4.94660974174000              0.67744857875853             29.35406684875488     -1
kind
     25     
    68400          153282     
       12.25000000000000  
 OBS            4
       5.81693371427171
       2.04104927151492
       1.00000000000000
 3 5 -1
obdef
loc3d
        4.94648126630843              0.68652865419204             54.82812500000000     -1
kind
     25     
    68400          153282     
       12.25000000000000  
 OBS            5
       0.56594944569045
       1.66454147931430
       1.00000000000000
 4 6 -1
obdef
loc3d
        4.94445426011379              0.68507566758975             62.61011505126953     -1
kind
     25     
    68400          153282     
       12.25000000000000  
 OBS            6
      -2.19247693667982
       0.95675711384071
       1.00000000000000
 5 7 -1
obdef
loc3d
        4.94602055174578              0.68752162087271            134.15721130371091     -1
kind
     25     
    68400          153282     
       12.25000000000000  
 OBS            7
       5.87874588448133
       2.82021410691307
       1.00000000000000
 6 8 -1
obdef
loc3d
        4.94603912728501              0.67254511985829             35.00297546386719     -1
kind
     25     
    68400          153282     
       12.25000000000000  
 OBS            8
       1.93477744136670
       2.56289043964901
       1.00000000000000
 7 9 -1
obdef
loc3d
        4.95877904994953              0.67986585977255             17.04111671447754     -1
kind
     25     
    68400          153282     
       12.25000000000000  
 OBS            9
       5.14347778220315
       2.20445331743407
       1.00000000000000
 8 10 -1
obdef
loc3d
        4.93958042817759              0.69095160998657            226.13127136230469     -1
kind
     25     
    68400          153282     
       12.25000000000000  
 OBS            10
      -3.72024808508880
       1.69567683461003
       1.00000000000000
 9 11 -1
obdef
loc3d
        4.95756313665553              0.69181797222864             89.84997558593750     -1
kind
     25     
    68400          153282     
       12.25000000000000  
 OBS            11
       4.26010360079001
       2.65925800031246
       1.00000000000000
 10 12 -1
obdef
loc3d
        4.94078657111844              0.67409210989409             60.81152343750000     -1
kind
     25     
    68400          153282     
       12.25000000000000  
 OBS            12
       7.95517303508118
       1.47418512525534
       1.00000000000000
 11 13 -1
obdef
loc3d
        4.95557846691255              0.67267262139613              1.00000000000000     -1
kind
     25     
    68400          153282     
       12.25000000000000  
 OBS            13
       1.40014598560412
       0.43490515040920
       1.00000000000000
 12 14 -1
obdef
loc3d
        4.93193348448080              0.68856418981073            106.00000000000000     -1
kind
     25     
    68400          153282     
       12.25000000000000  
 OBS            14
       7.64692382206602
       3.71644731215382
       1.00000000000000
 13 15 -1
obdef
loc3d
        4.89970838141578              0.68765245249877            785.09423828125000     -1
kind
     25     
    68400          153282     
       12.25000000000000  
 OBS            15
      -2.16458458606777
      -0.44529270615629
       1.00000000000000
 14 16 -1
obdef
loc3d
        4.95026814558372              0.68993059237416             93.11567687988281     -1
kind
     25     
    68400          153282     
       12.25000000000000  
 OBS            16
      -3.46580374418629
       1.65730743593829
       1.00000000000000
 15 17 -1
obdef
loc3d
        4.94174512165160              0.68484635226999            116.56585693359381     -1
kind
     25     
    68400          153282     
       12.25000000000000  
 OBS            17
       1.64406502073621
       1.03171235159794
       1.00000000000000
 16 18 -1
obdef
loc3d
        4.95420735021482              0.68473663912788             15.00000000000000     -1
kind
     25     
    68400          153282     
       12.25000000000000  
 OBS            18
       1.99931896015083
       2.13273370600255
       1.00000000000000
 17 19 -1
obdef
loc3d
        4.93477042118681              0.68310638816012            118.89588928222661     -1
kind
     25     
    68400          153282     
       12.25000000000000  
 OBS            19
       3.61838443480509
       2.35220555231791
       1.00000000000000
 18 20 -1
obdef
loc3d
        4.93795631029682              0.68276407673392            144.94107055664060     -1
kind
     25     
    68400          153282     
       12.25000000000000  
 OBS            20
      -3.05963053861276
       2.56765026524235
       1.00000000000000
 19 21 -1
obdef
loc3d
        4.94001671685736              0.68064929967652             43.67281723022461     -1
kind
     25     
    68400          153282     
       12.25000000000000  
 OBS            21
       3.26352055638703
       3.38457018993241
       1.00000000000000
 20 22 -1
obdef
loc3d
        4.94058460161740              0.67807181314514             70.17810058593750     -1
kind
     25     
    68400          153282     
       12.25000000000000  
 OBS            22
       2.40302017697412
       1.54111951026935
       1.00000000000000
 21 23 -1
obdef
loc3d
        4.95423295419494              0.68033176843505              3.71636104583740     -1
kind
     25     
    68400          153282     
       12.25000000000000  
 OBS            23
      -0.90302044916712
       1.41681405270668
       1.00000000000000
 22 24 -1
obdef
loc3d
        4.94926894458696              0.66642585587446             10.91526031494141     -1
kind
     25     
    68400          153282     
       12.25000000000000  
 OBS            24
       4.75754465990113
       2.90499416995322
       1.00000000000000
 23 25 -1
obdef
loc3d
        4.96223480186848              0.66700036066835              5.00000000000000     -1
kind
     25     
    68400          153282     
       12.25000000000000  
 OBS            25
       5.20165238395053
       1.77362931774995
       1.00000000000000
 24 26 -1
obdef
loc3d
        4.95546148971009              0.67729393735082              6.17724800109863     -1
kind
     25     
    68400          153282     
       12.25000000000000  
 OBS            26
       2.38930541426867
       2.92721170170872
       1.00000000000000
 25 27 -1
obdef
loc3d
        4.92652723985629              0.69051382381431            146.04148864746091     -1
kind
     25     
    68400          153282     
       12.25000000000000  
 OBS            27
       2.37968703376854
       2.80272435253554
       1.00000000000000
 26 28 -1
obdef
loc3d
        4.96366005344362              0.66920346185787              6.00000000000000     -1
kind
     25     
    68400          153282     
       12.25000000000000  
 OBS            28
      -0.80337571371214
      -0.00854393919656
       1.00000000000000
 27 29 -1
obdef
loc3d
        4.97052949833720              0.66907739847133              8.84140872955322     -1
kind
     25     
    68400          153282     
       12.25000000000000  
 OBS            29
       3.74115014122263
       1.62640067560384
       1.00000000000000
 28 30 -1
obdef
loc3d
        4.93505853489354              0.69035668900909            163.38452148437500     -1
kind
     25     
    68400          153282     
       12.25000000000000  
 OBS            30
      -0.46695625629952
       3.02651549247253
       1.00000000000000
 29 31 -1
obdef
loc3d
        4.93979773523841              0.67259214116167             45.00000000000000     -1
kind
     25     
    68400          153282     
       12.25000000000000  
 OBS            31
       0.35556176587517
       1.73086924935638
       1.00000000000000
 30 32 -1
obdef
loc3d
        4.92901815402419              0.68818595396932            126.56063842773440     -1
kind
     25     
    68400          153282     
       12.25000000000000  
 OBS            32
       3.83221104809062
       1.05969872003317
       1.00000000000000
 31 33 -1
obdef
loc3d
        4.92864050752959              0.68988490592333            360.09008789062500     -1
kind
     25     
    68400          153282     
       12.25000000000000  
 OBS            33
       2.59893882402719
       2.50188955219514
       1.00000000000000
 32 34 -1
obdef
loc3d
        4.94071794293451              0.68880476183725            173.77728271484381     -1
kind
     25     
    68400          153282     
       12.25000000000000  
 OBS            34
       5.33043769269239
       1.97078817471676
       1.00000000000000
 33 35 -1
obdef
loc3d
        4.94475069255349              0.67936922784321             17.10044860839844     -1
kind
     25     
    68400          153282     
       12.25000000000000  
 OBS            35
       1.46212997132475
       0.72873332251657
       1.00000000000000
 34 36 -1
obdef
loc3d
        4.93040524362615              0.68956958577383            472.38653564453119     -1
kind
     25     
    68400          153282     
       12.25000000000000  
 OBS            36
      -0.40067802392425
       1.73786076195898
       1.00000000000000
 35 37 -1
obdef
loc3d
        4.93438788521233              0.68743777381223            157.39462280273440     -1
kind
     25     
    68400          153282     
       12.25000000000000  
 OBS            37
       2.21210299758182
       0.32509368930837
       1.00000000000000
 36 38 -1
obdef
loc3d
        4.93003537520636              0.69083454089469            382.75677490234381     -1
kind
     25     
    68400          153282     
       12.25000000000000  
 OBS            38
      -1.87110661858946
       2.33065883632002
       1.00000000000000
 37 39 -1
obdef
loc3d
        4.94262489165251              0.68702513034102            130.29710388183591     -1
kind
     25     
    68400          153282     
       12.25000000000000  
 OBS            39
      -2.63194863768963
       1.63922641496351
       1.00000000000000
 38 40 -1
obdef
loc3d
        4.93100113789334              0.68653549583784             94.66114807128906     -1
kind
     25     
    68400          153282     
       12.25000000000000  
 OBS            40
       7.24373497005984
       3.02340045276250
       1.00000000000000
 39 41 -1
obdef
loc3d
        4.94000002935902              0.67612888350011             59.69976806640625     -1
kind
     25     
    68400          153282     
       12.25000000000000  
 OBS            41
       6.78568203115697
       2.38332834477866
       1.00000000000000
 40 42 -1
obdef
loc3d
        4.94231604692662              0.69077376274482            190.83442687988281     -1
kind
     25     
    68400          153282     
       12.25000000000000  
 OBS            42
      10.35746143408350
       1.97362362953593
       1.00000000000000
 41 43 -1
obdef
loc3d
        4.93554247635603              0.69268257167582            131.09960937500000     -1
kind
     25     
    68400          153282     
       12.25000000000000  
 OBS            43
       3.00280527650953
       1.89715658796092
       1.00000000000000
 42 44 -1
obdef
loc3d
        4.94069913477896              0.68279864123905            131.77731323242190     -1
kind
     25     
    68400          153282     
       12.25000000000000  
 OBS            44
       1.69817701686043
       2.37152501494056
       1.00000000000000
 43 45 -1
obdef
loc3d
        4.94367854378329              0.67420565331297             56.55799865722656     -1
kind
     25     
    68400          153282     
       12.25000000000000  
 OBS            45
      -1.08057253538233
       2.80210317503057
       1.00000000000000
 44 46 -1
obdef
loc3d
        4.93814984943932              0.67457436016830             39.55386734008789     -1
kind
     25     
    68400          153282     
       12.25000000000000  
 OBS            46
       6.97212971027576
       3.37928454303966
       1.00000000000000
 45 47 -1
obdef
loc3d
        4.94253566982520              0.68065092526894             48.56933593750000     -1
kind
     25     
    68400          153282     
       12.25000000000000  
 OBS            47
       8.30753384754012
       1.78321645580470
       1.00000000000000
 46 48 -1
obdef
loc3d
        4.93593154408741              0.68080949477360             85.35743713378906     -1
kind
     25     
    68400          153282     
       12.25000000000000  
 OBS            48
      -0.85518694679174
       2.01428327712025
       1.00000000000000
 47 49 -1
obdef
loc3d
        4.94758068519446              0.69282395273635            179.51908874511719     -1
kind
     25     
    68400          153282     
       12.25000000000000  
 OBS            49
       3.78117698744922
       2.59075057628332
       1.00000000000000
 48 50 -1
obdef
loc3d
        4.93541634697774              0.67261831698898             21.54207611083984     -1
kind
     25     
    68400          153282     
       12.25000000000000  
 OBS            50
       2.24570105542531
       1.57329743393484
       1.00000000000000
 49 51 -1
obdef
loc3d
        4.93342752395137              0.68533697059699            120.48287200927730     -1
kind
     25     
    68400          153282     
       12.25000000000000  
 OBS            51
       5.05424419649042
       4.40603947635945
       1.00000000000000
 50 52 -1
obdef
loc3d
        4.92811551620144              0.69141391763145            189.00242614746091     -1
kind
     25     
    68400          153282     
       12.25000000000000  
 OBS            52
       4.40811041006966
       1.82646743137042
       1.00000000000000
 51 53 -1
obdef
loc3d
        4.94328780634786              0.67761918906629             21.61136627197266     -1
kind
     25     
    68400          153282     
       12.25000000000000  
 OBS            53
       2.66374113803815
       2.55956858314401
       1.00000000000000
 52 54 -1
obdef
loc3d
        4.93617130041664              0.68578341426755            199.41349792480469     -1
kind
     25     
    68400          153282     
       12.25000000000000  
 OBS            54
       5.63128615735004
       2.11875424092452
       1.00000000000000
 53 55 -1
obdef
loc3d
        4.94488890698391              0.68151038983677             42.34177017211914     -1
kind
     25     
    68400          153282     
       12.25000000000000  
 OBS            55
      -0.87421914092569
       1.76192042322723
       1.00000000000000
 54 56 -1
obdef
loc3d
        4.94610769319308              0.67540343249948             44.88281250000000     -1
kind
     25     
    68400          153282     
       12.25000000000000  
 OBS            56
      -1.66313849920086
       0.77995867202585
       1.00000000000000
 55 57 -1
obdef
loc3d
        4.93098289428918              0.69278368564599            411.59194946289062     -1
kind
     25     
    68400          153282     
       12.25000000000000  
 OBS            57
       1.58770582200249
       2.68942894611152
       1.00000000000000
 56 58 -1
obdef
loc3d
        4.93746284305807              0.67295620864423             44.45593643188477     -1
kind
     25     
    68400          153282     
       12.25000000000000  
 OBS            58
      11.49770676939499
       2.39548628422790
       1.00000000000000
 57 59 -1
obdef
loc3d
        4.93742549337872              0.68866580079864            241.84100341796881     -1
kind
     25     
    68400          153282     
       12.25000000000000  
 OBS            59
      -1.04533328211684
       3.14907530802340
       1.00000000000000
 58 60 -1
obdef
loc3d
        4.94310367286119              0.67063823067780             37.30942153930664     -1
kind
     25     
    68400          153282     
       12.25000000000000  
 OBS            60
       1.41605709508699
       2.07248593412722
       1.00000000000000
 59 61 -1
obdef
loc3d
        4.94312354358950              0.69286317278749            201.84664916992190     -1
kind
     25     
    68400          153282     
       12.25000000000000  
 OBS            61
       2.63807800501085
       1.64999410050385
       1.00000000000000
 60 62 -1
obdef
loc3d
        4.93202293942753              0.69056809921756            124.38476562500000     -1
kind
     25     
    68400          153282     
       12.25000000000000  
 OBS            62
       3.08587608990954
       2.36789315197425
       1.00000000000000
 61 63 -1
obdef
loc3d
        4.93852899085493              0.69282303339671            210.85327148437500     -1
kind
     25     
    68400          153282     
       12.25000000000000  
 OBS            63
       3.71716612852109
       2.53950421676047
       1.00000000000000
 62 64 -1
obdef
loc3d
        4.93925110381924              0.68654477021234            169.40324401855469     -1
kind
     25     
    68400          153282     
       12.25000000000000  
 OBS            64
       0.68586389499470
       0.90647283960768
       1.00000000000000
 63 65 -1
obdef
loc3d
        4.94561300163474              0.69021407942450            101.67103576660161     -1
kind
     25     
    68400          153282     
       12.25000000000000  
 OBS            65
       2.75990356886884
       2.74727064780615
       1.00000000000000
 64 66 -1
obdef
loc3d
        4.94677761419795              0.66921213830349             30.00000000000000     -1
kind
     25     
    68400          153282     
       12.25000000000000  
 OBS            66
      -1.26469015299954
       1.23509919804096
       1.00000000000000
 65 67 -1
obdef
loc3d
        4.91464000802058              0.69220313236118            256.98049926757812     -1
kind
     25     
    68400          153282     
       12.25000000000000  
 OBS            67
      -4.60908666028410
       0.64404330214228
       1.00000000000000
 66 68 -1
obdef
loc3d
        4.91222840493483              0.69213090540308            311.66015625000000     -1
kind
     25     
    68400          153282     
       12.25000000000000  
 OBS            68
       0.85252288799955
       5.20338173156733
       1.00000000000000
 67 69 -1
obdef
loc3d
        4.90319820253832              0.69077085029214            558.21520996093750     -1
kind
     25     
    68400          153282     
       12.25000000000000  
 OBS            69
       2.37990005964392
       1.64084780058832
       1.00000000000000
 68 70 -1
obdef
loc3d
        4.90548367400941              0.68961427180382            340.45385742187500     -1
kind
     25     
    68400          153282     
       12.25000000000000  
 OBS            70
      -1.23942314483890
       5.61335792136381
       1.00000000000000
 69 71 -1
obdef
loc3d
        4.90182808691748              0.69286665451088            711.58941650390625     -1
kind
     25     
    68400          153282     
       12.25000000000000  
 OBS            71
      -0.58869825351528
       0.96098902749048
       1.00000000000000
 70 72 -1
obdef
loc3d
        4.92199514385413              0.69211089395115            185.84292602539060     -1
kind
     25     
    68400          153282     
       12.25000000000000  
 OBS            72
       5.80017595401433
       2.34576647936201
       1.00000000000000
 71 73 -1
obdef
loc3d
        4.91709198426003              0.69266703903771            205.88345336914060     -1
kind
     25     
    68400          153282     
       12.25000000000000  
 OBS            73
       2.22817058707655
       1.29868269038097
       1.00000000000000
 72 74 -1
obdef
loc3d
        4.91305125126208              0.69031483822850            320.48217773437500     -1
kind
     25     
    68400          153282     
       12.25000000000000  
 OBS            74
      -5.05405566533262
       0.55354772393976
       1.00000000000000
 73 75 -1
obdef
loc3d
        4.90918301095293              0.69233086407935            229.95614624023440     -1
kind
     25     
    68400          153282     
       12.25000000000000  
 OBS            75
       2.20817552820699
       4.46293107931514
       1.00000000000000
 74 76 -1
obdef
loc3d
        4.90002894620424              0.69031812013417            840.25653076171875     -1
kind
     25     
    68400          153282     
       12.25000000000000  
 OBS            76
       5.27030168662363
       3.15662385438284
       1.00000000000000
 75 77 -1
obdef
loc3d
        4.90540352515539              0.69194112440599            606.33142089843750     -1
kind
     26     
    68400          153282     
       12.25000000000000  
 OBS            77
       5.75049934072694
       2.72084931580712
       1.00000000000000
 76 78 -1
obdef
loc3d
        4.94546412681761              0.68348353984884             17.75631332397461     -1
kind
     26     
    68400          153282     
       12.25000000000000  
 OBS            78
       4.94410344031668
       3.84955964303377
       1.00000000000000
 77 79 -1
obdef
loc3d
        4.94660974174000              0.67744857875853             29.35406684875488     -1
kind
     26     
    68400          153282     
       12.25000000000000  
 OBS            79
       3.12628121762316
       3.88661861540860
       1.00000000000000
 78 80 -1
obdef
loc3d
        4.94648126630843              0.68652865419204             54.82812500000000     -1
kind
     26     
    68400          153282     
       12.25000000000000  
 OBS            80
      -3.59795487076820
       4.24669713087976
       1.00000000000000
 79 81 -1
obdef
loc3d
        4.94445426011379              0.68507566758975             62.61011505126953     -1
kind
     26     
    68400          153282     
       12.25000000000000  
 OBS            81
       4.44451143558307
       4.51341136429584
       1.00000000000000
 80 82 -1
obdef
loc3d
        4.94602055174578              0.68752162087271            134.15721130371091     -1
kind
     26     
    68400          153282     
       12.25000000000000  
 OBS            82
       1.89589753597719
       3.58361549008234
       1.00000000000000
 81 83 -1
obdef
loc3d
        4.94603912728501              0.67254511985829             35.00297546386719     -1
kind
     26     
    68400          153282     
       12.25000000000000  
 OBS            83
       3.28535412817449
       3.27723004583093
       1.00000000000000
 82 84 -1
obdef
loc3d
        4.95877904994953              0.67986585977255             17.04111671447754     -1
kind
     26     
    68400          153282     
       12.25000000000000  
 OBS            84
       8.06327703617808
       3.83441067488134
       1.00000000000000
 83 85 -1
obdef
loc3d
        4.93958042817759              0.69095160998657            226.13127136230469     -1
kind
     26     
    68400          153282     
       12.25000000000000  
 OBS            85
       2.66878733019918
       3.82609704730003
       1.00000000000000
 84 86 -1
obdef
loc3d
        4.95756313665553              0.69181797222864             89.84997558593750     -1
kind
     26     
    68400          153282     
       12.25000000000000  
 OBS            86
       3.71630974385662
       4.28329512680628
       1.00000000000000
 85 87 -1
obdef
loc3d
        4.94078657111844              0.67409210989409             60.81152343750000     -1
kind
     26     
    68400          153282     
       12.25000000000000  
 OBS            87
       4.92057452513245
       4.50912537762915
       1.00000000000000
 86 88 -1
obdef
loc3d
        4.95557846691255              0.67267262139613              1.00000000000000     -1
kind
     26     
    68400          153282     
       12.25000000000000  
 OBS            88
       4.05041191473689
       2.57860401522024
       1.00000000000000
 87 89 -1
obdef
loc3d
        4.93193348448080              0.68856418981073            106.00000000000000     -1
kind
     26     
    68400          153282     
       12.25000000000000  
 OBS            89
      -3.76199438843327
       2.16879979618120
       1.00000000000000
 88 90 -1
obdef
loc3d
        4.89970838141578              0.68765245249877            785.09423828125000     -1
kind
     26     
    68400          153282     
       12.25000000000000  
 OBS            90
       0.59903580001711
       4.53813150701965
       1.00000000000000
 89 91 -1
obdef
loc3d
        4.95026814558372              0.68993059237416             93.11567687988281     -1
kind
     26     
    68400          153282     
       12.25000000000000  
 OBS            91
       3.21053137787157
       4.57048892450554
       1.00000000000000
 90 92 -1
obdef
loc3d
        4.94174512165160              0.68484635226999            116.56585693359381     -1
kind
     26     
    68400          153282     
       12.25000000000000  
 OBS            92
       7.45072378968929
       4.50900495934963
       1.00000000000000
 91 93 -1
obdef
loc3d
        4.95420735021482              0.68473663912788             15.00000000000000     -1
kind
     26     
    68400          153282     
       12.25000000000000  
 OBS            93
       6.50325505052535
       3.34614570721200
       1.00000000000000
 92 94 -1
obdef
loc3d
        4.93477042118681              0.68310638816012            118.89588928222661     -1
kind
     26     
    68400          153282     
       12.25000000000000  
 OBS            94
       1.24649432323499
       4.51794983089513
       1.00000000000000
 93 95 -1
obdef
loc3d
        4.93795631029682              0.68276407673392            144.94107055664060     -1
kind
     26     
    68400          153282     
       12.25000000000000  
 OBS            95
       5.68713775599934
       4.05022122472851
       1.00000000000000
 94 96 -1
obdef
loc3d
        4.94001671685736              0.68064929967652             43.67281723022461     -1
kind
     26     
    68400          153282     
       12.25000000000000  
 OBS            96
       2.25851069726862
       3.30015575037720
       1.00000000000000
 95 97 -1
obdef
loc3d
        4.94058460161740              0.67807181314514             70.17810058593750     -1
kind
     26     
    68400          153282     
       12.25000000000000  
 OBS            97
      -0.25143971643862
       4.36229470009783
       1.00000000000000
 96 98 -1
obdef
loc3d
        4.95423295419494              0.68033176843505              3.71636104583740     -1
kind
     26     
    68400          153282     
       12.25000000000000  
 OBS            98
      -1.30906301762479
       2.38086998627647
       1.00000000000000
 97 99 -1
obdef
loc3d
        4.94926894458696              0.66642585587446             10.91526031494141     -1
kind
     26     
    68400          153282     
       12.25000000000000  
 OBS            99
       3.19964032014003
       3.42323827692596
       1.00000000000000
 98 100 -1
obdef
loc3d
        4.96223480186848              0.66700036066835              5.00000000000000     -1
kind
     26     
    68400          153282     
       12.25000000000000  
 OBS            100
       4.69857916561838
       3.96346356449819
       1.00000000000000
 99 101 -1
obdef
loc3d
        4.95546148971009              0.67729393735082              6.17724800109863     -1
kind
     26     
    68400          153282     
       12.25000000000000  
 OBS            101
       0.31117552458634
      -0.04207119522443
       1.00000000000000
 100 102 -1
obdef
loc3d
        4.92652723985629              0.69051382381431            146.04148864746091     -1
kind
     26     
    68400          153282     
       12.25000000000000  
 OBS            102
       1.08026564370097
       2.54522714747130
       1.00000000000000
 101 103 -1
obdef
loc3d
        4.96366005344362              0.66920346185787              6.00000000000000     -1
kind
     26     
    68400          153282     
       12.25000000000000  
 OBS            103
       4.77257399607479
       4.75569557285169
       1.00000000000000
 102 104 -1
obdef
loc3d
        4.97052949833720              0.66907739847133              8.84140872955322     -1
kind
     26     
    68400          153282     
       12.25000000000000  
 OBS            104
       4.38294714819694
       4.13425340188531
       1.00000000000000
 103 105 -1
obdef
loc3d
        4.93505853489354              0.69035668900909            163.38452148437500     -1
kind
     26     
    68400          153282     
       12.25000000000000  
 OBS            105
       4.69956657907054
       4.54934427309682
       1.00000000000000
 104 106 -1
obdef
loc3d
        4.93979773523841              0.67259214116167             45.00000000000000     -1
kind
     26     
    68400          153282     
       12.25000000000000  
 OBS            106
      -1.74340727772474
       2.32794999073669
       1.00000000000000
 105 107 -1
obdef
loc3d
        4.92901815402419              0.68818595396932            126.56063842773440     -1
kind
     26     
    68400          153282     
       12.25000000000000  
 OBS            107
       3.30259770204183
       1.87918476795199
       1.00000000000000
 106 108 -1
obdef
loc3d
        4.92864050752959              0.68988490592333            360.09008789062500     -1
kind
     26     
    68400          153282     
       12.25000000000000  
 OBS            108
       6.08301935446558
       4.34837371615660
       1.00000000000000
 107 109 -1
obdef
loc3d
        4.94071794293451              0.68880476183725            173.77728271484381     -1
kind
     26     
    68400          153282     
       12.25000000000000  
 OBS            109
      -0.21478543364145
       3.72416958846731
       1.00000000000000
 108 110 -1
obdef
loc3d
        4.94475069255349              0.67936922784321             17.10044860839844     -1
kind
     26     
    68400          153282     
       12.25000000000000  
 OBS            110
       0.69069781380102
       3.41584041390624
       1.00000000000000
 109 111 -1
obdef
loc3d
        4.93040524362615              0.68956958577383            472.38653564453119     -1
kind
     26     
    68400          153282     
       12.25000000000000  
 OBS            111
       0.61148742785554
       4.51839568918226
       1.00000000000000
 110 112 -1
obdef
loc3d
        4.93438788521233              0.68743777381223            157.39462280273440     -1
kind
     26     
    68400          153282     
       12.25000000000000  
 OBS            112
      10.23795649361669
       2.80328091298914
       1.00000000000000
 111 113 -1
obdef
loc3d
        4.93003537520636              0.69083454089469            382.75677490234381     -1
kind
     26     
    68400          153282     
       12.25000000000000  
 OBS            113
       0.74277836212356
       4.04952996572703
       1.00000000000000
 112 114 -1
obdef
loc3d
        4.94262489165251              0.68702513034102            130.29710388183591     -1
kind
     26     
    68400          153282     
       12.25000000000000  
 OBS            114
       5.88503713579143
       3.14758133087379
       1.00000000000000
 113 115 -1
obdef
loc3d
        4.93100113789334              0.68653549583784             94.66114807128906     -1
kind
     26     
    68400          153282     
       12.25000000000000  
 OBS            115
       5.06749815052552
       4.05167440987237
       1.00000000000000
 114 116 -1
obdef
loc3d
        4.94000002935902              0.67612888350011             59.69976806640625     -1
kind
     26     
    68400          153282     
       12.25000000000000  
 OBS            116
       4.02041660401706
       4.00303987277293
       1.00000000000000
 115 117 -1
obdef
loc3d
        4.94231604692662              0.69077376274482            190.83442687988281     -1
kind
     26     
    68400          153282     
       12.25000000000000  
 OBS            117
      -2.12900254020839
       3.65867288161681
       1.00000000000000
 116 118 -1
obdef
loc3d
        4.93554247635603              0.69268257167582            131.09960937500000     -1
kind
     26     
    68400          153282     
       12.25000000000000  
 OBS            118
       4.74712738708714
       4.23539123991098
       1.00000000000000
 117 119 -1
obdef
loc3d
        4.94069913477896              0.68279864123905            131.77731323242190     -1
kind
     26     
    68400          153282     
       12.25000000000000  
 OBS            119
      -0.32640524839752
       3.48489491992330
       1.00000000000000
 118 120 -1
obdef
loc3d
        4.94367854378329              0.67420565331297             56.55799865722656     -1
kind
     26     
    68400          153282     
       12.25000000000000  
 OBS            120
       5.80580934132600
       3.67771932349797
       1.00000000000000
 119 121 -1
obdef
loc3d
        4.93814984943932              0.67457436016830             39.55386734008789     -1
kind
     26     
    68400          153282     
       12.25000000000000  
 OBS            121
       0.43803133983486
       3.24561096360188
       1.00000000000000
 120 122 -1
obdef
loc3d
        4.94253566982520              0.68065092526894             48.56933593750000     -1
kind
     26     
    68400          153282     
       12.25000000000000  
 OBS            122
       4.39348386489710
       4.52974143037233
       1.00000000000000
 121 123 -1
obdef
loc3d
        4.93593154408741              0.68080949477360             85.35743713378906     -1
kind
     26     
    68400          153282     
       12.25000000000000  
 OBS            123
       4.01367941699040
       3.65978179710228
       1.00000000000000
 122 124 -1
obdef
loc3d
        4.94758068519446              0.69282395273635            179.51908874511719     -1
kind
     26     
    68400          153282     
       12.25000000000000  
 OBS            124
       5.32581150987907
       4.05838360455714
       1.00000000000000
 123 125 -1
obdef
loc3d
        4.93541634697774              0.67261831698898             21.54207611083984     -1
kind
     26     
    68400          153282     
       12.25000000000000  
 OBS            125
       6.78095472520346
       4.70134910187124
       1.00000000000000
 124 126 -1
obdef
loc3d
        4.93342752395137              0.68533697059699            120.48287200927730     -1
kind
     26     
    68400          153282     
       12.25000000000000  
 OBS            126
       1.33236388603344
       2.05838241899458
       1.00000000000000
 125 127 -1
obdef
loc3d
        4.92811551620144              0.69141391763145            189.00242614746091     -1
kind
     26     
    68400          153282     
       12.25000000000000  
 OBS            127
       0.49436110567933
       3.84622073610049
       1.00000000000000
 126 128 -1
obdef
loc3d
        4.94328780634786              0.67761918906629             21.61136627197266     -1
kind
     26     
    68400          153282     
       12.25000000000000  
 OBS            128
       7.84906375929448
       4.25086786989781
       1.00000000000000
 127 129 -1
obdef
loc3d
        4.93617130041664              0.68578341426755            199.41349792480469     -1
kind
     26     
    68400          153282     
       12.25000000000000  
 OBS            129
      10.84825905660351
       4.14915035786456
       1.00000000000000
 128 130 -1
obdef
loc3d
        4.94488890698391              0.68151038983677             42.34177017211914     -1
kind
     26     
    68400          153282     
       12.25000000000000  
 OBS            130
       1.74721721279393
       3.77799948393915
       1.00000000000000
 129 131 -1
obdef
loc3d
        4.94610769319308              0.67540343249948             44.88281250000000     -1
kind
     26     
    68400          153282     
       12.25000000000000  
 OBS            131
       7.89379158225026
       4.42145108793292
       1.00000000000000
 130 132 -1
obdef
loc3d
        4.93098289428918              0.69278368564599            411.59194946289062     -1
kind
     26     
    68400          153282     
       12.25000000000000  
 OBS            132
       0.72310623170549
       3.54143597986976
       1.00000000000000
 131 133 -1
obdef
loc3d
        4.93746284305807              0.67295620864423             44.45593643188477     -1
kind
     26     
    68400          153282     
       12.25000000000000  
 OBS            133
       1.38168285949437
       4.55403092423303
       1.00000000000000
 132 134 -1
obdef
loc3d
        4.93742549337872              0.68866580079864            241.84100341796881     -1
kind
     26     
    68400          153282     
       12.25000000000000  
 OBS            134
       0.28310829541670
       3.59027952074869
       1.00000000000000
 133 135 -1
obdef
loc3d
        4.94310367286119              0.67063823067780             37.30942153930664     -1
kind
     26     
    68400          153282     
       12.25000000000000  
 OBS            135
       7.58828522173486
       3.84559393598743
       1.00000000000000
 134 136 -1
obdef
loc3d
        4.94312354358950              0.69286317278749            201.84664916992190     -1
kind
     26     
    68400          153282     
       12.25000000000000  
 OBS            136
      -1.90757053905581
       3.48732622193844
       1.00000000000000
 135 137 -1
obdef
loc3d
        4.93202293942753              0.69056809921756            124.38476562500000     -1
kind
     26     
    68400          153282     
       12.25000000000000  
 OBS            137
       0.37424390597530
       3.86518520875684
       1.00000000000000
 136 138 -1
obdef
loc3d
        4.93852899085493              0.69282303339671            210.85327148437500     -1
kind
     26     
    68400          153282     
       12.25000000000000  
 OBS            138
       7.36914114094092
       4.43826957378350
       1.00000000000000
 137 139 -1
obdef
loc3d
        4.93925110381924              0.68654477021234            169.40324401855469     -1
kind
     26     
    68400          153282     
       12.25000000000000  
 OBS            139
       0.61418973598671
       3.51361537378695
       1.00000000000000
 138 140 -1
obdef
loc3d
        4.94561300163474              0.69021407942450            101.67103576660161     -1
kind
     26     
    68400          153282     
       12.25000000000000  
 OBS            140
       1.72142446792280
       3.60040346797681
       1.00000000000000
 139 141 -1
obdef
loc3d
        4.94677761419795              0.66921213830349             30.00000000000000     -1
kind
     26     
    68400          153282     
       12.25000000000000  
 OBS            141
       0.98499336443749
       1.25582494671948
       1.00000000000000
 140 142 -1
obdef
loc3d
        4.91464000802058              0.69220313236118            256.98049926757812     -1
kind
     26     
    68400          153282     
       12.25000000000000  
 OBS            142
       0.27699465955077
       1.40529180367407
       1.00000000000000
 141 143 -1
obdef
loc3d
        4.91222840493483              0.69213090540308            311.66015625000000     -1
kind
     26     
    68400          153282     
       12.25000000000000  
 OBS            143
       6.75879957771449
       2.29989498636406
       1.00000000000000
 142 144 -1
obdef
loc3d
        4.90319820253832              0.69077085029214            558.21520996093750     -1
kind
     26     
    68400          153282     
       12.25000000000000  
 OBS            144
      -1.62187603476093
       2.62105210766022
       1.00000000000000
 143 145 -1
obdef
loc3d
        4.90548367400941              0.68961427180382            340.45385742187500     -1
kind
     26     
    68400          153282     
       12.25000000000000  
 OBS            145
      11.32747354664037
       3.15611020733344
       1.00000000000000
 144 146 -1
obdef
loc3d
        4.90182808691748              0.69286665451088            711.58941650390625     -1
kind
     26     
    68400          153282     
       12.25000000000000  
 OBS            146
      -0.42231475725647
       4.15278794535463
       1.00000000000000
 145 147 -1
obdef
loc3d
        4.92199514385413              0.69211089395115            185.84292602539060     -1
kind
     26     
    68400          153282     
       12.25000000000000  
 OBS            147
       1.69761743089662
       2.29618900614142
       1.00000000000000
 146 148 -1
obdef
loc3d
        4.91709198426003              0.69266703903771            205.88345336914060     -1
kind
     26     
    68400          153282     
       12.25000000000000  
 OBS            148
      -0.93502567383618
       0.32665369088469
       1.00000000000000
 147 149 -1
obdef
loc3d
        4.91305125126208              0.69031483822850            320.48217773437500     -1
kind
     26     
    68400          153282     
       12.25000000000000  
 OBS            149
       3.46404768902380
       2.23520092094347
       1.00000000000000
 148 150 -1
obdef
loc3d
        4.90918301095293              0.69233086407935            229.95614624023440     -1
kind
     26     
    68400          153282     
       12.25000000000000  
 OBS            150
       6.51998916414802
       2.68246928758591
       1.00000000000000
 149 151 -1
obdef
loc3d
        4.90002894620424              0.69031812013417            840.25653076171875     -1
kind
     26     
    68400          153282     
       12.25000000000000  
 OBS            151
     301.33594562710869
     300.45025277228501
       1.00000000000000
 150 152 -1
obdef
loc3d
        4.90540352515539              0.69194112440599            606.33142089843750     -1
kind
     27     
    68400          153282     
        6.25000000000000  
 OBS            152
     304.40329130239212
     303.75856345518997
       1.00000000000000
 151 153 -1
obdef
loc3d
        4.94546412681761              0.68348353984884             17.75631332397461     -1
kind
     27     
    68400          153282     
        6.25000000000000  
 OBS            153
     305.23636365729669
     304.19705806159601
       1.00000000000000
 152 154 -1
obdef
loc3d
        4.94660974174000              0.67744857875853             29.35406684875488     -1
kind
     27     
    68400          153282     
        6.25000000000000  
 OBS            154
     303.67617557539938
     303.87814687782497
       1.00000000000000
 153 155 -1
obdef
loc3d
        4.94648126630843              0.68652865419204             54.82812500000000     -1
kind
     27     
    68400          153282     
        6.25000000000000  
 OBS            155
     304.36561234534435
     303.85771070473101
       1.00000000000000
 154 156 -1
obdef
loc3d
        4.94445426011379              0.68507566758975             62.61011505126953     -1
kind
     27     
    68400          153282     
        6.25000000000000  
 OBS            156
     303.29616168156770
     303.02608107249102
       1.00000000000000
 155 157 -1
obdef
loc3d
        4.94602055174578              0.68752162087271            134.15721130371091     -1
kind
     27     
    68400          153282     
        6.25000000000000  
 OBS            157
     302.93901602337115
     304.43564963109100
       1.00000000000000
 156 158 -1
obdef
loc3d
        4.94603912728501              0.67254511985829             35.00297546386719     -1
kind
     27     
    68400          153282     
        6.25000000000000  
 OBS            158
     303.84436787307448
     303.76839680391799
       1.00000000000000
 157 159 -1
obdef
loc3d
        4.95877904994953              0.67986585977255             17.04111671447754     -1
kind
     27     
    68400          153282     
        6.25000000000000  
 OBS            159
     304.18317983122449
     303.03663078041200
       1.00000000000000
 158 160 -1
obdef
loc3d
        4.93958042817759              0.69095160998657            226.13127136230469     -1
kind
     27     
    68400          153282     
        6.25000000000000  
 OBS            160
     302.94079941774174
     302.26415607062700
       1.00000000000000
 159 161 -1
obdef
loc3d
        4.95756313665553              0.69181797222864             89.84997558593750     -1
kind
     27     
    68400          153282     
        6.25000000000000  
 OBS            161
     304.18154850227558
     304.73333281357299
       1.00000000000000
 160 162 -1
obdef
loc3d
        4.94078657111844              0.67409210989409             60.81152343750000     -1
kind
     27     
    68400          153282     
        6.25000000000000  
 OBS            162
     303.82923433786056
     304.83077420603098
       1.00000000000000
 161 163 -1
obdef
loc3d
        4.95557846691255              0.67267262139613              1.00000000000000     -1
kind
     27     
    68400          153282     
        6.25000000000000  
 OBS            163
     301.32182708501051
     302.29415291538299
       1.00000000000000
 162 164 -1
obdef
loc3d
        4.93193348448080              0.68856418981073            106.00000000000000     -1
kind
     27     
    68400          153282     
        6.25000000000000  
 OBS            164
     297.87120416685588
     297.82971413175898
       1.00000000000000
 163 165 -1
obdef
loc3d
        4.89970838141578              0.68765245249877            785.09423828125000     -1
kind
     27     
    68400          153282     
        6.25000000000000  
 OBS            165
     302.31044056025661
     302.76535512297801
       1.00000000000000
 164 166 -1
obdef
loc3d
        4.95026814558372              0.68993059237416             93.11567687988281     -1
kind
     27     
    68400          153282     
        6.25000000000000  
 OBS            166
     302.51082592231842
     304.17324195985702
       1.00000000000000
 165 167 -1
obdef
loc3d
        4.94174512165160              0.68484635226999            116.56585693359381     -1
kind
     27     
    68400          153282     
        6.25000000000000  
 OBS            167
     304.16876409545654
     303.30034977303700
       1.00000000000000
 166 168 -1
obdef
loc3d
        4.95420735021482              0.68473663912788             15.00000000000000     -1
kind
     27     
    68400          153282     
        6.25000000000000  
 OBS            168
     304.43147625374962
     304.39875736687401
       1.00000000000000
 167 169 -1
obdef
loc3d
        4.93477042118681              0.68310638816012            118.89588928222661     -1
kind
     27     
    68400          153282     
        6.25000000000000  
 OBS            169
     306.74412453299209
     304.04221767367198
       1.00000000000000
 168 170 -1
obdef
loc3d
        4.93795631029682              0.68276407673392            144.94107055664060     -1
kind
     27     
    68400          153282     
        6.25000000000000  
 OBS            170
     303.07479192282847
     303.93462285108501
       1.00000000000000
 169 171 -1
obdef
loc3d
        4.94001671685736              0.68064929967652             43.67281723022461     -1
kind
     27     
    68400          153282     
        6.25000000000000  
 OBS            171
     303.92972748049874
     304.56107325101101
       1.00000000000000
 170 172 -1
obdef
loc3d
        4.94058460161740              0.67807181314514             70.17810058593750     -1
kind
     27     
    68400          153282     
        6.25000000000000  
 OBS            172
     302.46655597339560
     303.83950327882798
       1.00000000000000
 171 173 -1
obdef
loc3d
        4.95423295419494              0.68033176843505              3.71636104583740     -1
kind
     27     
    68400          153282     
        6.25000000000000  
 OBS            173
     304.95736404900157
     305.30102208478303
       1.00000000000000
 172 174 -1
obdef
loc3d
        4.94926894458696              0.66642585587446             10.91526031494141     -1
kind
     27     
    68400          153282     
        6.25000000000000  
 OBS            174
     306.48234524152150
     305.43384177580702
       1.00000000000000
 173 175 -1
obdef
loc3d
        4.96223480186848              0.66700036066835              5.00000000000000     -1
kind
     27     
    68400          153282     
        6.25000000000000  
 OBS            175
     302.21680792471722
     304.25106867508998
       1.00000000000000
 174 176 -1
obdef
loc3d
        4.95546148971009              0.67729393735082              6.17724800109863     -1
kind
     27     
    68400          153282     
        6.25000000000000  
 OBS            176
     301.26485004967441
     299.70256133794999
       1.00000000000000
 175 177 -1
obdef
loc3d
        4.92652723985629              0.69051382381431            146.04148864746091     -1
kind
     27     
    68400          153282     
        6.25000000000000  
 OBS            177
     303.38760809000564
     304.50425988195502
       1.00000000000000
 176 178 -1
obdef
loc3d
        4.96366005344362              0.66920346185787              6.00000000000000     -1
kind
     27     
    68400          153282     
        6.25000000000000  
 OBS            178
     302.03067397244087
     302.88782438641698
       1.00000000000000
 177 179 -1
obdef
loc3d
        4.97052949833720              0.66907739847133              8.84140872955322     -1
kind
     27     
    68400          153282     
        6.25000000000000  
 OBS            179
     303.25322253697948
     302.76345449955102
       1.00000000000000
 178 180 -1
obdef
loc3d
        4.93505853489354              0.69035668900909            163.38452148437500     -1
kind
     27     
    68400          153282     
        6.25000000000000  
 OBS            180
     306.82105746768485
     304.86691430070499
       1.00000000000000
 179 181 -1
obdef
loc3d
        4.93979773523841              0.67259214116167             45.00000000000000     -1
kind
     27     
    68400          153282     
        6.25000000000000  
 OBS            181
     301.32814487995728
     301.01129692664898
       1.00000000000000
 180 182 -1
obdef
loc3d
        4.92901815402419              0.68818595396932            126.56063842773440     -1
kind
     27     
    68400          153282     
        6.25000000000000  
 OBS            182
     301.60337147842000
     300.56886925390501
       1.00000000000000
 181 183 -1
obdef
loc3d
        4.92864050752959              0.68988490592333            360.09008789062500     -1
kind
     27     
    68400          153282     
        6.25000000000000  
 OBS            183
     303.98819325657627
     304.23694138317398
       1.00000000000000
 182 184 -1
obdef
loc3d
        4.94071794293451              0.68880476183725            173.77728271484381     -1
kind
     27     
    68400          153282     
        6.25000000000000  
 OBS            184
     305.08118272381921
     304.09781941578399
       1.00000000000000
 183 185 -1
obdef
loc3d
        4.94475069255349              0.67936922784321             17.10044860839844     -1
kind
     27     
    68400          153282     
        6.25000000000000  
 OBS            185
     299.61493162514398
     299.46416979464499
       1.00000000000000
 184 186 -1
obdef
loc3d
        4.93040524362615              0.68956958577383            472.38653564453119     -1
kind
     27     
    68400          153282     
        6.25000000000000  
 OBS            186
     303.29125266672287
     302.77456750623003
       1.00000000000000
 185 187 -1
obdef
loc3d
        4.93438788521233              0.68743777381223            157.39462280273440     -1
kind
     27     
    68400          153282     
        6.25000000000000  
 OBS            187
     299.68322925221429
     300.16485055044899
       1.00000000000000
 186 188 -1
obdef
loc3d
        4.93003537520636              0.69083454089469            382.75677490234381     -1
kind
     27     
    68400          153282     
        6.25000000000000  
 OBS            188
     302.52925418692757
     303.68638393650099
       1.00000000000000
 187 189 -1
obdef
loc3d
        4.94262489165251              0.68702513034102            130.29710388183591     -1
kind
     27     
    68400          153282     
        6.25000000000000  
 OBS            189
     302.32972422929208
     302.53377302144702
       1.00000000000000
 188 190 -1
obdef
loc3d
        4.93100113789334              0.68653549583784             94.66114807128906     -1
kind
     27     
    68400          153282     
        6.25000000000000  
 OBS            190
     305.36383677486077
     305.26474284690602
       1.00000000000000
 189 191 -1
obdef
loc3d
        4.94000002935902              0.67612888350011             59.69976806640625     -1
kind
     27     
    68400          153282     
        6.25000000000000  
 OBS            191
     302.46225843202717
     303.40306351866701
       1.00000000000000
 190 192 -1
obdef
loc3d
        4.94231604692662              0.69077376274482            190.83442687988281     -1
kind
     27     
    68400          153282     
        6.25000000000000  
 OBS            192
     301.93759785357781
     302.50233337110200
       1.00000000000000
 191 193 -1
obdef
loc3d
        4.93554247635603              0.69268257167582            131.09960937500000     -1
kind
     27     
    68400          153282     
        6.25000000000000  
 OBS            193
     303.07558871770965
     303.93638528261698
       1.00000000000000
 192 194 -1
obdef
loc3d
        4.94069913477896              0.68279864123905            131.77731323242190     -1
kind
     27     
    68400          153282     
        6.25000000000000  
 OBS            194
     305.16422695273184
     304.37120453422699
       1.00000000000000
 193 195 -1
obdef
loc3d
        4.94367854378329              0.67420565331297             56.55799865722656     -1
kind
     27     
    68400          153282     
        6.25000000000000  
 OBS            195
     306.06861432160736
     304.83350249542798
       1.00000000000000
 194 196 -1
obdef
loc3d
        4.93814984943932              0.67457436016830             39.55386734008789     -1
kind
     27     
    68400          153282     
        6.25000000000000  
 OBS            196
     304.05250894075550
     304.36634835587199
       1.00000000000000
 195 197 -1
obdef
loc3d
        4.94253566982520              0.68065092526894             48.56933593750000     -1
kind
     27     
    68400          153282     
        6.25000000000000  
 OBS            197
     305.16571531560345
     304.54357347462502
       1.00000000000000
 196 198 -1
obdef
loc3d
        4.93593154408741              0.68080949477360             85.35743713378906     -1
kind
     27     
    68400          153282     
        6.25000000000000  
 OBS            198
     302.99731103049663
     302.16574888946099
       1.00000000000000
 197 199 -1
obdef
loc3d
        4.94758068519446              0.69282395273635            179.51908874511719     -1
kind
     27     
    68400          153282     
        6.25000000000000  
 OBS            199
     305.48151350035511
     305.00775060251402
       1.00000000000000
 198 200 -1
obdef
loc3d
        4.93541634697774              0.67261831698898             21.54207611083984     -1
kind
     27     
    68400          153282     
        6.25000000000000  
 OBS            200
     303.72055224174341
     304.10940995159598
       1.00000000000000
 199 201 -1
obdef
loc3d
        4.93342752395137              0.68533697059699            120.48287200927730     -1
kind
     27     
    68400          153282     
        6.25000000000000  
 OBS            201
     298.84205344628782
     299.92959798118898
       1.00000000000000
 200 202 -1
obdef
loc3d
        4.92811551620144              0.69141391763145            189.00242614746091     -1
kind
     27     
    68400          153282     
        6.25000000000000  
 OBS            202
     307.62291768352583
     304.86497479218599
       1.00000000000000
 201 203 -1
obdef
loc3d
        4.94328780634786              0.67761918906629             21.61136627197266     -1
kind
     27     
    68400          153282     
        6.25000000000000  
 OBS            203
     303.37343648069628
     302.55336661763198
       1.00000000000000
 202 204 -1
obdef
loc3d
        4.93617130041664              0.68578341426755            199.41349792480469     -1
kind
     27     
    68400          153282     
        6.25000000000000  
 OBS            204
     304.87152789643312
     304.52101995756999
       1.00000000000000
 203 205 -1
obdef
loc3d
        4.94488890698391              0.68151038983677             42.34177017211914     -1
kind
     27     
    68400          153282     
        6.25000000000000  
 OBS            205
     302.44360448121728
     303.97087448746697
       1.00000000000000
 204 206 -1
obdef
loc3d
        4.94610769319308              0.67540343249948             44.88281250000000     -1
kind
     27     
    68400          153282     
        6.25000000000000  
 OBS            206
     301.48566901464704
     300.41265774686502
       1.00000000000000
 205 207 -1
obdef
loc3d
        4.93098289428918              0.69278368564599            411.59194946289062     -1
kind
     27     
    68400          153282     
        6.25000000000000  
 OBS            207
     308.07088821176501
     304.84958145265898
       1.00000000000000
 206 208 -1
obdef
loc3d
        4.93746284305807              0.67295620864423             44.45593643188477     -1
kind
     27     
    68400          153282     
        6.25000000000000  
 OBS            208
     303.77700119016481
     302.67445099544398
       1.00000000000000
 207 209 -1
obdef
loc3d
        4.93742549337872              0.68866580079864            241.84100341796881     -1
kind
     27     
    68400          153282     
        6.25000000000000  
 OBS            209
     306.43465912632013
     305.43010880978102
       1.00000000000000
 208 210 -1
obdef
loc3d
        4.94310367286119              0.67063823067780             37.30942153930664     -1
kind
     27     
    68400          153282     
        6.25000000000000  
 OBS            210
     303.11602307913847
     303.38960875644602
       1.00000000000000
 209 211 -1
obdef
loc3d
        4.94312354358950              0.69286317278749            201.84664916992190     -1
kind
     27     
    68400          153282     
        6.25000000000000  
 OBS            211
     302.87484956078436
     302.87351500606297
       1.00000000000000
 210 212 -1
obdef
loc3d
        4.93202293942753              0.69056809921756            124.38476562500000     -1
kind
     27     
    68400          153282     
        6.25000000000000  
 OBS            212
     303.73475588068709
     302.47330629478398
       1.00000000000000
 211 213 -1
obdef
loc3d
        4.93852899085493              0.69282303339671            210.85327148437500     -1
kind
     27     
    68400          153282     
        6.25000000000000  
 OBS            213
     302.58942666178120
     304.00378922256300
       1.00000000000000
 212 214 -1
obdef
loc3d
        4.93925110381924              0.68654477021234            169.40324401855469     -1
kind
     27     
    68400          153282     
        6.25000000000000  
 OBS            214
     302.12229143030845
     303.31230167490799
       1.00000000000000
 213 215 -1
obdef
loc3d
        4.94561300163474              0.69021407942450            101.67103576660161     -1
kind
     27     
    68400          153282     
        6.25000000000000  
 OBS            215
     306.84341896773225
     306.25994417085002
       1.00000000000000
 214 216 -1
obdef
loc3d
        4.94677761419795              0.66921213830349             30.00000000000000     -1
kind
     27     
    68400          153282     
        6.25000000000000  
 OBS            216
     301.16872069448311
     300.56699319578098
       1.00000000000000
 215 217 -1
obdef
loc3d
        4.91464000802058              0.69220313236118            256.98049926757812     -1
kind
     27     
    68400          153282     
        6.25000000000000  
 OBS            217
     299.76092712478538
     299.84767634782600
       1.00000000000000
 216 218 -1
obdef
loc3d
        4.91222840493483              0.69213090540308            311.66015625000000     -1
kind
     27     
    68400          153282     
        6.25000000000000  
 OBS            218
     300.60688941490758
     298.25066561289401
       1.00000000000000
 217 219 -1
obdef
loc3d
        4.90319820253832              0.69077085029214            558.21520996093750     -1
kind
     27     
    68400          153282     
        6.25000000000000  
 OBS            219
     300.82517487442533
     300.94450998723499
       1.00000000000000
 218 220 -1
obdef
loc3d
        4.90548367400941              0.68961427180382            340.45385742187500     -1
kind
     27     
    68400          153282     
        6.25000000000000  
 OBS            220
     299.11506270051632
     299.12487475074897
       1.00000000000000
 219 221 -1
obdef
loc3d
        4.90182808691748              0.69286665451088            711.58941650390625     -1
kind
     27     
    68400          153282     
        6.25000000000000  
 OBS            221
     302.60039307219807
     302.64307689306600
       1.00000000000000
 220 222 -1
obdef
loc3d
        4.92199514385413              0.69211089395115            185.84292602539060     -1
kind
     27     
    68400          153282     
        6.25000000000000  
 OBS            222
     303.14890391969976
     302.26721264095897
       1.00000000000000
 221 223 -1
obdef
loc3d
        4.91709198426003              0.69266703903771            205.88345336914060     -1
kind
     27     
    68400          153282     
        6.25000000000000  
 OBS            223
     300.77562077222518
     300.22980827225700
       1.00000000000000
 222 224 -1
obdef
loc3d
        4.91305125126208              0.69031483822850            320.48217773437500     -1
kind
     27     
    68400          153282     
        6.25000000000000  
 OBS            224
     301.45874962751259
     301.01644062528800
       1.00000000000000
 223 225 -1
obdef
loc3d
        4.90918301095293              0.69233086407935            229.95614624023440     -1
kind
     27     
    68400          153282     
        6.25000000000000  
 OBS            225
     297.30779103997133
     298.18282385638400
       1.00000000000000
 224 -1 -1
obdef
loc3d
        4.90002894620424              0.69031812013417            840.25653076171875     -1
kind
     27     
    68400          153282     
        6.25000000000000  
