 obs_sequence
obs_kind_definitions
       4
    25          LAND_SFC_U_WIND_COMPONENT   
    26          LAND_SFC_V_WIND_COMPONENT   
    27          LAND_SFC_TEMPERATURE   
    28          LAND_SFC_SPECIFIC_HUMIDITY   
  num_copies:            2  num_qc:            1
 num_obs:       300  max_num_obs:       300
observations
truth
QC radar
  first:            1  last:       300
 OBS            1
       4.78622664051685
      -0.15463244433976
       1.00000000000000
 -1 2 -1
obdef
loc3d
        4.90540352515539              0.69194112440599            606.33142089843750     -1
kind
     25     
    63900          153925     
       12.25000000000000  
 OBS            2
       6.73561086109172
       1.44994661016178
       1.00000000000000
 1 3 -1
obdef
loc3d
        4.94546412681761              0.68348353984884             17.75631332397461     -1
kind
     25     
    63900          153925     
       12.25000000000000  
 OBS            3
       1.78316097033993
       0.34347947599545
       1.00000000000000
 2 4 -1
obdef
loc3d
        4.94660974174000              0.67744857875853             29.35406684875488     -1
kind
     25     
    63900          153925     
       12.25000000000000  
 OBS            4
       5.78757082170604
       1.72584925496537
       1.00000000000000
 3 5 -1
obdef
loc3d
        4.94648126630843              0.68652865419204             54.82812500000000     -1
kind
     25     
    63900          153925     
       12.25000000000000  
 OBS            5
      -6.25589780647533
      -1.28424833626134
       1.00000000000000
 4 6 -1
obdef
loc3d
        4.94445426011379              0.68507566758975             62.61011505126953     -1
kind
     25     
    63900          153925     
       12.25000000000000  
 OBS            6
       2.29134095772385
       1.61565864770025
       1.00000000000000
 5 7 -1
obdef
loc3d
        4.94602055174578              0.68752162087271            134.15721130371091     -1
kind
     25     
    63900          153925     
       12.25000000000000  
 OBS            7
      -2.37387122645084
      -1.32165666846558
       1.00000000000000
 6 8 -1
obdef
loc3d
        4.94603912728501              0.67254511985829             35.00297546386719     -1
kind
     25     
    63900          153925     
       12.25000000000000  
 OBS            8
       1.77815289282001
       3.98673848709703
       1.00000000000000
 7 9 -1
obdef
loc3d
        4.95877904994953              0.67986585977255             17.04111671447754     -1
kind
     25     
    63900          153925     
       12.25000000000000  
 OBS            9
       1.78979692010740
       2.66138863281091
       1.00000000000000
 8 10 -1
obdef
loc3d
        4.93958042817759              0.69095160998657            226.13127136230469     -1
kind
     25     
    63900          153925     
       12.25000000000000  
 OBS            10
      -0.58921158684742
       2.91894344383779
       1.00000000000000
 9 11 -1
obdef
loc3d
        4.95756313665553              0.69181797222864             89.84997558593750     -1
kind
     25     
    63900          153925     
       12.25000000000000  
 OBS            11
      -2.89716817858096
       1.46107542750366
       1.00000000000000
 10 12 -1
obdef
loc3d
        4.94078657111844              0.67409210989409             60.81152343750000     -1
kind
     25     
    63900          153925     
       12.25000000000000  
 OBS            12
      -0.78733056244470
       2.61918408960562
       1.00000000000000
 11 13 -1
obdef
loc3d
        4.95557846691255              0.67267262139613              1.00000000000000     -1
kind
     25     
    63900          153925     
       12.25000000000000  
 OBS            13
       1.13766560722078
       2.53553363156554
       1.00000000000000
 12 14 -1
obdef
loc3d
        4.93193348448080              0.68856418981073            106.00000000000000     -1
kind
     25     
    63900          153925     
       12.25000000000000  
 OBS            14
       2.10316638572351
       4.03739959355807
       1.00000000000000
 13 15 -1
obdef
loc3d
        4.89970838141578              0.68765245249877            785.09423828125000     -1
kind
     25     
    63900          153925     
       12.25000000000000  
 OBS            15
       1.03585973934731
       1.40546566278268
       1.00000000000000
 14 16 -1
obdef
loc3d
        4.95026814558372              0.68993059237416             93.11567687988281     -1
kind
     25     
    63900          153925     
       12.25000000000000  
 OBS            16
       0.86212121544295
       2.40213176720910
       1.00000000000000
 15 17 -1
obdef
loc3d
        4.94174512165160              0.68484635226999            116.56585693359381     -1
kind
     25     
    63900          153925     
       12.25000000000000  
 OBS            17
       3.10556454552842
       3.37701325203723
       1.00000000000000
 16 18 -1
obdef
loc3d
        4.95420735021482              0.68473663912788             15.00000000000000     -1
kind
     25     
    63900          153925     
       12.25000000000000  
 OBS            18
       0.44316689864971
       2.22343154930623
       1.00000000000000
 17 19 -1
obdef
loc3d
        4.93477042118681              0.68310638816012            118.89588928222661     -1
kind
     25     
    63900          153925     
       12.25000000000000  
 OBS            19
      -3.32631214096264
       1.03842625588752
       1.00000000000000
 18 20 -1
obdef
loc3d
        4.93795631029682              0.68276407673392            144.94107055664060     -1
kind
     25     
    63900          153925     
       12.25000000000000  
 OBS            20
       5.78712983777962
       1.84948596725408
       1.00000000000000
 19 21 -1
obdef
loc3d
        4.94001671685736              0.68064929967652             43.67281723022461     -1
kind
     25     
    63900          153925     
       12.25000000000000  
 OBS            21
       6.94108294791066
       2.10947034879036
       1.00000000000000
 20 22 -1
obdef
loc3d
        4.94058460161740              0.67807181314514             70.17810058593750     -1
kind
     25     
    63900          153925     
       12.25000000000000  
 OBS            22
       4.53877289291167
       3.19825489453163
       1.00000000000000
 21 23 -1
obdef
loc3d
        4.95423295419494              0.68033176843505              3.71636104583740     -1
kind
     25     
    63900          153925     
       12.25000000000000  
 OBS            23
      -7.03633763151375
      -4.10491804626653
       1.00000000000000
 22 24 -1
obdef
loc3d
        4.94926894458696              0.66642585587446             10.91526031494141     -1
kind
     25     
    63900          153925     
       12.25000000000000  
 OBS            24
       2.43221532457726
       3.56951683878809
       1.00000000000000
 23 25 -1
obdef
loc3d
        4.96223480186848              0.66700036066835              5.00000000000000     -1
kind
     25     
    63900          153925     
       12.25000000000000  
 OBS            25
       5.04456584604676
       3.30249604912489
       1.00000000000000
 24 26 -1
obdef
loc3d
        4.95546148971009              0.67729393735082              6.17724800109863     -1
kind
     25     
    63900          153925     
       12.25000000000000  
 OBS            26
      -0.56393354372454
       1.29124967473478
       1.00000000000000
 25 27 -1
obdef
loc3d
        4.92652723985629              0.69051382381431            146.04148864746091     -1
kind
     25     
    63900          153925     
       12.25000000000000  
 OBS            27
       2.09216048052283
       2.54347106002630
       1.00000000000000
 26 28 -1
obdef
loc3d
        4.96366005344362              0.66920346185787              6.00000000000000     -1
kind
     25     
    63900          153925     
       12.25000000000000  
 OBS            28
       5.34865361916438
      -0.07785721205483
       1.00000000000000
 27 29 -1
obdef
loc3d
        4.97052949833720              0.66907739847133              8.84140872955322     -1
kind
     25     
    63900          153925     
       12.25000000000000  
 OBS            29
       1.25647758624981
       2.26537170942593
       1.00000000000000
 28 30 -1
obdef
loc3d
        4.93505853489354              0.69035668900909            163.38452148437500     -1
kind
     25     
    63900          153925     
       12.25000000000000  
 OBS            30
      -1.02469699228733
       2.45157254439328
       1.00000000000000
 29 31 -1
obdef
loc3d
        4.93979773523841              0.67259214116167             45.00000000000000     -1
kind
     25     
    63900          153925     
       12.25000000000000  
 OBS            31
      -1.50889842409767
       1.67089357770933
       1.00000000000000
 30 32 -1
obdef
loc3d
        4.92901815402419              0.68818595396932            126.56063842773440     -1
kind
     25     
    63900          153925     
       12.25000000000000  
 OBS            32
      -0.94719662282989
       1.52419507324320
       1.00000000000000
 31 33 -1
obdef
loc3d
        4.92864050752959              0.68988490592333            360.09008789062500     -1
kind
     25     
    63900          153925     
       12.25000000000000  
 OBS            33
       6.51551162445300
       2.63886658779426
       1.00000000000000
 32 34 -1
obdef
loc3d
        4.94071794293451              0.68880476183725            173.77728271484381     -1
kind
     25     
    63900          153925     
       12.25000000000000  
 OBS            34
       1.99668738682924
       1.76165419322665
       1.00000000000000
 33 35 -1
obdef
loc3d
        4.94475069255349              0.67936922784321             17.10044860839844     -1
kind
     25     
    63900          153925     
       12.25000000000000  
 OBS            35
       4.85601045714234
       2.48880298149034
       1.00000000000000
 34 36 -1
obdef
loc3d
        4.93040524362615              0.68956958577383            472.38653564453119     -1
kind
     25     
    63900          153925     
       12.25000000000000  
 OBS            36
       4.85045762659349
       2.31725261691867
       1.00000000000000
 35 37 -1
obdef
loc3d
        4.93438788521233              0.68743777381223            157.39462280273440     -1
kind
     25     
    63900          153925     
       12.25000000000000  
 OBS            37
       1.13787755274068
       2.06458716656525
       1.00000000000000
 36 38 -1
obdef
loc3d
        4.93003537520636              0.69083454089469            382.75677490234381     -1
kind
     25     
    63900          153925     
       12.25000000000000  
 OBS            38
      -2.43442772956503
       2.75526166956813
       1.00000000000000
 37 39 -1
obdef
loc3d
        4.94262489165251              0.68702513034102            130.29710388183591     -1
kind
     25     
    63900          153925     
       12.25000000000000  
 OBS            39
       1.98725823798141
       1.56197249327978
       1.00000000000000
 38 40 -1
obdef
loc3d
        4.93100113789334              0.68653549583784             94.66114807128906     -1
kind
     25     
    63900          153925     
       12.25000000000000  
 OBS            40
       3.61773651212492
       2.52600211131517
       1.00000000000000
 39 41 -1
obdef
loc3d
        4.94000002935902              0.67612888350011             59.69976806640625     -1
kind
     25     
    63900          153925     
       12.25000000000000  
 OBS            41
      -3.03726169610561
       2.92700437898412
       1.00000000000000
 40 42 -1
obdef
loc3d
        4.94231604692662              0.69077376274482            190.83442687988281     -1
kind
     25     
    63900          153925     
       12.25000000000000  
 OBS            42
       6.64998693026163
       2.68001722724673
       1.00000000000000
 41 43 -1
obdef
loc3d
        4.93554247635603              0.69268257167582            131.09960937500000     -1
kind
     25     
    63900          153925     
       12.25000000000000  
 OBS            43
       8.23080996900225
       2.58171740602329
       1.00000000000000
 42 44 -1
obdef
loc3d
        4.94069913477896              0.68279864123905            131.77731323242190     -1
kind
     25     
    63900          153925     
       12.25000000000000  
 OBS            44
      -5.75201498625039
      -1.17285747093696
       1.00000000000000
 43 45 -1
obdef
loc3d
        4.94367854378329              0.67420565331297             56.55799865722656     -1
kind
     25     
    63900          153925     
       12.25000000000000  
 OBS            45
       3.96927203404961
       3.44245883679313
       1.00000000000000
 44 46 -1
obdef
loc3d
        4.93814984943932              0.67457436016830             39.55386734008789     -1
kind
     25     
    63900          153925     
       12.25000000000000  
 OBS            46
       1.52315489628730
       0.87120591049244
       1.00000000000000
 45 47 -1
obdef
loc3d
        4.94253566982520              0.68065092526894             48.56933593750000     -1
kind
     25     
    63900          153925     
       12.25000000000000  
 OBS            47
       1.84512154937003
       0.73071421578079
       1.00000000000000
 46 48 -1
obdef
loc3d
        4.93593154408741              0.68080949477360             85.35743713378906     -1
kind
     25     
    63900          153925     
       12.25000000000000  
 OBS            48
       4.29745805870949
       2.47043988988341
       1.00000000000000
 47 49 -1
obdef
loc3d
        4.94758068519446              0.69282395273635            179.51908874511719     -1
kind
     25     
    63900          153925     
       12.25000000000000  
 OBS            49
       1.23105313667481
       1.92464891876642
       1.00000000000000
 48 50 -1
obdef
loc3d
        4.93541634697774              0.67261831698898             21.54207611083984     -1
kind
     25     
    63900          153925     
       12.25000000000000  
 OBS            50
       1.00962260531471
       1.86705516690486
       1.00000000000000
 49 51 -1
obdef
loc3d
        4.93342752395137              0.68533697059699            120.48287200927730     -1
kind
     25     
    63900          153925     
       12.25000000000000  
 OBS            51
      -2.23128631690401
       0.72680545288694
       1.00000000000000
 50 52 -1
obdef
loc3d
        4.92811551620144              0.69141391763145            189.00242614746091     -1
kind
     25     
    63900          153925     
       12.25000000000000  
 OBS            52
       4.20326057698255
       1.55176825851413
       1.00000000000000
 51 53 -1
obdef
loc3d
        4.94328780634786              0.67761918906629             21.61136627197266     -1
kind
     25     
    63900          153925     
       12.25000000000000  
 OBS            53
       4.23789917699998
       2.74868507916058
       1.00000000000000
 52 54 -1
obdef
loc3d
        4.93617130041664              0.68578341426755            199.41349792480469     -1
kind
     25     
    63900          153925     
       12.25000000000000  
 OBS            54
      -0.31088421237521
       1.26966179656109
       1.00000000000000
 53 55 -1
obdef
loc3d
        4.94488890698391              0.68151038983677             42.34177017211914     -1
kind
     25     
    63900          153925     
       12.25000000000000  
 OBS            55
      -2.68078797163816
      -3.24684598342043
       1.00000000000000
 54 56 -1
obdef
loc3d
        4.94610769319308              0.67540343249948             44.88281250000000     -1
kind
     25     
    63900          153925     
       12.25000000000000  
 OBS            56
       1.58688643028686
       2.66190960623055
       1.00000000000000
 55 57 -1
obdef
loc3d
        4.93098289428918              0.69278368564599            411.59194946289062     -1
kind
     25     
    63900          153925     
       12.25000000000000  
 OBS            57
       1.44370499792086
       2.26391947480193
       1.00000000000000
 56 58 -1
obdef
loc3d
        4.93746284305807              0.67295620864423             44.45593643188477     -1
kind
     25     
    63900          153925     
       12.25000000000000  
 OBS            58
       1.92627420668328
       2.78824681467672
       1.00000000000000
 57 59 -1
obdef
loc3d
        4.93742549337872              0.68866580079864            241.84100341796881     -1
kind
     25     
    63900          153925     
       12.25000000000000  
 OBS            59
      -1.02834719935153
       2.38417035102665
       1.00000000000000
 58 60 -1
obdef
loc3d
        4.94310367286119              0.67063823067780             37.30942153930664     -1
kind
     25     
    63900          153925     
       12.25000000000000  
 OBS            60
       2.66168513183240
       2.62320961789327
       1.00000000000000
 59 61 -1
obdef
loc3d
        4.94312354358950              0.69286317278749            201.84664916992190     -1
kind
     25     
    63900          153925     
       12.25000000000000  
 OBS            61
      -0.39612848286139
       2.09409808146375
       1.00000000000000
 60 62 -1
obdef
loc3d
        4.93202293942753              0.69056809921756            124.38476562500000     -1
kind
     25     
    63900          153925     
       12.25000000000000  
 OBS            62
       2.10962636460933
       2.14647887334166
       1.00000000000000
 61 63 -1
obdef
loc3d
        4.93852899085493              0.69282303339671            210.85327148437500     -1
kind
     25     
    63900          153925     
       12.25000000000000  
 OBS            63
      -0.10525848739201
       2.87686321953257
       1.00000000000000
 62 64 -1
obdef
loc3d
        4.93925110381924              0.68654477021234            169.40324401855469     -1
kind
     25     
    63900          153925     
       12.25000000000000  
 OBS            64
       1.29218331485996
       1.74591072115018
       1.00000000000000
 63 65 -1
obdef
loc3d
        4.94561300163474              0.69021407942450            101.67103576660161     -1
kind
     25     
    63900          153925     
       12.25000000000000  
 OBS            65
      -8.94720390353038
      -1.88211193846632
       1.00000000000000
 64 66 -1
obdef
loc3d
        4.94677761419795              0.66921213830349             30.00000000000000     -1
kind
     25     
    63900          153925     
       12.25000000000000  
 OBS            66
      -2.93598978730818
      -1.57080942327458
       1.00000000000000
 65 67 -1
obdef
loc3d
        4.91464000802058              0.69220313236118            256.98049926757812     -1
kind
     25     
    63900          153925     
       12.25000000000000  
 OBS            67
      -1.96704292351151
       0.53814326678452
       1.00000000000000
 66 68 -1
obdef
loc3d
        4.91222840493483              0.69213090540308            311.66015625000000     -1
kind
     25     
    63900          153925     
       12.25000000000000  
 OBS            68
      -3.66938482313243
       0.09173863741618
       1.00000000000000
 67 69 -1
obdef
loc3d
        4.90319820253832              0.69077085029214            558.21520996093750     -1
kind
     25     
    63900          153925     
       12.25000000000000  
 OBS            69
      -3.89372639340276
      -2.38303727210295
       1.00000000000000
 68 70 -1
obdef
loc3d
        4.90548367400941              0.68961427180382            340.45385742187500     -1
kind
     25     
    63900          153925     
       12.25000000000000  
 OBS            70
       2.21120495582507
       2.53005183917990
       1.00000000000000
 69 71 -1
obdef
loc3d
        4.90182808691748              0.69286665451088            711.58941650390625     -1
kind
     25     
    63900          153925     
       12.25000000000000  
 OBS            71
      -2.30703585991545
       0.93244541774996
       1.00000000000000
 70 72 -1
obdef
loc3d
        4.92199514385413              0.69211089395115            185.84292602539060     -1
kind
     25     
    63900          153925     
       12.25000000000000  
 OBS            72
      -0.00400834161855
      -0.56532552958474
       1.00000000000000
 71 73 -1
obdef
loc3d
        4.91709198426003              0.69266703903771            205.88345336914060     -1
kind
     25     
    63900          153925     
       12.25000000000000  
 OBS            73
       0.66211999739070
       0.19574993931747
       1.00000000000000
 72 74 -1
obdef
loc3d
        4.91305125126208              0.69031483822850            320.48217773437500     -1
kind
     25     
    63900          153925     
       12.25000000000000  
 OBS            74
      -3.28075220899130
       0.56624855442091
       1.00000000000000
 73 75 -1
obdef
loc3d
        4.90918301095293              0.69233086407935            229.95614624023440     -1
kind
     25     
    63900          153925     
       12.25000000000000  
 OBS            75
       1.94539831776732
       3.60641540443607
       1.00000000000000
 74 76 -1
obdef
loc3d
        4.90002894620424              0.69031812013417            840.25653076171875     -1
kind
     25     
    63900          153925     
       12.25000000000000  
 OBS            76
       1.14774991189030
       0.80793593937053
       1.00000000000000
 75 77 -1
obdef
loc3d
        4.90540352515539              0.69194112440599            606.33142089843750     -1
kind
     26     
    63900          153925     
       12.25000000000000  
 OBS            77
       1.79550351746776
       2.88105852741604
       1.00000000000000
 76 78 -1
obdef
loc3d
        4.94546412681761              0.68348353984884             17.75631332397461     -1
kind
     26     
    63900          153925     
       12.25000000000000  
 OBS            78
      -2.62599632065831
       0.23977496128307
       1.00000000000000
 77 79 -1
obdef
loc3d
        4.94660974174000              0.67744857875853             29.35406684875488     -1
kind
     26     
    63900          153925     
       12.25000000000000  
 OBS            79
      -0.97469492750303
      -0.02313247690507
       1.00000000000000
 78 80 -1
obdef
loc3d
        4.94648126630843              0.68652865419204             54.82812500000000     -1
kind
     26     
    63900          153925     
       12.25000000000000  
 OBS            80
       1.06999922488648
       0.94034315019319
       1.00000000000000
 79 81 -1
obdef
loc3d
        4.94445426011379              0.68507566758975             62.61011505126953     -1
kind
     26     
    63900          153925     
       12.25000000000000  
 OBS            81
       0.81229736051576
      -0.50045685596603
       1.00000000000000
 80 82 -1
obdef
loc3d
        4.94602055174578              0.68752162087271            134.15721130371091     -1
kind
     26     
    63900          153925     
       12.25000000000000  
 OBS            82
       3.79435999894310
       0.76830138358799
       1.00000000000000
 81 83 -1
obdef
loc3d
        4.94603912728501              0.67254511985829             35.00297546386719     -1
kind
     26     
    63900          153925     
       12.25000000000000  
 OBS            83
       3.18979516711402
       0.31338065439340
       1.00000000000000
 82 84 -1
obdef
loc3d
        4.95877904994953              0.67986585977255             17.04111671447754     -1
kind
     26     
    63900          153925     
       12.25000000000000  
 OBS            84
      -3.09527729301255
      -0.56001438061678
       1.00000000000000
 83 85 -1
obdef
loc3d
        4.93958042817759              0.69095160998657            226.13127136230469     -1
kind
     26     
    63900          153925     
       12.25000000000000  
 OBS            85
       1.00642816176218
      -0.92104524883930
       1.00000000000000
 84 86 -1
obdef
loc3d
        4.95756313665553              0.69181797222864             89.84997558593750     -1
kind
     26     
    63900          153925     
       12.25000000000000  
 OBS            86
      -0.03753822184668
       1.20243492817552
       1.00000000000000
 85 87 -1
obdef
loc3d
        4.94078657111844              0.67409210989409             60.81152343750000     -1
kind
     26     
    63900          153925     
       12.25000000000000  
 OBS            87
      -2.14792751431159
      -1.69742419148838
       1.00000000000000
 86 88 -1
obdef
loc3d
        4.95557846691255              0.67267262139613              1.00000000000000     -1
kind
     26     
    63900          153925     
       12.25000000000000  
 OBS            88
      -5.44813228622401
      -0.12216143960047
       1.00000000000000
 87 89 -1
obdef
loc3d
        4.93193348448080              0.68856418981073            106.00000000000000     -1
kind
     26     
    63900          153925     
       12.25000000000000  
 OBS            89
      -7.20803139694112
       0.06425560880697
       1.00000000000000
 88 90 -1
obdef
loc3d
        4.89970838141578              0.68765245249877            785.09423828125000     -1
kind
     26     
    63900          153925     
       12.25000000000000  
 OBS            90
       3.13248253050131
      -0.52196086817806
       1.00000000000000
 89 91 -1
obdef
loc3d
        4.95026814558372              0.68993059237416             93.11567687988281     -1
kind
     26     
    63900          153925     
       12.25000000000000  
 OBS            91
       0.21123819680165
      -1.33955074379784
       1.00000000000000
 90 92 -1
obdef
loc3d
        4.94174512165160              0.68484635226999            116.56585693359381     -1
kind
     26     
    63900          153925     
       12.25000000000000  
 OBS            92
      -0.20768076698142
      -0.14195314675227
       1.00000000000000
 91 93 -1
obdef
loc3d
        4.95420735021482              0.68473663912788             15.00000000000000     -1
kind
     26     
    63900          153925     
       12.25000000000000  
 OBS            93
      -4.41079346756845
      -0.45673745154513
       1.00000000000000
 92 94 -1
obdef
loc3d
        4.93477042118681              0.68310638816012            118.89588928222661     -1
kind
     26     
    63900          153925     
       12.25000000000000  
 OBS            94
      -0.68504504911190
       2.07462334035368
       1.00000000000000
 93 95 -1
obdef
loc3d
        4.93795631029682              0.68276407673392            144.94107055664060     -1
kind
     26     
    63900          153925     
       12.25000000000000  
 OBS            95
       1.10507351214313
       0.87895464263309
       1.00000000000000
 94 96 -1
obdef
loc3d
        4.94001671685736              0.68064929967652             43.67281723022461     -1
kind
     26     
    63900          153925     
       12.25000000000000  
 OBS            96
       4.06422512782885
       0.43323137667647
       1.00000000000000
 95 97 -1
obdef
loc3d
        4.94058460161740              0.67807181314514             70.17810058593750     -1
kind
     26     
    63900          153925     
       12.25000000000000  
 OBS            97
      -1.90834178344870
      -1.74174027052529
       1.00000000000000
 96 98 -1
obdef
loc3d
        4.95423295419494              0.68033176843505              3.71636104583740     -1
kind
     26     
    63900          153925     
       12.25000000000000  
 OBS            98
       5.44777259605820
       0.25229716226186
       1.00000000000000
 97 99 -1
obdef
loc3d
        4.94926894458696              0.66642585587446             10.91526031494141     -1
kind
     26     
    63900          153925     
       12.25000000000000  
 OBS            99
      -1.13054949942604
       1.45992845358031
       1.00000000000000
 98 100 -1
obdef
loc3d
        4.96223480186848              0.66700036066835              5.00000000000000     -1
kind
     26     
    63900          153925     
       12.25000000000000  
 OBS            100
      -2.86882416384265
      -0.08555078978198
       1.00000000000000
 99 101 -1
obdef
loc3d
        4.95546148971009              0.67729393735082              6.17724800109863     -1
kind
     26     
    63900          153925     
       12.25000000000000  
 OBS            101
       4.83307015118686
      -0.50369386660655
       1.00000000000000
 100 102 -1
obdef
loc3d
        4.92652723985629              0.69051382381431            146.04148864746091     -1
kind
     26     
    63900          153925     
       12.25000000000000  
 OBS            102
      -4.62483845597327
       0.47275470927566
       1.00000000000000
 101 103 -1
obdef
loc3d
        4.96366005344362              0.66920346185787              6.00000000000000     -1
kind
     26     
    63900          153925     
       12.25000000000000  
 OBS            103
      12.31094730394701
       5.52232152674559
       1.00000000000000
 102 104 -1
obdef
loc3d
        4.97052949833720              0.66907739847133              8.84140872955322     -1
kind
     26     
    63900          153925     
       12.25000000000000  
 OBS            104
      -1.88397895050679
      -0.73271752102181
       1.00000000000000
 103 105 -1
obdef
loc3d
        4.93505853489354              0.69035668900909            163.38452148437500     -1
kind
     26     
    63900          153925     
       12.25000000000000  
 OBS            105
       0.53117557812176
       1.38013039956621
       1.00000000000000
 104 106 -1
obdef
loc3d
        4.93979773523841              0.67259214116167             45.00000000000000     -1
kind
     26     
    63900          153925     
       12.25000000000000  
 OBS            106
       1.79781763109372
      -0.25414225635153
       1.00000000000000
 105 107 -1
obdef
loc3d
        4.92901815402419              0.68818595396932            126.56063842773440     -1
kind
     26     
    63900          153925     
       12.25000000000000  
 OBS            107
      -2.10277189977534
      -0.84607746135096
       1.00000000000000
 106 108 -1
obdef
loc3d
        4.92864050752959              0.68988490592333            360.09008789062500     -1
kind
     26     
    63900          153925     
       12.25000000000000  
 OBS            108
      -3.60502429800081
       1.08653702823069
       1.00000000000000
 107 109 -1
obdef
loc3d
        4.94071794293451              0.68880476183725            173.77728271484381     -1
kind
     26     
    63900          153925     
       12.25000000000000  
 OBS            109
      -3.53312930162209
      -0.35408579742680
       1.00000000000000
 108 110 -1
obdef
loc3d
        4.94475069255349              0.67936922784321             17.10044860839844     -1
kind
     26     
    63900          153925     
       12.25000000000000  
 OBS            110
       4.81562878392005
      -0.17364443045986
       1.00000000000000
 109 111 -1
obdef
loc3d
        4.93040524362615              0.68956958577383            472.38653564453119     -1
kind
     26     
    63900          153925     
       12.25000000000000  
 OBS            111
      -4.33661807657326
       0.05314792849282
       1.00000000000000
 110 112 -1
obdef
loc3d
        4.93438788521233              0.68743777381223            157.39462280273440     -1
kind
     26     
    63900          153925     
       12.25000000000000  
 OBS            112
      -2.07478065084131
      -0.12288528996093
       1.00000000000000
 111 113 -1
obdef
loc3d
        4.93003537520636              0.69083454089469            382.75677490234381     -1
kind
     26     
    63900          153925     
       12.25000000000000  
 OBS            113
       6.61843283895247
       0.50808336726115
       1.00000000000000
 112 114 -1
obdef
loc3d
        4.94262489165251              0.68702513034102            130.29710388183591     -1
kind
     26     
    63900          153925     
       12.25000000000000  
 OBS            114
       5.57356254302666
      -1.02214559015474
       1.00000000000000
 113 115 -1
obdef
loc3d
        4.93100113789334              0.68653549583784             94.66114807128906     -1
kind
     26     
    63900          153925     
       12.25000000000000  
 OBS            115
       1.78073661600089
      -0.28266083478758
       1.00000000000000
 114 116 -1
obdef
loc3d
        4.94000002935902              0.67612888350011             59.69976806640625     -1
kind
     26     
    63900          153925     
       12.25000000000000  
 OBS            116
      -1.96301204913112
      -0.54437774103190
       1.00000000000000
 115 117 -1
obdef
loc3d
        4.94231604692662              0.69077376274482            190.83442687988281     -1
kind
     26     
    63900          153925     
       12.25000000000000  
 OBS            117
      -0.07744740772918
      -0.47191722913144
       1.00000000000000
 116 118 -1
obdef
loc3d
        4.93554247635603              0.69268257167582            131.09960937500000     -1
kind
     26     
    63900          153925     
       12.25000000000000  
 OBS            118
       5.96462566030105
       0.57902472041693
       1.00000000000000
 117 119 -1
obdef
loc3d
        4.94069913477896              0.68279864123905            131.77731323242190     -1
kind
     26     
    63900          153925     
       12.25000000000000  
 OBS            119
       2.68586823413727
      -0.68168779893820
       1.00000000000000
 118 120 -1
obdef
loc3d
        4.94367854378329              0.67420565331297             56.55799865722656     -1
kind
     26     
    63900          153925     
       12.25000000000000  
 OBS            120
       0.39270322072123
       0.03788097658939
       1.00000000000000
 119 121 -1
obdef
loc3d
        4.93814984943932              0.67457436016830             39.55386734008789     -1
kind
     26     
    63900          153925     
       12.25000000000000  
 OBS            121
      -0.80863808919751
       2.20920771757805
       1.00000000000000
 120 122 -1
obdef
loc3d
        4.94253566982520              0.68065092526894             48.56933593750000     -1
kind
     26     
    63900          153925     
       12.25000000000000  
 OBS            122
       1.05485371923950
       0.76912584525066
       1.00000000000000
 121 123 -1
obdef
loc3d
        4.93593154408741              0.68080949477360             85.35743713378906     -1
kind
     26     
    63900          153925     
       12.25000000000000  
 OBS            123
      -0.14078890805459
      -1.37292905922708
       1.00000000000000
 122 124 -1
obdef
loc3d
        4.94758068519446              0.69282395273635            179.51908874511719     -1
kind
     26     
    63900          153925     
       12.25000000000000  
 OBS            124
       0.00134662899125
      -1.56947066110300
       1.00000000000000
 123 125 -1
obdef
loc3d
        4.93541634697774              0.67261831698898             21.54207611083984     -1
kind
     26     
    63900          153925     
       12.25000000000000  
 OBS            125
       3.03085688497896
      -0.53692396391403
       1.00000000000000
 124 126 -1
obdef
loc3d
        4.93342752395137              0.68533697059699            120.48287200927730     -1
kind
     26     
    63900          153925     
       12.25000000000000  
 OBS            126
       0.20600414987404
      -0.37602949169688
       1.00000000000000
 125 127 -1
obdef
loc3d
        4.92811551620144              0.69141391763145            189.00242614746091     -1
kind
     26     
    63900          153925     
       12.25000000000000  
 OBS            127
      -6.56336217843464
      -0.97304490866057
       1.00000000000000
 126 128 -1
obdef
loc3d
        4.94328780634786              0.67761918906629             21.61136627197266     -1
kind
     26     
    63900          153925     
       12.25000000000000  
 OBS            128
       1.40902285442641
      -0.93368255160321
       1.00000000000000
 127 129 -1
obdef
loc3d
        4.93617130041664              0.68578341426755            199.41349792480469     -1
kind
     26     
    63900          153925     
       12.25000000000000  
 OBS            129
       4.19931058828282
       1.45022204007620
       1.00000000000000
 128 130 -1
obdef
loc3d
        4.94488890698391              0.68151038983677             42.34177017211914     -1
kind
     26     
    63900          153925     
       12.25000000000000  
 OBS            130
      -5.62075696233983
       0.47211813909351
       1.00000000000000
 129 131 -1
obdef
loc3d
        4.94610769319308              0.67540343249948             44.88281250000000     -1
kind
     26     
    63900          153925     
       12.25000000000000  
 OBS            131
      -5.97619606176839
      -0.34912184335311
       1.00000000000000
 130 132 -1
obdef
loc3d
        4.93098289428918              0.69278368564599            411.59194946289062     -1
kind
     26     
    63900          153925     
       12.25000000000000  
 OBS            132
       2.19363088828109
       0.15858869423504
       1.00000000000000
 131 133 -1
obdef
loc3d
        4.93746284305807              0.67295620864423             44.45593643188477     -1
kind
     26     
    63900          153925     
       12.25000000000000  
 OBS            133
       3.74760607112443
      -0.08781975814356
       1.00000000000000
 132 134 -1
obdef
loc3d
        4.93742549337872              0.68866580079864            241.84100341796881     -1
kind
     26     
    63900          153925     
       12.25000000000000  
 OBS            134
       3.34925175581721
       2.22344209175084
       1.00000000000000
 133 135 -1
obdef
loc3d
        4.94310367286119              0.67063823067780             37.30942153930664     -1
kind
     26     
    63900          153925     
       12.25000000000000  
 OBS            135
       1.06087573888958
      -0.81257888963452
       1.00000000000000
 134 136 -1
obdef
loc3d
        4.94312354358950              0.69286317278749            201.84664916992190     -1
kind
     26     
    63900          153925     
       12.25000000000000  
 OBS            136
       1.11346568488753
      -0.21693701254072
       1.00000000000000
 135 137 -1
obdef
loc3d
        4.93202293942753              0.69056809921756            124.38476562500000     -1
kind
     26     
    63900          153925     
       12.25000000000000  
 OBS            137
      -2.32155305043212
      -0.51418950155716
       1.00000000000000
 136 138 -1
obdef
loc3d
        4.93852899085493              0.69282303339671            210.85327148437500     -1
kind
     26     
    63900          153925     
       12.25000000000000  
 OBS            138
      -1.32711095695751
       0.31868672369688
       1.00000000000000
 137 139 -1
obdef
loc3d
        4.93925110381924              0.68654477021234            169.40324401855469     -1
kind
     26     
    63900          153925     
       12.25000000000000  
 OBS            139
       1.28329371975202
      -0.67111413757354
       1.00000000000000
 138 140 -1
obdef
loc3d
        4.94561300163474              0.69021407942450            101.67103576660161     -1
kind
     26     
    63900          153925     
       12.25000000000000  
 OBS            140
      -1.58783168799385
      -2.15552639880704
       1.00000000000000
 139 141 -1
obdef
loc3d
        4.94677761419795              0.66921213830349             30.00000000000000     -1
kind
     26     
    63900          153925     
       12.25000000000000  
 OBS            141
      -1.71894272441053
       1.56761091268624
       1.00000000000000
 140 142 -1
obdef
loc3d
        4.91464000802058              0.69220313236118            256.98049926757812     -1
kind
     26     
    63900          153925     
       12.25000000000000  
 OBS            142
       4.79170738571003
       0.01428160252042
       1.00000000000000
 141 143 -1
obdef
loc3d
        4.91222840493483              0.69213090540308            311.66015625000000     -1
kind
     26     
    63900          153925     
       12.25000000000000  
 OBS            143
       6.27903819958921
       0.79633815854900
       1.00000000000000
 142 144 -1
obdef
loc3d
        4.90319820253832              0.69077085029214            558.21520996093750     -1
kind
     26     
    63900          153925     
       12.25000000000000  
 OBS            144
      -2.96021596070750
       0.07773666159645
       1.00000000000000
 143 145 -1
obdef
loc3d
        4.90548367400941              0.68961427180382            340.45385742187500     -1
kind
     26     
    63900          153925     
       12.25000000000000  
 OBS            145
       0.57774447282506
       1.43655741871511
       1.00000000000000
 144 146 -1
obdef
loc3d
        4.90182808691748              0.69286665451088            711.58941650390625     -1
kind
     26     
    63900          153925     
       12.25000000000000  
 OBS            146
      -1.75371714505157
      -0.95280854859657
       1.00000000000000
 145 147 -1
obdef
loc3d
        4.92199514385413              0.69211089395115            185.84292602539060     -1
kind
     26     
    63900          153925     
       12.25000000000000  
 OBS            147
      -1.46048604190670
       0.61461698070312
       1.00000000000000
 146 148 -1
obdef
loc3d
        4.91709198426003              0.69266703903771            205.88345336914060     -1
kind
     26     
    63900          153925     
       12.25000000000000  
 OBS            148
       6.68190742579441
       1.69747248944673
       1.00000000000000
 147 149 -1
obdef
loc3d
        4.91305125126208              0.69031483822850            320.48217773437500     -1
kind
     26     
    63900          153925     
       12.25000000000000  
 OBS            149
      -2.97351089454933
       0.44044286623356
       1.00000000000000
 148 150 -1
obdef
loc3d
        4.90918301095293              0.69233086407935            229.95614624023440     -1
kind
     26     
    63900          153925     
       12.25000000000000  
 OBS            150
       2.21039725390462
       1.23011139959074
       1.00000000000000
 149 151 -1
obdef
loc3d
        4.90002894620424              0.69031812013417            840.25653076171875     -1
kind
     26     
    63900          153925     
       12.25000000000000  
 OBS            151
     297.46792525462314
     297.25125194333299
       1.00000000000000
 150 152 -1
obdef
loc3d
        4.90540352515539              0.69194112440599            606.33142089843750     -1
kind
     27     
    63900          153925     
        6.25000000000000  
 OBS            152
     303.48991728478239
     304.10163016287601
       1.00000000000000
 151 153 -1
obdef
loc3d
        4.94546412681761              0.68348353984884             17.75631332397461     -1
kind
     27     
    63900          153925     
        6.25000000000000  
 OBS            153
     303.78777682296948
     303.73761957236502
       1.00000000000000
 152 154 -1
obdef
loc3d
        4.94660974174000              0.67744857875853             29.35406684875488     -1
kind
     27     
    63900          153925     
        6.25000000000000  
 OBS            154
     303.68527575677030
     303.45291445658103
       1.00000000000000
 153 155 -1
obdef
loc3d
        4.94648126630843              0.68652865419204             54.82812500000000     -1
kind
     27     
    63900          153925     
        6.25000000000000  
 OBS            155
     300.03064567961047
     301.26286715961498
       1.00000000000000
 154 156 -1
obdef
loc3d
        4.94445426011379              0.68507566758975             62.61011505126953     -1
kind
     27     
    63900          153925     
        6.25000000000000  
 OBS            156
     301.48720044012862
     301.33509272637099
       1.00000000000000
 155 157 -1
obdef
loc3d
        4.94602055174578              0.68752162087271            134.15721130371091     -1
kind
     27     
    63900          153925     
        6.25000000000000  
 OBS            157
     302.57385170875011
     302.80997303544598
       1.00000000000000
 156 158 -1
obdef
loc3d
        4.94603912728501              0.67254511985829             35.00297546386719     -1
kind
     27     
    63900          153925     
        6.25000000000000  
 OBS            158
     305.69921169203315
     305.51532440968299
       1.00000000000000
 157 159 -1
obdef
loc3d
        4.95877904994953              0.67986585977255             17.04111671447754     -1
kind
     27     
    63900          153925     
        6.25000000000000  
 OBS            159
     302.85358833559735
     302.97916050239701
       1.00000000000000
 158 160 -1
obdef
loc3d
        4.93958042817759              0.69095160998657            226.13127136230469     -1
kind
     27     
    63900          153925     
        6.25000000000000  
 OBS            160
     301.33513246775004
     302.73006559659700
       1.00000000000000
 159 161 -1
obdef
loc3d
        4.95756313665553              0.69181797222864             89.84997558593750     -1
kind
     27     
    63900          153925     
        6.25000000000000  
 OBS            161
     304.46972382770929
     304.94219216070201
       1.00000000000000
 160 162 -1
obdef
loc3d
        4.94078657111844              0.67409210989409             60.81152343750000     -1
kind
     27     
    63900          153925     
        6.25000000000000  
 OBS            162
     305.04253465179488
     305.92933909203100
       1.00000000000000
 161 163 -1
obdef
loc3d
        4.95557846691255              0.67267262139613              1.00000000000000     -1
kind
     27     
    63900          153925     
        6.25000000000000  
 OBS            163
     303.27559597740088
     303.68948647156600
       1.00000000000000
 162 164 -1
obdef
loc3d
        4.93193348448080              0.68856418981073            106.00000000000000     -1
kind
     27     
    63900          153925     
        6.25000000000000  
 OBS            164
     299.63880995974313
     298.98985187545497
       1.00000000000000
 163 165 -1
obdef
loc3d
        4.89970838141578              0.68765245249877            785.09423828125000     -1
kind
     27     
    63900          153925     
        6.25000000000000  
 OBS            165
     301.56732050805175
     301.72689711600401
       1.00000000000000
 164 166 -1
obdef
loc3d
        4.95026814558372              0.68993059237416             93.11567687988281     -1
kind
     27     
    63900          153925     
        6.25000000000000  
 OBS            166
     301.85542715022513
     302.46674424717799
       1.00000000000000
 165 167 -1
obdef
loc3d
        4.94174512165160              0.68484635226999            116.56585693359381     -1
kind
     27     
    63900          153925     
        6.25000000000000  
 OBS            167
     304.82773531777030
     303.63114375623701
       1.00000000000000
 166 168 -1
obdef
loc3d
        4.95420735021482              0.68473663912788             15.00000000000000     -1
kind
     27     
    63900          153925     
        6.25000000000000  
 OBS            168
     303.66454426088700
     304.04576035301000
       1.00000000000000
 167 169 -1
obdef
loc3d
        4.93477042118681              0.68310638816012            118.89588928222661     -1
kind
     27     
    63900          153925     
        6.25000000000000  
 OBS            169
     301.87906470970796
     303.30000859086499
       1.00000000000000
 168 170 -1
obdef
loc3d
        4.93795631029682              0.68276407673392            144.94107055664060     -1
kind
     27     
    63900          153925     
        6.25000000000000  
 OBS            170
     303.88608044265607
     303.94296120154701
       1.00000000000000
 169 171 -1
obdef
loc3d
        4.94001671685736              0.68064929967652             43.67281723022461     -1
kind
     27     
    63900          153925     
        6.25000000000000  
 OBS            171
     303.79756978440628
     304.54542782391599
       1.00000000000000
 170 172 -1
obdef
loc3d
        4.94058460161740              0.67807181314514             70.17810058593750     -1
kind
     27     
    63900          153925     
        6.25000000000000  
 OBS            172
     304.87413906574568
     303.77359042931300
       1.00000000000000
 171 173 -1
obdef
loc3d
        4.95423295419494              0.68033176843505              3.71636104583740     -1
kind
     27     
    63900          153925     
        6.25000000000000  
 OBS            173
     308.04453077000301
     304.63870350261902
       1.00000000000000
 172 174 -1
obdef
loc3d
        4.94926894458696              0.66642585587446             10.91526031494141     -1
kind
     27     
    63900          153925     
        6.25000000000000  
 OBS            174
     305.33595062614251
     306.33543524562799
       1.00000000000000
 173 175 -1
obdef
loc3d
        4.96223480186848              0.66700036066835              5.00000000000000     -1
kind
     27     
    63900          153925     
        6.25000000000000  
 OBS            175
     306.60065955106785
     305.07517025644501
       1.00000000000000
 174 176 -1
obdef
loc3d
        4.95546148971009              0.67729393735082              6.17724800109863     -1
kind
     27     
    63900          153925     
        6.25000000000000  
 OBS            176
     302.83670521645894
     303.30297118143397
       1.00000000000000
 175 177 -1
obdef
loc3d
        4.92652723985629              0.69051382381431            146.04148864746091     -1
kind
     27     
    63900          153925     
        6.25000000000000  
 OBS            177
     304.52564012711628
     305.46775166889802
       1.00000000000000
 176 178 -1
obdef
loc3d
        4.96366005344362              0.66920346185787              6.00000000000000     -1
kind
     27     
    63900          153925     
        6.25000000000000  
 OBS            178
     302.52796630541053
     303.05746607134000
       1.00000000000000
 177 179 -1
obdef
loc3d
        4.97052949833720              0.66907739847133              8.84140872955322     -1
kind
     27     
    63900          153925     
        6.25000000000000  
 OBS            179
     302.16348818520663
     303.02179864219801
       1.00000000000000
 178 180 -1
obdef
loc3d
        4.93505853489354              0.69035668900909            163.38452148437500     -1
kind
     27     
    63900          153925     
        6.25000000000000  
 OBS            180
     303.12872670132140
     304.16839442820299
       1.00000000000000
 179 181 -1
obdef
loc3d
        4.93979773523841              0.67259214116167             45.00000000000000     -1
kind
     27     
    63900          153925     
        6.25000000000000  
 OBS            181
     302.94333647441198
     303.10694464606303
       1.00000000000000
 180 182 -1
obdef
loc3d
        4.92901815402419              0.68818595396932            126.56063842773440     -1
kind
     27     
    63900          153925     
        6.25000000000000  
 OBS            182
     300.20535773050739
     301.21277290033100
       1.00000000000000
 181 183 -1
obdef
loc3d
        4.92864050752959              0.68988490592333            360.09008789062500     -1
kind
     27     
    63900          153925     
        6.25000000000000  
 OBS            183
     302.35848959395560
     301.64947623327203
       1.00000000000000
 182 184 -1
obdef
loc3d
        4.94071794293451              0.68880476183725            173.77728271484381     -1
kind
     27     
    63900          153925     
        6.25000000000000  
 OBS            184
     302.09861068413011
     303.39496858886298
       1.00000000000000
 183 185 -1
obdef
loc3d
        4.94475069255349              0.67936922784321             17.10044860839844     -1
kind
     27     
    63900          153925     
        6.25000000000000  
 OBS            185
     299.88658062398724
     300.58832008081600
       1.00000000000000
 184 186 -1
obdef
loc3d
        4.93040524362615              0.68956958577383            472.38653564453119     -1
kind
     27     
    63900          153925     
        6.25000000000000  
 OBS            186
     301.70193734392990
     301.78035376438100
       1.00000000000000
 185 187 -1
obdef
loc3d
        4.93438788521233              0.68743777381223            157.39462280273440     -1
kind
     27     
    63900          153925     
        6.25000000000000  
 OBS            187
     299.21290964115786
     300.59536656425200
       1.00000000000000
 186 188 -1
obdef
loc3d
        4.93003537520636              0.69083454089469            382.75677490234381     -1
kind
     27     
    63900          153925     
        6.25000000000000  
 OBS            188
     302.86087988455955
     302.50600485726801
       1.00000000000000
 187 189 -1
obdef
loc3d
        4.94262489165251              0.68702513034102            130.29710388183591     -1
kind
     27     
    63900          153925     
        6.25000000000000  
 OBS            189
     302.71132816841737
     302.83072019088502
       1.00000000000000
 188 190 -1
obdef
loc3d
        4.93100113789334              0.68653549583784             94.66114807128906     -1
kind
     27     
    63900          153925     
        6.25000000000000  
 OBS            190
     303.87825597895500
     305.24149855413998
       1.00000000000000
 189 191 -1
obdef
loc3d
        4.94000002935902              0.67612888350011             59.69976806640625     -1
kind
     27     
    63900          153925     
        6.25000000000000  
 OBS            191
     301.80270896358019
     303.02840394123598
       1.00000000000000
 190 192 -1
obdef
loc3d
        4.94231604692662              0.69077376274482            190.83442687988281     -1
kind
     27     
    63900          153925     
        6.25000000000000  
 OBS            192
     303.87381284634080
     303.00060764737901
       1.00000000000000
 191 193 -1
obdef
loc3d
        4.93554247635603              0.69268257167582            131.09960937500000     -1
kind
     27     
    63900          153925     
        6.25000000000000  
 OBS            193
     303.31983449634919
     303.51686429372398
       1.00000000000000
 192 194 -1
obdef
loc3d
        4.94069913477896              0.68279864123905            131.77731323242190     -1
kind
     27     
    63900          153925     
        6.25000000000000  
 OBS            194
     304.09582617605395
     303.85903198026398
       1.00000000000000
 193 195 -1
obdef
loc3d
        4.94367854378329              0.67420565331297             56.55799865722656     -1
kind
     27     
    63900          153925     
        6.25000000000000  
 OBS            195
     307.16246531266421
     305.27757732774199
       1.00000000000000
 194 196 -1
obdef
loc3d
        4.93814984943932              0.67457436016830             39.55386734008789     -1
kind
     27     
    63900          153925     
        6.25000000000000  
 OBS            196
     303.02128374120343
     302.84780496746498
       1.00000000000000
 195 197 -1
obdef
loc3d
        4.94253566982520              0.68065092526894             48.56933593750000     -1
kind
     27     
    63900          153925     
        6.25000000000000  
 OBS            197
     301.94856802904684
     302.57280366422799
       1.00000000000000
 196 198 -1
obdef
loc3d
        4.93593154408741              0.68080949477360             85.35743713378906     -1
kind
     27     
    63900          153925     
        6.25000000000000  
 OBS            198
     302.06392963031118
     301.71624163555799
       1.00000000000000
 197 199 -1
obdef
loc3d
        4.94758068519446              0.69282395273635            179.51908874511719     -1
kind
     27     
    63900          153925     
        6.25000000000000  
 OBS            199
     304.51002157051272
     304.78534341568502
       1.00000000000000
 198 200 -1
obdef
loc3d
        4.93541634697774              0.67261831698898             21.54207611083984     -1
kind
     27     
    63900          153925     
        6.25000000000000  
 OBS            200
     303.18010543035547
     302.63409341708899
       1.00000000000000
 199 201 -1
obdef
loc3d
        4.93342752395137              0.68533697059699            120.48287200927730     -1
kind
     27     
    63900          153925     
        6.25000000000000  
 OBS            201
     303.79190392885022
     302.61711112845899
       1.00000000000000
 200 202 -1
obdef
loc3d
        4.92811551620144              0.69141391763145            189.00242614746091     -1
kind
     27     
    63900          153925     
        6.25000000000000  
 OBS            202
     303.49106340187785
     304.30524536192303
       1.00000000000000
 201 203 -1
obdef
loc3d
        4.94328780634786              0.67761918906629             21.61136627197266     -1
kind
     27     
    63900          153925     
        6.25000000000000  
 OBS            203
     300.95514207986349
     302.44740687212101
       1.00000000000000
 202 204 -1
obdef
loc3d
        4.93617130041664              0.68578341426755            199.41349792480469     -1
kind
     27     
    63900          153925     
        6.25000000000000  
 OBS            204
     303.67418304485687
     303.09157139703501
       1.00000000000000
 203 205 -1
obdef
loc3d
        4.94488890698391              0.68151038983677             42.34177017211914     -1
kind
     27     
    63900          153925     
        6.25000000000000  
 OBS            205
     300.61914377786195
     301.88776994410301
       1.00000000000000
 204 206 -1
obdef
loc3d
        4.94610769319308              0.67540343249948             44.88281250000000     -1
kind
     27     
    63900          153925     
        6.25000000000000  
 OBS            206
     300.86118022316901
     299.85673621953902
       1.00000000000000
 205 207 -1
obdef
loc3d
        4.93098289428918              0.69278368564599            411.59194946289062     -1
kind
     27     
    63900          153925     
        6.25000000000000  
 OBS            207
     307.02251769492301
     305.59577412465399
       1.00000000000000
 206 208 -1
obdef
loc3d
        4.93746284305807              0.67295620864423             44.45593643188477     -1
kind
     27     
    63900          153925     
        6.25000000000000  
 OBS            208
     300.77842517418242
     302.09623709598497
       1.00000000000000
 207 209 -1
obdef
loc3d
        4.93742549337872              0.68866580079864            241.84100341796881     -1
kind
     27     
    63900          153925     
        6.25000000000000  
 OBS            209
     306.67813043790454
     306.45902752130098
       1.00000000000000
 208 210 -1
obdef
loc3d
        4.94310367286119              0.67063823067780             37.30942153930664     -1
kind
     27     
    63900          153925     
        6.25000000000000  
 OBS            210
     302.11239288077286
     301.96038697641700
       1.00000000000000
 209 211 -1
obdef
loc3d
        4.94312354358950              0.69286317278749            201.84664916992190     -1
kind
     27     
    63900          153925     
        6.25000000000000  
 OBS            211
     300.96195454064787
     303.28774227723801
       1.00000000000000
 210 212 -1
obdef
loc3d
        4.93202293942753              0.69056809921756            124.38476562500000     -1
kind
     27     
    63900          153925     
        6.25000000000000  
 OBS            212
     302.42647935981546
     302.64353113597798
       1.00000000000000
 211 213 -1
obdef
loc3d
        4.93852899085493              0.69282303339671            210.85327148437500     -1
kind
     27     
    63900          153925     
        6.25000000000000  
 OBS            213
     302.78360977871915
     302.64188855255600
       1.00000000000000
 212 214 -1
obdef
loc3d
        4.93925110381924              0.68654477021234            169.40324401855469     -1
kind
     27     
    63900          153925     
        6.25000000000000  
 OBS            214
     301.47735984231059
     302.79088783594000
       1.00000000000000
 213 215 -1
obdef
loc3d
        4.94561300163474              0.69021407942450            101.67103576660161     -1
kind
     27     
    63900          153925     
        6.25000000000000  
 OBS            215
     304.03918986810021
     305.19192720338299
       1.00000000000000
 214 216 -1
obdef
loc3d
        4.94677761419795              0.66921213830349             30.00000000000000     -1
kind
     27     
    63900          153925     
        6.25000000000000  
 OBS            216
     298.99990463214419
     301.93898439853899
       1.00000000000000
 215 217 -1
obdef
loc3d
        4.91464000802058              0.69220313236118            256.98049926757812     -1
kind
     27     
    63900          153925     
        6.25000000000000  
 OBS            217
     303.23856488229825
     302.10605087411500
       1.00000000000000
 216 218 -1
obdef
loc3d
        4.91222840493483              0.69213090540308            311.66015625000000     -1
kind
     27     
    63900          153925     
        6.25000000000000  
 OBS            218
     299.53206093764987
     297.11623309038902
       1.00000000000000
 217 219 -1
obdef
loc3d
        4.90319820253832              0.69077085029214            558.21520996093750     -1
kind
     27     
    63900          153925     
        6.25000000000000  
 OBS            219
     299.69061990353686
     301.53021584064300
       1.00000000000000
 218 220 -1
obdef
loc3d
        4.90548367400941              0.68961427180382            340.45385742187500     -1
kind
     27     
    63900          153925     
        6.25000000000000  
 OBS            220
     296.87622697746485
     298.26802533142899
       1.00000000000000
 219 221 -1
obdef
loc3d
        4.90182808691748              0.69286665451088            711.58941650390625     -1
kind
     27     
    63900          153925     
        6.25000000000000  
 OBS            221
     301.97514539770526
     303.25793107821301
       1.00000000000000
 220 222 -1
obdef
loc3d
        4.92199514385413              0.69211089395115            185.84292602539060     -1
kind
     27     
    63900          153925     
        6.25000000000000  
 OBS            222
     301.51205109429930
     301.87899374886803
       1.00000000000000
 221 223 -1
obdef
loc3d
        4.91709198426003              0.69266703903771            205.88345336914060     -1
kind
     27     
    63900          153925     
        6.25000000000000  
 OBS            223
     301.76295490357893
     301.12340722630199
       1.00000000000000
 222 224 -1
obdef
loc3d
        4.91305125126208              0.69031483822850            320.48217773437500     -1
kind
     27     
    63900          153925     
        6.25000000000000  
 OBS            224
     301.77613370745877
     302.35114491758202
       1.00000000000000
 223 225 -1
obdef
loc3d
        4.90918301095293              0.69233086407935            229.95614624023440     -1
kind
     27     
    63900          153925     
        6.25000000000000  
 OBS            225
     297.15702266471141
     297.93459161777002
       1.00000000000000
 224 226 -1
obdef
loc3d
        4.90002894620424              0.69031812013417            840.25653076171875     -1
kind
     27     
    63900          153925     
        6.25000000000000  
 OBS            226
       0.01523840075603
       0.01088089748901
       1.00000000000000
 225 227 -1
obdef
loc3d
        4.90540352515539              0.69194112440599            606.33142089843750     -1
kind
     28     
    63900          153925     
        0.00217617949780  
 OBS            227
       0.00290639829945
       0.01195921497235
       1.00000000000000
 226 228 -1
obdef
loc3d
        4.94546412681761              0.68348353984884             17.75631332397461     -1
kind
     28     
    63900          153925     
        0.00239184299447  
 OBS            228
       0.01230276573357
       0.01270516234073
       1.00000000000000
 227 229 -1
obdef
loc3d
        4.94660974174000              0.67744857875853             29.35406684875488     -1
kind
     28     
    63900          153925     
        0.00254103246815  
 OBS            229
       0.00000000000000
       0.01141855590864
       1.00000000000000
 228 230 -1
obdef
loc3d
        4.94648126630843              0.68652865419204             54.82812500000000     -1
kind
     28     
    63900          153925     
        0.00228371118173  
 OBS            230
       0.04107907991986
       0.01273178851129
       1.00000000000000
 229 231 -1
obdef
loc3d
        4.94445426011379              0.68507566758975             62.61011505126953     -1
kind
     28     
    63900          153925     
        0.00254635770226  
 OBS            231
       0.00000000000000
       0.01156520381369
       1.00000000000000
 230 232 -1
obdef
loc3d
        4.94602055174578              0.68752162087271            134.15721130371091     -1
kind
     28     
    63900          153925     
        0.00231304076274  
 OBS            232
       0.01155153018591
       0.01211910539307
       1.00000000000000
 231 233 -1
obdef
loc3d
        4.94603912728501              0.67254511985829             35.00297546386719     -1
kind
     28     
    63900          153925     
        0.00242382107861  
 OBS            233
       0.00182228577924
       0.01072905210030
       1.00000000000000
 232 234 -1
obdef
loc3d
        4.95877904994953              0.67986585977255             17.04111671447754     -1
kind
     28     
    63900          153925     
        0.00214581042006  
 OBS            234
       0.01791503498762
       0.00978242550806
       1.00000000000000
 233 235 -1
obdef
loc3d
        4.93958042817759              0.69095160998657            226.13127136230469     -1
kind
     28     
    63900          153925     
        0.00195648510161  
 OBS            235
       0.00666888534540
       0.01008559358468
       1.00000000000000
 234 236 -1
obdef
loc3d
        4.95756313665553              0.69181797222864             89.84997558593750     -1
kind
     28     
    63900          153925     
        0.00201711871694  
 OBS            236
       0.01411190652973
       0.01078259710909
       1.00000000000000
 235 237 -1
obdef
loc3d
        4.94078657111844              0.67409210989409             60.81152343750000     -1
kind
     28     
    63900          153925     
        0.00215651942182  
 OBS            237
       0.01523912246167
       0.01041946044288
       1.00000000000000
 236 238 -1
obdef
loc3d
        4.95557846691255              0.67267262139613              1.00000000000000     -1
kind
     28     
    63900          153925     
        0.00208389208858  
 OBS            238
       0.00000000000000
       0.01074044909296
       1.00000000000000
 237 239 -1
obdef
loc3d
        4.93193348448080              0.68856418981073            106.00000000000000     -1
kind
     28     
    63900          153925     
        0.00214808981859  
 OBS            239
       0.01690941201707
       0.01042596267248
       1.00000000000000
 238 240 -1
obdef
loc3d
        4.89970838141578              0.68765245249877            785.09423828125000     -1
kind
     28     
    63900          153925     
        0.00208519253450  
 OBS            240
       0.00188890841456
       0.01060316674716
       1.00000000000000
 239 241 -1
obdef
loc3d
        4.95026814558372              0.68993059237416             93.11567687988281     -1
kind
     28     
    63900          153925     
        0.00212063334943  
 OBS            241
       0.01674939445899
       0.01174093219991
       1.00000000000000
 240 242 -1
obdef
loc3d
        4.94174512165160              0.68484635226999            116.56585693359381     -1
kind
     28     
    63900          153925     
        0.00234818643998  
 OBS            242
       0.03406434681261
       0.01211529098693
       1.00000000000000
 241 243 -1
obdef
loc3d
        4.95420735021482              0.68473663912788             15.00000000000000     -1
kind
     28     
    63900          153925     
        0.00242305819739  
 OBS            243
       0.02456091495268
       0.01107288359010
       1.00000000000000
 242 244 -1
obdef
loc3d
        4.93477042118681              0.68310638816012            118.89588928222661     -1
kind
     28     
    63900          153925     
        0.00221457671802  
 OBS            244
       0.00000000000000
       0.01158671099134
       1.00000000000000
 243 245 -1
obdef
loc3d
        4.93795631029682              0.68276407673392            144.94107055664060     -1
kind
     28     
    63900          153925     
        0.00231734219827  
 OBS            245
       0.00633695546677
       0.01193770307076
       1.00000000000000
 244 246 -1
obdef
loc3d
        4.94001671685736              0.68064929967652             43.67281723022461     -1
kind
     28     
    63900          153925     
        0.00238754061415  
 OBS            246
       0.00471629932854
       0.01175503695786
       1.00000000000000
 245 247 -1
obdef
loc3d
        4.94058460161740              0.67807181314514             70.17810058593750     -1
kind
     28     
    63900          153925     
        0.00235100739157  
 OBS            247
       0.00740795019461
       0.01268435324022
       1.00000000000000
 246 248 -1
obdef
loc3d
        4.95423295419494              0.68033176843505              3.71636104583740     -1
kind
     28     
    63900          153925     
        0.00253687064804  
 OBS            248
       0.01454543639400
       0.01335074345247
       1.00000000000000
 247 249 -1
obdef
loc3d
        4.94926894458696              0.66642585587446             10.91526031494141     -1
kind
     28     
    63900          153925     
        0.00267014869049  
 OBS            249
       0.00009400089315
       0.01118936632683
       1.00000000000000
 248 250 -1
obdef
loc3d
        4.96223480186848              0.66700036066835              5.00000000000000     -1
kind
     28     
    63900          153925     
        0.00223787326537  
 OBS            250
       0.00600016887705
       0.01068501274781
       1.00000000000000
 249 251 -1
obdef
loc3d
        4.95546148971009              0.67729393735082              6.17724800109863     -1
kind
     28     
    63900          153925     
        0.00213700254956  
 OBS            251
       0.00215662232335
       0.00919464633602
       1.00000000000000
 250 252 -1
obdef
loc3d
        4.92652723985629              0.69051382381431            146.04148864746091     -1
kind
     28     
    63900          153925     
        0.00183892926720  
 OBS            252
       0.01239442481351
       0.01137810828851
       1.00000000000000
 251 253 -1
obdef
loc3d
        4.96366005344362              0.66920346185787              6.00000000000000     -1
kind
     28     
    63900          153925     
        0.00227562165770  
 OBS            253
       0.02775490877483
       0.01501040070303
       1.00000000000000
 252 254 -1
obdef
loc3d
        4.97052949833720              0.66907739847133              8.84140872955322     -1
kind
     28     
    63900          153925     
        0.00300208014061  
 OBS            254
       0.01439944661837
       0.01018876178294
       1.00000000000000
 253 255 -1
obdef
loc3d
        4.93505853489354              0.69035668900909            163.38452148437500     -1
kind
     28     
    63900          153925     
        0.00203775235659  
 OBS            255
       0.01065289541152
       0.01124196793745
       1.00000000000000
 254 256 -1
obdef
loc3d
        4.93979773523841              0.67259214116167             45.00000000000000     -1
kind
     28     
    63900          153925     
        0.00224839358749  
 OBS            256
       0.02537043907084
       0.01072495060706
       1.00000000000000
 255 257 -1
obdef
loc3d
        4.92901815402419              0.68818595396932            126.56063842773440     -1
kind
     28     
    63900          153925     
        0.00214499012141  
 OBS            257
       0.01906855114863
       0.01002396294940
       1.00000000000000
 256 258 -1
obdef
loc3d
        4.92864050752959              0.68988490592333            360.09008789062500     -1
kind
     28     
    63900          153925     
        0.00200479258988  
 OBS            258
       0.01515410137402
       0.01115573790008
       1.00000000000000
 257 259 -1
obdef
loc3d
        4.94071794293451              0.68880476183725            173.77728271484381     -1
kind
     28     
    63900          153925     
        0.00223114758002  
 OBS            259
       0.00000000000000
       0.01246546815830
       1.00000000000000
 258 260 -1
obdef
loc3d
        4.94475069255349              0.67936922784321             17.10044860839844     -1
kind
     28     
    63900          153925     
        0.00249309363166  
 OBS            260
       0.00000000000000
       0.01039747652473
       1.00000000000000
 259 261 -1
obdef
loc3d
        4.93040524362615              0.68956958577383            472.38653564453119     -1
kind
     28     
    63900          153925     
        0.00207949530495  
 OBS            261
       0.00962956705781
       0.01116509728880
       1.00000000000000
 260 262 -1
obdef
loc3d
        4.93438788521233              0.68743777381223            157.39462280273440     -1
kind
     28     
    63900          153925     
        0.00223301945776  
 OBS            262
       0.00386665117823
       0.00953619655843
       1.00000000000000
 261 263 -1
obdef
loc3d
        4.93003537520636              0.69083454089469            382.75677490234381     -1
kind
     28     
    63900          153925     
        0.00190723931169  
 OBS            263
       0.01729045782127
       0.01140789904772
       1.00000000000000
 262 264 -1
obdef
loc3d
        4.94262489165251              0.68702513034102            130.29710388183591     -1
kind
     28     
    63900          153925     
        0.00228157980954  
 OBS            264
       0.03513335845375
       0.01129812779424
       1.00000000000000
 263 265 -1
obdef
loc3d
        4.93100113789334              0.68653549583784             94.66114807128906     -1
kind
     28     
    63900          153925     
        0.00225962555885  
 OBS            265
       0.00817154659540
       0.01156863187694
       1.00000000000000
 264 266 -1
obdef
loc3d
        4.94000002935902              0.67612888350011             59.69976806640625     -1
kind
     28     
    63900          153925     
        0.00231372637539  
 OBS            266
       0.02300213923471
       0.00985132792924
       1.00000000000000
 265 267 -1
obdef
loc3d
        4.94231604692662              0.69077376274482            190.83442687988281     -1
kind
     28     
    63900          153925     
        0.00197026558585  
 OBS            267
       0.01853593338233
       0.00828833205145
       1.00000000000000
 266 268 -1
obdef
loc3d
        4.93554247635603              0.69268257167582            131.09960937500000     -1
kind
     28     
    63900          153925     
        0.00165766641029  
 OBS            268
       0.01773709239599
       0.01153320369202
       1.00000000000000
 267 269 -1
obdef
loc3d
        4.94069913477896              0.68279864123905            131.77731323242190     -1
kind
     28     
    63900          153925     
        0.00230664073840  
 OBS            269
       0.01793160827668
       0.01175008213255
       1.00000000000000
 268 270 -1
obdef
loc3d
        4.94367854378329              0.67420565331297             56.55799865722656     -1
kind
     28     
    63900          153925     
        0.00235001642651  
 OBS            270
       0.01108911155923
       0.01135483168968
       1.00000000000000
 269 271 -1
obdef
loc3d
        4.93814984943932              0.67457436016830             39.55386734008789     -1
kind
     28     
    63900          153925     
        0.00227096633794  
 OBS            271
       0.00000000000000
       0.01298049463222
       1.00000000000000
 270 272 -1
obdef
loc3d
        4.94253566982520              0.68065092526894             48.56933593750000     -1
kind
     28     
    63900          153925     
        0.00259609892644  
 OBS            272
       0.01340526951143
       0.01158389585537
       1.00000000000000
 271 273 -1
obdef
loc3d
        4.93593154408741              0.68080949477360             85.35743713378906     -1
kind
     28     
    63900          153925     
        0.00231677917107  
 OBS            273
       0.01001034986964
       0.00921851383252
       1.00000000000000
 272 274 -1
obdef
loc3d
        4.94758068519446              0.69282395273635            179.51908874511719     -1
kind
     28     
    63900          153925     
        0.00184370276650  
 OBS            274
       0.03814997485202
       0.01205722936348
       1.00000000000000
 273 275 -1
obdef
loc3d
        4.93541634697774              0.67261831698898             21.54207611083984     -1
kind
     28     
    63900          153925     
        0.00241144587270  
 OBS            275
       0.02322267677835
       0.01124534001679
       1.00000000000000
 274 276 -1
obdef
loc3d
        4.93342752395137              0.68533697059699            120.48287200927730     -1
kind
     28     
    63900          153925     
        0.00224906800336  
 OBS            276
       0.00000000000000
       0.00915392586361
       1.00000000000000
 275 277 -1
obdef
loc3d
        4.92811551620144              0.69141391763145            189.00242614746091     -1
kind
     28     
    63900          153925     
        0.00183078517272  
 OBS            277
       0.02649048619981
       0.01191843583880
       1.00000000000000
 276 278 -1
obdef
loc3d
        4.94328780634786              0.67761918906629             21.61136627197266     -1
kind
     28     
    63900          153925     
        0.00238368716776  
 OBS            278
       0.00033201244209
       0.01128731079566
       1.00000000000000
 277 279 -1
obdef
loc3d
        4.93617130041664              0.68578341426755            199.41349792480469     -1
kind
     28     
    63900          153925     
        0.00225746215913  
 OBS            279
       0.02237378835216
       0.01295311285660
       1.00000000000000
 278 280 -1
obdef
loc3d
        4.94488890698391              0.68151038983677             42.34177017211914     -1
kind
     28     
    63900          153925     
        0.00259062257132  
 OBS            280
       0.01922574999565
       0.01348066706670
       1.00000000000000
 279 281 -1
obdef
loc3d
        4.94610769319308              0.67540343249948             44.88281250000000     -1
kind
     28     
    63900          153925     
        0.00269613341334  
 OBS            281
       0.01131798865463
       0.00849491809491
       1.00000000000000
 280 282 -1
obdef
loc3d
        4.93098289428918              0.69278368564599            411.59194946289062     -1
kind
     28     
    63900          153925     
        0.00169898361898  
 OBS            282
       0.00899756274358
       0.01152543141544
       1.00000000000000
 281 283 -1
obdef
loc3d
        4.93746284305807              0.67295620864423             44.45593643188477     -1
kind
     28     
    63900          153925     
        0.00230508628309  
 OBS            283
       0.00000000000000
       0.01114365062735
       1.00000000000000
 282 284 -1
obdef
loc3d
        4.93742549337872              0.68866580079864            241.84100341796881     -1
kind
     28     
    63900          153925     
        0.00222873012547  
 OBS            284
       0.01339595732567
       0.00986942763488
       1.00000000000000
 283 285 -1
obdef
loc3d
        4.94310367286119              0.67063823067780             37.30942153930664     -1
kind
     28     
    63900          153925     
        0.00197388552698  
 OBS            285
       0.01196616827185
       0.00886319751759
       1.00000000000000
 284 286 -1
obdef
loc3d
        4.94312354358950              0.69286317278749            201.84664916992190     -1
kind
     28     
    63900          153925     
        0.00177263950352  
 OBS            286
       0.03163221466290
       0.00974543424259
       1.00000000000000
 285 287 -1
obdef
loc3d
        4.93202293942753              0.69056809921756            124.38476562500000     -1
kind
     28     
    63900          153925     
        0.00194908684852  
 OBS            287
       0.01277982768555
       0.00905859921655
       1.00000000000000
 286 288 -1
obdef
loc3d
        4.93852899085493              0.69282303339671            210.85327148437500     -1
kind
     28     
    63900          153925     
        0.00181171984331  
 OBS            288
       0.01664375341377
       0.01144909991537
       1.00000000000000
 287 289 -1
obdef
loc3d
        4.93925110381924              0.68654477021234            169.40324401855469     -1
kind
     28     
    63900          153925     
        0.00228981998307  
 OBS            289
       0.00000000000000
       0.01025324282047
       1.00000000000000
 288 290 -1
obdef
loc3d
        4.94561300163474              0.69021407942450            101.67103576660161     -1
kind
     28     
    63900          153925     
        0.00205064856409  
 OBS            290
       0.00192641525266
       0.01137132595945
       1.00000000000000
 289 291 -1
obdef
loc3d
        4.94677761419795              0.66921213830349             30.00000000000000     -1
kind
     28     
    63900          153925     
        0.00227426519189  
 OBS            291
       0.00000000000000
       0.01043056565936
       1.00000000000000
 290 292 -1
obdef
loc3d
        4.91464000802058              0.69220313236118            256.98049926757812     -1
kind
     28     
    63900          153925     
        0.00208611313187  
 OBS            292
       0.00000000000000
       0.01054342527341
       1.00000000000000
 291 293 -1
obdef
loc3d
        4.91222840493483              0.69213090540308            311.66015625000000     -1
kind
     28     
    63900          153925     
        0.00210868505468  
 OBS            293
       0.01940209073997
       0.01051837097653
       1.00000000000000
 292 294 -1
obdef
loc3d
        4.90319820253832              0.69077085029214            558.21520996093750     -1
kind
     28     
    63900          153925     
        0.00210367419531  
 OBS            294
       0.03428543936091
       0.01104957150273
       1.00000000000000
 293 295 -1
obdef
loc3d
        4.90548367400941              0.68961427180382            340.45385742187500     -1
kind
     28     
    63900          153925     
        0.00220991430055  
 OBS            295
       0.01756043877379
       0.01062936514528
       1.00000000000000
 294 296 -1
obdef
loc3d
        4.90182808691748              0.69286665451088            711.58941650390625     -1
kind
     28     
    63900          153925     
        0.00212587302906  
 OBS            296
       0.02548734648748
       0.00891257451286
       1.00000000000000
 295 297 -1
obdef
loc3d
        4.92199514385413              0.69211089395115            185.84292602539060     -1
kind
     28     
    63900          153925     
        0.00178251490257  
 OBS            297
       0.00025356399833
       0.01018714560255
       1.00000000000000
 296 298 -1
obdef
loc3d
        4.91709198426003              0.69266703903771            205.88345336914060     -1
kind
     28     
    63900          153925     
        0.00203742912051  
 OBS            298
       0.00000000000000
       0.01049390724672
       1.00000000000000
 297 299 -1
obdef
loc3d
        4.91305125126208              0.69031483822850            320.48217773437500     -1
kind
     28     
    63900          153925     
        0.00209878144934  
 OBS            299
       0.02618930672736
       0.01077347551616
       1.00000000000000
 298 300 -1
obdef
loc3d
        4.90918301095293              0.69233086407935            229.95614624023440     -1
kind
     28     
    63900          153925     
        0.00215469510323  
 OBS            300
       0.00144548346158
       0.01049844451604
       1.00000000000000
 299 -1 -1
obdef
loc3d
        4.90002894620424              0.69031812013417            840.25653076171875     -1
kind
     28     
    63900          153925     
        0.00209968890321  
