 obs_sequence
obs_kind_definitions
       4
    25          LAND_SFC_U_WIND_COMPONENT   
    26          LAND_SFC_V_WIND_COMPONENT   
    27          LAND_SFC_TEMPERATURE   
    28          LAND_SFC_SPECIFIC_HUMIDITY   
  num_copies:            2  num_qc:            1
 num_obs:       300  max_num_obs:       300
observations
truth
QC radar
  first:            1  last:       300
 OBS            1
       0.90557457361904
      -1.45482545623969
       1.00000000000000
 -1 2 -1
obdef
loc3d
        4.90540352515539              0.69194112440599            606.33142089843750     -1
kind
     25     
    59400          153925     
       12.25000000000000  
 OBS            2
      -0.44463360897907
       0.93309134116374
       1.00000000000000
 1 3 -1
obdef
loc3d
        4.94546412681761              0.68348353984884             17.75631332397461     -1
kind
     25     
    59400          153925     
       12.25000000000000  
 OBS            3
       2.69374566126233
       1.43315790660991
       1.00000000000000
 2 4 -1
obdef
loc3d
        4.94660974174000              0.67744857875853             29.35406684875488     -1
kind
     25     
    59400          153925     
       12.25000000000000  
 OBS            4
       3.59336962425380
       1.27467149776201
       1.00000000000000
 3 5 -1
obdef
loc3d
        4.94648126630843              0.68652865419204             54.82812500000000     -1
kind
     25     
    59400          153925     
       12.25000000000000  
 OBS            5
       5.63170803227785
       1.57158156098103
       1.00000000000000
 4 6 -1
obdef
loc3d
        4.94445426011379              0.68507566758975             62.61011505126953     -1
kind
     25     
    59400          153925     
       12.25000000000000  
 OBS            6
       1.67115375362381
       1.06099510790118
       1.00000000000000
 5 7 -1
obdef
loc3d
        4.94602055174578              0.68752162087271            134.15721130371091     -1
kind
     25     
    59400          153925     
       12.25000000000000  
 OBS            7
       1.98831375987699
       1.52246644222128
       1.00000000000000
 6 8 -1
obdef
loc3d
        4.94603912728501              0.67254511985829             35.00297546386719     -1
kind
     25     
    59400          153925     
       12.25000000000000  
 OBS            8
       5.94204072410020
       4.20738641425650
       1.00000000000000
 7 9 -1
obdef
loc3d
        4.95877904994953              0.67986585977255             17.04111671447754     -1
kind
     25     
    59400          153925     
       12.25000000000000  
 OBS            9
      -2.86944982903863
       2.16567466027835
       1.00000000000000
 8 10 -1
obdef
loc3d
        4.93958042817759              0.69095160998657            226.13127136230469     -1
kind
     25     
    59400          153925     
       12.25000000000000  
 OBS            10
       3.56346489680922
       3.20526709248455
       1.00000000000000
 9 11 -1
obdef
loc3d
        4.95756313665553              0.69181797222864             89.84997558593750     -1
kind
     25     
    59400          153925     
       12.25000000000000  
 OBS            11
       6.35001048571005
       2.12306828868037
       1.00000000000000
 10 12 -1
obdef
loc3d
        4.94078657111844              0.67409210989409             60.81152343750000     -1
kind
     25     
    59400          153925     
       12.25000000000000  
 OBS            12
       3.93681322933245
       3.06155577869631
       1.00000000000000
 11 13 -1
obdef
loc3d
        4.95557846691255              0.67267262139613              1.00000000000000     -1
kind
     25     
    59400          153925     
       12.25000000000000  
 OBS            13
       4.80193828923784
       2.07509530571960
       1.00000000000000
 12 14 -1
obdef
loc3d
        4.93193348448080              0.68856418981073            106.00000000000000     -1
kind
     25     
    59400          153925     
       12.25000000000000  
 OBS            14
      -1.90061186947258
       3.17955329730171
       1.00000000000000
 13 15 -1
obdef
loc3d
        4.89970838141578              0.68765245249877            785.09423828125000     -1
kind
     25     
    59400          153925     
       12.25000000000000  
 OBS            15
      -0.13330004133686
       1.68556709593733
       1.00000000000000
 14 16 -1
obdef
loc3d
        4.95026814558372              0.68993059237416             93.11567687988281     -1
kind
     25     
    59400          153925     
       12.25000000000000  
 OBS            16
       3.78100853675788
       2.61142979324692
       1.00000000000000
 15 17 -1
obdef
loc3d
        4.94174512165160              0.68484635226999            116.56585693359381     -1
kind
     25     
    59400          153925     
       12.25000000000000  
 OBS            17
       5.21365578282576
       3.39584404924654
       1.00000000000000
 16 18 -1
obdef
loc3d
        4.95420735021482              0.68473663912788             15.00000000000000     -1
kind
     25     
    59400          153925     
       12.25000000000000  
 OBS            18
       1.77862849278513
       1.76439299330034
       1.00000000000000
 17 19 -1
obdef
loc3d
        4.93477042118681              0.68310638816012            118.89588928222661     -1
kind
     25     
    59400          153925     
       12.25000000000000  
 OBS            19
      -1.51495927177621
       1.38392586167831
       1.00000000000000
 18 20 -1
obdef
loc3d
        4.93795631029682              0.68276407673392            144.94107055664060     -1
kind
     25     
    59400          153925     
       12.25000000000000  
 OBS            20
       3.50550403303991
       1.61322195583281
       1.00000000000000
 19 21 -1
obdef
loc3d
        4.94001671685736              0.68064929967652             43.67281723022461     -1
kind
     25     
    59400          153925     
       12.25000000000000  
 OBS            21
       3.32153259796778
       1.58930876520261
       1.00000000000000
 20 22 -1
obdef
loc3d
        4.94058460161740              0.67807181314514             70.17810058593750     -1
kind
     25     
    59400          153925     
       12.25000000000000  
 OBS            22
       8.92296798272483
       2.97512432920866
       1.00000000000000
 21 23 -1
obdef
loc3d
        4.95423295419494              0.68033176843505              3.71636104583740     -1
kind
     25     
    59400          153925     
       12.25000000000000  
 OBS            23
       0.60096365233977
      -1.96904522899796
       1.00000000000000
 22 24 -1
obdef
loc3d
        4.94926894458696              0.66642585587446             10.91526031494141     -1
kind
     25     
    59400          153925     
       12.25000000000000  
 OBS            24
       3.33083659625527
       3.66353574392694
       1.00000000000000
 23 25 -1
obdef
loc3d
        4.96223480186848              0.66700036066835              5.00000000000000     -1
kind
     25     
    59400          153925     
       12.25000000000000  
 OBS            25
       3.99158072519479
       3.71534389514886
       1.00000000000000
 24 26 -1
obdef
loc3d
        4.95546148971009              0.67729393735082              6.17724800109863     -1
kind
     25     
    59400          153925     
       12.25000000000000  
 OBS            26
      -3.10602926057966
       0.00724415453286
       1.00000000000000
 25 27 -1
obdef
loc3d
        4.92652723985629              0.69051382381431            146.04148864746091     -1
kind
     25     
    59400          153925     
       12.25000000000000  
 OBS            27
       6.46217544467046
       2.38000511159907
       1.00000000000000
 26 28 -1
obdef
loc3d
        4.96366005344362              0.66920346185787              6.00000000000000     -1
kind
     25     
    59400          153925     
       12.25000000000000  
 OBS            28
       1.22902043892553
       0.95646420247701
       1.00000000000000
 27 29 -1
obdef
loc3d
        4.97052949833720              0.66907739847133              8.84140872955322     -1
kind
     25     
    59400          153925     
       12.25000000000000  
 OBS            29
      -3.77521467167296
       1.10437398656455
       1.00000000000000
 28 30 -1
obdef
loc3d
        4.95272465676814              0.69285338512106             17.57446289062500     -1
kind
     25     
    59400          153925     
       12.25000000000000  
 OBS            30
       2.52560840030108
       2.23327094317612
       1.00000000000000
 29 31 -1
obdef
loc3d
        4.94895487610473              0.69270373762026            144.09075927734381     -1
kind
     25     
    59400          153925     
       12.25000000000000  
 OBS            31
       4.92515553939006
       2.18153870904445
       1.00000000000000
 30 32 -1
obdef
loc3d
        4.94293085461737              0.69053117803871            168.92642211914060     -1
kind
     25     
    59400          153925     
       12.25000000000000  
 OBS            32
      -1.04298538317531
       1.51482820167619
       1.00000000000000
 31 33 -1
obdef
loc3d
        4.93556788041953              0.67027828664670             15.00000000000000     -1
kind
     25     
    59400          153925     
       12.25000000000000  
 OBS            33
      -1.52733686070481
       0.56874432165231
       1.00000000000000
 32 34 -1
obdef
loc3d
        4.94611628544174              0.67496858055017             35.03607940673828     -1
kind
     25     
    59400          153925     
       12.25000000000000  
 OBS            34
       6.61705018010461
       1.60558090690137
       1.00000000000000
 33 35 -1
obdef
loc3d
        4.94304709522229              0.67138694960003             45.00000000000000     -1
kind
     25     
    59400          153925     
       12.25000000000000  
 OBS            35
       6.43817465300542
       1.19138483655655
       1.00000000000000
 34 36 -1
obdef
loc3d
        4.94323627307922              0.67609935421143             50.91764831542969     -1
kind
     25     
    59400          153925     
       12.25000000000000  
 OBS            36
       4.71614033940903
       1.63313351253226
       1.00000000000000
 35 37 -1
obdef
loc3d
        4.94382880471830              0.67878617658979             35.27229690551758     -1
kind
     25     
    59400          153925     
       12.25000000000000  
 OBS            37
       3.59359342025771
       2.11954752920911
       1.00000000000000
 36 38 -1
obdef
loc3d
        4.94220707390035              0.68781081917460            173.94366455078119     -1
kind
     25     
    59400          153925     
       12.25000000000000  
 OBS            38
       5.36405425436918
       2.01391733092272
       1.00000000000000
 37 39 -1
obdef
loc3d
        4.92755542120837              0.68675243746254            174.61849975585940     -1
kind
     25     
    59400          153925     
       12.25000000000000  
 OBS            39
       1.15801054168917
       2.00170856884734
       1.00000000000000
 38 40 -1
obdef
loc3d
        4.93770287749180              0.68559892863867            149.84144592285159     -1
kind
     25     
    59400          153925     
       12.25000000000000  
 OBS            40
       3.18093954906308
       1.91716121634657
       1.00000000000000
 39 41 -1
obdef
loc3d
        4.92848130899840              0.69282991767383            196.64169311523440     -1
kind
     25     
    59400          153925     
       12.25000000000000  
 OBS            41
       4.49111654822257
       2.55055950452359
       1.00000000000000
 40 42 -1
obdef
loc3d
        4.94329123891126              0.66857696973652             21.80461120605469     -1
kind
     25     
    59400          153925     
       12.25000000000000  
 OBS            42
      -0.60760845817129
       2.21089050293513
       1.00000000000000
 41 43 -1
obdef
loc3d
        4.93215285315783              0.69272179551745            405.54205322265619     -1
kind
     25     
    59400          153925     
       12.25000000000000  
 OBS            43
       2.71876830653490
       1.00166694780846
       1.00000000000000
 42 44 -1
obdef
loc3d
        4.93085954966869              0.68304429171430             90.32812500000000     -1
kind
     25     
    59400          153925     
       12.25000000000000  
 OBS            44
       6.76292588911553
       1.58524882273670
       1.00000000000000
 43 45 -1
obdef
loc3d
        4.93705662369825              0.67280917017713             44.45593643188477     -1
kind
     25     
    59400          153925     
       12.25000000000000  
 OBS            45
       0.54585455368443
       1.92847660315037
       1.00000000000000
 44 46 -1
obdef
loc3d
        4.94512604639754              0.69281773274108            184.54177856445310     -1
kind
     25     
    59400          153925     
       12.25000000000000  
 OBS            46
       1.46418750211010
       1.91099478398826
       1.00000000000000
 45 47 -1
obdef
loc3d
        4.94897278262263              0.68784055253573             58.60614395141602     -1
kind
     25     
    59400          153925     
       12.25000000000000  
 OBS            47
       0.90180957094832
       1.32116432810963
       1.00000000000000
 46 48 -1
obdef
loc3d
        4.94602769361993              0.68071046350214             21.00896453857422     -1
kind
     25     
    59400          153925     
       12.25000000000000  
 OBS            48
       1.94196215595528
       2.04683315293291
       1.00000000000000
 47 49 -1
obdef
loc3d
        4.93975094338173              0.67132086947702             44.21312713623047     -1
kind
     25     
    59400          153925     
       12.25000000000000  
 OBS            49
       4.19353152315009
       1.26936083515090
       1.00000000000000
 48 50 -1
obdef
loc3d
        4.93608481943111              0.69281990441712            165.01060485839841     -1
kind
     25     
    59400          153925     
       12.25000000000000  
 OBS            50
       6.32874875034891
       2.19165725608913
       1.00000000000000
 49 51 -1
obdef
loc3d
        4.92159319416735              0.69282443720594            292.33944702148438     -1
kind
     25     
    59400          153925     
       12.25000000000000  
 OBS            51
      -0.00569313299124
       1.85539503327589
       1.00000000000000
 50 52 -1
obdef
loc3d
        4.93873881518950              0.68829597049600            229.64634704589841     -1
kind
     25     
    59400          153925     
       12.25000000000000  
 OBS            52
       0.82928107648384
       1.92868641958511
       1.00000000000000
 51 53 -1
obdef
loc3d
        4.93527083413009              0.68767784768684            170.73742675781250     -1
kind
     25     
    59400          153925     
       12.25000000000000  
 OBS            53
       0.58214757224251
       2.00394175553104
       1.00000000000000
 52 54 -1
obdef
loc3d
        4.94662113618514              0.69029960200592            170.37097167968750     -1
kind
     25     
    59400          153925     
       12.25000000000000  
 OBS            54
      -2.66189415638419
       2.08626621073163
       1.00000000000000
 53 55 -1
obdef
loc3d
        4.93429249379945              0.69052021135789            149.81713867187500     -1
kind
     25     
    59400          153925     
       12.25000000000000  
 OBS            55
       7.79600383837245
       1.84485479744362
       1.00000000000000
 54 56 -1
obdef
loc3d
        4.93269049343414              0.68556567101287            183.19726562500000     -1
kind
     25     
    59400          153925     
       12.25000000000000  
 OBS            56
       4.02237958866222
       3.76497155799171
       1.00000000000000
 55 57 -1
obdef
loc3d
        4.96102089029673              0.67774516842699             17.24609375000000     -1
kind
     25     
    59400          153925     
       12.25000000000000  
 OBS            57
       6.44860072058176
       3.64391997743532
       1.00000000000000
 56 58 -1
obdef
loc3d
        4.95766343385975              0.68587140474105             17.20619201660156     -1
kind
     25     
    59400          153925     
       12.25000000000000  
 OBS            58
      -4.24074287201988
      -1.97658332346191
       1.00000000000000
 57 59 -1
obdef
loc3d
        4.96848382491262              0.66600327539335              8.93466186523438     -1
kind
     25     
    59400          153925     
       12.25000000000000  
 OBS            59
       6.83549829292355
       3.53416939404624
       1.00000000000000
 58 60 -1
obdef
loc3d
        4.95841046678131              0.68356976794003             15.00000000000000     -1
kind
     25     
    59400          153925     
       12.25000000000000  
 OBS            60
       0.52182917567149
       2.90961711244782
       1.00000000000000
 59 61 -1
obdef
loc3d
        4.95968425198686              0.67283122878530              9.91464328765869     -1
kind
     25     
    59400          153925     
       12.25000000000000  
 OBS            61
       3.47597781368817
       2.76216311108133
       1.00000000000000
 60 62 -1
obdef
loc3d
        4.95850938370535              0.67569847985950              9.09960937500000     -1
kind
     25     
    59400          153925     
       12.25000000000000  
 OBS            62
       4.56362120979462
       3.80948617605258
       1.00000000000000
 61 63 -1
obdef
loc3d
        4.96062039600501              0.68186605212913             14.00000000000000     -1
kind
     25     
    59400          153925     
       12.25000000000000  
 OBS            63
       1.81449675678064
       3.23610575113299
       1.00000000000000
 62 64 -1
obdef
loc3d
        4.96044430349621              0.68522255501691             15.00000000000000     -1
kind
     25     
    59400          153925     
       12.25000000000000  
 OBS            64
       2.27349324079724
       3.79420276791550
       1.00000000000000
 63 65 -1
obdef
loc3d
        4.95666979050607              0.68165969365477             15.07347202301025     -1
kind
     25     
    59400          153925     
       12.25000000000000  
 OBS            65
       8.35112979227095
       3.18294518117625
       1.00000000000000
 64 66 -1
obdef
loc3d
        4.96483712939352              0.66390373451953              6.00000000000000     -1
kind
     25     
    59400          153925     
       12.25000000000000  
 OBS            66
       4.62595871930947
       3.30327252659554
       1.00000000000000
 65 67 -1
obdef
loc3d
        4.96717335385836              0.67072562238302             13.76562500000000     -1
kind
     25     
    59400          153925     
       12.25000000000000  
 OBS            67
       0.09997346409393
       3.06914917363098
       1.00000000000000
 66 68 -1
obdef
loc3d
        4.96004611966382              0.68820120365869             15.00000000000000     -1
kind
     25     
    59400          153925     
       12.25000000000000  
 OBS            68
      -0.55618776665922
       2.56073333352033
       1.00000000000000
 67 69 -1
obdef
loc3d
        4.95406364445895              0.69009645468583             54.42578125000000     -1
kind
     25     
    59400          153925     
       12.25000000000000  
 OBS            69
       3.28772448356502
       2.43894364779348
       1.00000000000000
 68 70 -1
obdef
loc3d
        4.95508230192316              0.68705689194968              9.08530712127686     -1
kind
     25     
    59400          153925     
       12.25000000000000  
 OBS            70
       1.89408836477140
       3.12644329586713
       1.00000000000000
 69 71 -1
obdef
loc3d
        4.89647559039613              0.68497595921932            824.84875488281250     -1
kind
     25     
    59400          153925     
       12.25000000000000  
 OBS            71
      -2.88000232603231
       2.12250267083827
       1.00000000000000
 70 72 -1
obdef
loc3d
        4.89667428721977              0.69273770557989            574.37286376953125     -1
kind
     25     
    59400          153925     
       12.25000000000000  
 OBS            72
     -10.31236655962984
      -0.53044092707001
       1.00000000000000
 71 73 -1
obdef
loc3d
        4.91583459977084              0.69278424988043            233.68589782714841     -1
kind
     25     
    59400          153925     
       12.25000000000000  
 OBS            73
       4.64267430176090
       3.31252865780529
       1.00000000000000
 72 74 -1
obdef
loc3d
        4.90300762067971              0.68954390300676            525.03326416015625     -1
kind
     25     
    59400          153925     
       12.25000000000000  
 OBS            74
       8.14242587267275
       3.32650538817729
       1.00000000000000
 73 75 -1
obdef
loc3d
        4.90168560310748              0.69286223560483            711.58941650390625     -1
kind
     25     
    59400          153925     
       12.25000000000000  
 OBS            75
      -1.74664711435487
       0.47495161215638
       1.00000000000000
 74 76 -1
obdef
loc3d
        4.91091515139416              0.69052501454351            199.70848083496091     -1
kind
     25     
    59400          153925     
       12.25000000000000  
 OBS            76
       1.24027638734825
      -1.07518032348191
       1.00000000000000
 75 77 -1
obdef
loc3d
        4.90540352515539              0.69194112440599            606.33142089843750     -1
kind
     26     
    59400          153925     
       12.25000000000000  
 OBS            77
       6.12616073903182
       0.63336257127652
       1.00000000000000
 76 78 -1
obdef
loc3d
        4.94546412681761              0.68348353984884             17.75631332397461     -1
kind
     26     
    59400          153925     
       12.25000000000000  
 OBS            78
       7.96160090744139
      -0.16890096676065
       1.00000000000000
 77 79 -1
obdef
loc3d
        4.94660974174000              0.67744857875853             29.35406684875488     -1
kind
     26     
    59400          153925     
       12.25000000000000  
 OBS            79
      -0.25220419010674
      -1.32471862881208
       1.00000000000000
 78 80 -1
obdef
loc3d
        4.94648126630843              0.68652865419204             54.82812500000000     -1
kind
     26     
    59400          153925     
       12.25000000000000  
 OBS            80
      -3.37221581239187
      -0.18379017580918
       1.00000000000000
 79 81 -1
obdef
loc3d
        4.94445426011379              0.68507566758975             62.61011505126953     -1
kind
     26     
    59400          153925     
       12.25000000000000  
 OBS            81
       0.30493190632854
      -0.43858133024300
       1.00000000000000
 80 82 -1
obdef
loc3d
        4.94602055174578              0.68752162087271            134.15721130371091     -1
kind
     26     
    59400          153925     
       12.25000000000000  
 OBS            82
      -0.93531204708486
      -0.23568943339300
       1.00000000000000
 81 83 -1
obdef
loc3d
        4.94603912728501              0.67254511985829             35.00297546386719     -1
kind
     26     
    59400          153925     
       12.25000000000000  
 OBS            83
       5.92854188558626
      -0.48680158711345
       1.00000000000000
 82 84 -1
obdef
loc3d
        4.95877904994953              0.67986585977255             17.04111671447754     -1
kind
     26     
    59400          153925     
       12.25000000000000  
 OBS            84
      -0.39058856385850
      -1.17354900035258
       1.00000000000000
 83 85 -1
obdef
loc3d
        4.93958042817759              0.69095160998657            226.13127136230469     -1
kind
     26     
    59400          153925     
       12.25000000000000  
 OBS            85
      -4.65800494078245
      -1.15130411836290
       1.00000000000000
 84 86 -1
obdef
loc3d
        4.95756313665553              0.69181797222864             89.84997558593750     -1
kind
     26     
    59400          153925     
       12.25000000000000  
 OBS            86
      -0.29803803456400
      -0.18926569151093
       1.00000000000000
 85 87 -1
obdef
loc3d
        4.94078657111844              0.67409210989409             60.81152343750000     -1
kind
     26     
    59400          153925     
       12.25000000000000  
 OBS            87
       2.56807926511246
      -1.69434395210344
       1.00000000000000
 86 88 -1
obdef
loc3d
        4.95557846691255              0.67267262139613              1.00000000000000     -1
kind
     26     
    59400          153925     
       12.25000000000000  
 OBS            88
       5.32453010000346
       0.06309239880320
       1.00000000000000
 87 89 -1
obdef
loc3d
        4.93193348448080              0.68856418981073            106.00000000000000     -1
kind
     26     
    59400          153925     
       12.25000000000000  
 OBS            89
      -1.19482023609631
       0.90318166415924
       1.00000000000000
 88 90 -1
obdef
loc3d
        4.89970838141578              0.68765245249877            785.09423828125000     -1
kind
     26     
    59400          153925     
       12.25000000000000  
 OBS            90
       5.45340674538216
      -1.78231411593478
       1.00000000000000
 89 91 -1
obdef
loc3d
        4.95026814558372              0.68993059237416             93.11567687988281     -1
kind
     26     
    59400          153925     
       12.25000000000000  
 OBS            91
       1.03089299028540
       0.38616952586940
       1.00000000000000
 90 92 -1
obdef
loc3d
        4.94174512165160              0.68484635226999            116.56585693359381     -1
kind
     26     
    59400          153925     
       12.25000000000000  
 OBS            92
      -0.53613013897277
      -0.14542559600206
       1.00000000000000
 91 93 -1
obdef
loc3d
        4.95420735021482              0.68473663912788             15.00000000000000     -1
kind
     26     
    59400          153925     
       12.25000000000000  
 OBS            93
      -1.73321162958079
       0.55578061077889
       1.00000000000000
 92 94 -1
obdef
loc3d
        4.93477042118681              0.68310638816012            118.89588928222661     -1
kind
     26     
    59400          153925     
       12.25000000000000  
 OBS            94
       1.52654073948611
       0.50881437560695
       1.00000000000000
 93 95 -1
obdef
loc3d
        4.93795631029682              0.68276407673392            144.94107055664060     -1
kind
     26     
    59400          153925     
       12.25000000000000  
 OBS            95
      -0.06857530954645
       0.84430226928657
       1.00000000000000
 94 96 -1
obdef
loc3d
        4.94001671685736              0.68064929967652             43.67281723022461     -1
kind
     26     
    59400          153925     
       12.25000000000000  
 OBS            96
      -2.98913913710474
      -0.22838969105314
       1.00000000000000
 95 97 -1
obdef
loc3d
        4.94058460161740              0.67807181314514             70.17810058593750     -1
kind
     26     
    59400          153925     
       12.25000000000000  
 OBS            97
       2.49596017693104
      -1.78618476844447
       1.00000000000000
 96 98 -1
obdef
loc3d
        4.95423295419494              0.68033176843505              3.71636104583740     -1
kind
     26     
    59400          153925     
       12.25000000000000  
 OBS            98
       2.89057424663229
      -2.18210451237942
       1.00000000000000
 97 99 -1
obdef
loc3d
        4.94926894458696              0.66642585587446             10.91526031494141     -1
kind
     26     
    59400          153925     
       12.25000000000000  
 OBS            99
      -5.11112060117682
       0.64562436663229
       1.00000000000000
 98 100 -1
obdef
loc3d
        4.96223480186848              0.66700036066835              5.00000000000000     -1
kind
     26     
    59400          153925     
       12.25000000000000  
 OBS            100
      -0.52131923984588
      -0.59368925743324
       1.00000000000000
 99 101 -1
obdef
loc3d
        4.95546148971009              0.67729393735082              6.17724800109863     -1
kind
     26     
    59400          153925     
       12.25000000000000  
 OBS            101
      -1.66270879702523
      -2.05660530795124
       1.00000000000000
 100 102 -1
obdef
loc3d
        4.92652723985629              0.69051382381431            146.04148864746091     -1
kind
     26     
    59400          153925     
       12.25000000000000  
 OBS            102
       0.32537717020428
       1.42795948311552
       1.00000000000000
 101 103 -1
obdef
loc3d
        4.96366005344362              0.66920346185787              6.00000000000000     -1
kind
     26     
    59400          153925     
       12.25000000000000  
 OBS            103
       7.03824052626368
       3.78778482211983
       1.00000000000000
 102 104 -1
obdef
loc3d
        4.97052949833720              0.66907739847133              8.84140872955322     -1
kind
     26     
    59400          153925     
       12.25000000000000  
 OBS            104
      -1.54778733898774
      -2.09595172297549
       1.00000000000000
 103 105 -1
obdef
loc3d
        4.95272465676814              0.69285338512106             17.57446289062500     -1
kind
     26     
    59400          153925     
       12.25000000000000  
 OBS            105
      -0.97563034144724
      -1.43921641072605
       1.00000000000000
 104 106 -1
obdef
loc3d
        4.94895487610473              0.69270373762026            144.09075927734381     -1
kind
     26     
    59400          153925     
       12.25000000000000  
 OBS            106
      -1.39024532769658
      -0.98930773846645
       1.00000000000000
 105 107 -1
obdef
loc3d
        4.94293085461737              0.69053117803871            168.92642211914060     -1
kind
     26     
    59400          153925     
       12.25000000000000  
 OBS            107
      -5.20020292616510
       0.92329103293861
       1.00000000000000
 106 108 -1
obdef
loc3d
        4.93556788041953              0.67027828664670             15.00000000000000     -1
kind
     26     
    59400          153925     
       12.25000000000000  
 OBS            108
      -3.48916006699486
      -1.49171506362835
       1.00000000000000
 107 109 -1
obdef
loc3d
        4.94611628544174              0.67496858055017             35.03607940673828     -1
kind
     26     
    59400          153925     
       12.25000000000000  
 OBS            109
      -0.42307650758327
       0.32058799854780
       1.00000000000000
 108 110 -1
obdef
loc3d
        4.94304709522229              0.67138694960003             45.00000000000000     -1
kind
     26     
    59400          153925     
       12.25000000000000  
 OBS            110
       4.76575758401474
      -0.50495422332146
       1.00000000000000
 109 111 -1
obdef
loc3d
        4.94323627307922              0.67609935421143             50.91764831542969     -1
kind
     26     
    59400          153925     
       12.25000000000000  
 OBS            111
       1.12747471158341
      -0.40451139333599
       1.00000000000000
 110 112 -1
obdef
loc3d
        4.94382880471830              0.67878617658979             35.27229690551758     -1
kind
     26     
    59400          153925     
       12.25000000000000  
 OBS            112
       3.41752957755390
      -0.41372846455195
       1.00000000000000
 111 113 -1
obdef
loc3d
        4.94220707390035              0.68781081917460            173.94366455078119     -1
kind
     26     
    59400          153925     
       12.25000000000000  
 OBS            113
      -5.82150251138191
      -0.17982444809448
       1.00000000000000
 112 114 -1
obdef
loc3d
        4.92755542120837              0.68675243746254            174.61849975585940     -1
kind
     26     
    59400          153925     
       12.25000000000000  
 OBS            114
       2.97921583540424
      -0.55840118149551
       1.00000000000000
 113 115 -1
obdef
loc3d
        4.93770287749180              0.68559892863867            149.84144592285159     -1
kind
     26     
    59400          153925     
       12.25000000000000  
 OBS            115
      -4.05282250075513
      -1.69328127296440
       1.00000000000000
 114 116 -1
obdef
loc3d
        4.92848130899840              0.69282991767383            196.64169311523440     -1
kind
     26     
    59400          153925     
       12.25000000000000  
 OBS            116
      -0.88399283284657
       0.93761502640155
       1.00000000000000
 115 117 -1
obdef
loc3d
        4.94329123891126              0.66857696973652             21.80461120605469     -1
kind
     26     
    59400          153925     
       12.25000000000000  
 OBS            117
       0.24552015527366
      -1.54201271929527
       1.00000000000000
 116 118 -1
obdef
loc3d
        4.93215285315783              0.69272179551745            405.54205322265619     -1
kind
     26     
    59400          153925     
       12.25000000000000  
 OBS            118
       0.27183183015925
      -0.18369474566181
       1.00000000000000
 117 119 -1
obdef
loc3d
        4.93085954966869              0.68304429171430             90.32812500000000     -1
kind
     26     
    59400          153925     
       12.25000000000000  
 OBS            119
      -2.56605515145677
      -0.80382473796470
       1.00000000000000
 118 120 -1
obdef
loc3d
        4.93705662369825              0.67280917017713             44.45593643188477     -1
kind
     26     
    59400          153925     
       12.25000000000000  
 OBS            120
      -0.38351311654570
      -1.41390537372527
       1.00000000000000
 119 121 -1
obdef
loc3d
        4.94512604639754              0.69281773274108            184.54177856445310     -1
kind
     26     
    59400          153925     
       12.25000000000000  
 OBS            121
      -0.60693780317904
      -0.51369147685881
       1.00000000000000
 120 122 -1
obdef
loc3d
        4.94897278262263              0.68784055253573             58.60614395141602     -1
kind
     26     
    59400          153925     
       12.25000000000000  
 OBS            122
      -2.05956434618085
       0.06171286430000
       1.00000000000000
 121 123 -1
obdef
loc3d
        4.94602769361993              0.68071046350214             21.00896453857422     -1
kind
     26     
    59400          153925     
       12.25000000000000  
 OBS            123
      -4.21545242869285
       1.63950834217017
       1.00000000000000
 122 124 -1
obdef
loc3d
        4.93975094338173              0.67132086947702             44.21312713623047     -1
kind
     26     
    59400          153925     
       12.25000000000000  
 OBS            124
      -1.78963397365612
      -1.66324196296935
       1.00000000000000
 123 125 -1
obdef
loc3d
        4.93608481943111              0.69281990441712            165.01060485839841     -1
kind
     26     
    59400          153925     
       12.25000000000000  
 OBS            125
      -1.12154807980719
      -1.30225012903437
       1.00000000000000
 124 126 -1
obdef
loc3d
        4.92159319416735              0.69282443720594            292.33944702148438     -1
kind
     26     
    59400          153925     
       12.25000000000000  
 OBS            126
      -2.79074698694525
       0.46390325115555
       1.00000000000000
 125 127 -1
obdef
loc3d
        4.93873881518950              0.68829597049600            229.64634704589841     -1
kind
     26     
    59400          153925     
       12.25000000000000  
 OBS            127
       2.97486021785367
       0.36272210099830
       1.00000000000000
 126 128 -1
obdef
loc3d
        4.93527083413009              0.68767784768684            170.73742675781250     -1
kind
     26     
    59400          153925     
       12.25000000000000  
 OBS            128
      -3.79580440728107
      -1.81786900185302
       1.00000000000000
 127 129 -1
obdef
loc3d
        4.94662113618514              0.69029960200592            170.37097167968750     -1
kind
     26     
    59400          153925     
       12.25000000000000  
 OBS            129
      -3.20559855485995
      -1.45775584196587
       1.00000000000000
 128 130 -1
obdef
loc3d
        4.93429249379945              0.69052021135789            149.81713867187500     -1
kind
     26     
    59400          153925     
       12.25000000000000  
 OBS            130
      -4.14306127267354
      -0.53614391137080
       1.00000000000000
 129 131 -1
obdef
loc3d
        4.93269049343414              0.68556567101287            183.19726562500000     -1
kind
     26     
    59400          153925     
       12.25000000000000  
 OBS            131
      -0.11169267506472
      -0.00548717358889
       1.00000000000000
 130 132 -1
obdef
loc3d
        4.96102089029673              0.67774516842699             17.24609375000000     -1
kind
     26     
    59400          153925     
       12.25000000000000  
 OBS            132
       0.18481924170782
      -1.21110803643571
       1.00000000000000
 131 133 -1
obdef
loc3d
        4.95766343385975              0.68587140474105             17.20619201660156     -1
kind
     26     
    59400          153925     
       12.25000000000000  
 OBS            133
       6.44320047917254
       2.54031404570286
       1.00000000000000
 132 134 -1
obdef
loc3d
        4.96848382491262              0.66600327539335              8.93466186523438     -1
kind
     26     
    59400          153925     
       12.25000000000000  
 OBS            134
       3.70678593201433
      -1.33570682839045
       1.00000000000000
 133 135 -1
obdef
loc3d
        4.95841046678131              0.68356976794003             15.00000000000000     -1
kind
     26     
    59400          153925     
       12.25000000000000  
 OBS            135
       0.39960957817790
      -1.34741276640531
       1.00000000000000
 134 136 -1
obdef
loc3d
        4.95968425198686              0.67283122878530              9.91464328765869     -1
kind
     26     
    59400          153925     
       12.25000000000000  
 OBS            136
       1.18504048889808
      -0.19064552839558
       1.00000000000000
 135 137 -1
obdef
loc3d
        4.95850938370535              0.67569847985950              9.09960937500000     -1
kind
     26     
    59400          153925     
       12.25000000000000  
 OBS            137
      -2.62164451393372
      -1.00531873519210
       1.00000000000000
 136 138 -1
obdef
loc3d
        4.96062039600501              0.68186605212913             14.00000000000000     -1
kind
     26     
    59400          153925     
       12.25000000000000  
 OBS            138
       0.04080908836054
      -1.32927840705194
       1.00000000000000
 137 139 -1
obdef
loc3d
        4.96044430349621              0.68522255501691             15.00000000000000     -1
kind
     26     
    59400          153925     
       12.25000000000000  
 OBS            139
      -5.65962734211598
      -0.50748910601928
       1.00000000000000
 138 140 -1
obdef
loc3d
        4.95666979050607              0.68165969365477             15.07347202301025     -1
kind
     26     
    59400          153925     
       12.25000000000000  
 OBS            140
      -2.92448340329144
       2.35214315079360
       1.00000000000000
 139 141 -1
obdef
loc3d
        4.96483712939352              0.66390373451953              6.00000000000000     -1
kind
     26     
    59400          153925     
       12.25000000000000  
 OBS            141
       1.79217104364364
       0.43692272513419
       1.00000000000000
 140 142 -1
obdef
loc3d
        4.96717335385836              0.67072562238302             13.76562500000000     -1
kind
     26     
    59400          153925     
       12.25000000000000  
 OBS            142
      -0.08820016159034
      -1.29873780922566
       1.00000000000000
 141 143 -1
obdef
loc3d
        4.96004611966382              0.68820120365869             15.00000000000000     -1
kind
     26     
    59400          153925     
       12.25000000000000  
 OBS            143
      -5.44788800011791
      -1.84296361711188
       1.00000000000000
 142 144 -1
obdef
loc3d
        4.95406364445895              0.69009645468583             54.42578125000000     -1
kind
     26     
    59400          153925     
       12.25000000000000  
 OBS            144
       0.25038113430549
       0.74644556576083
       1.00000000000000
 143 145 -1
obdef
loc3d
        4.95508230192316              0.68705689194968              9.08530712127686     -1
kind
     26     
    59400          153925     
       12.25000000000000  
 OBS            145
       0.06883606771987
       0.25370391241898
       1.00000000000000
 144 146 -1
obdef
loc3d
        4.89647559039613              0.68497595921932            824.84875488281250     -1
kind
     26     
    59400          153925     
       12.25000000000000  
 OBS            146
      -0.99876176200466
       0.09690703602790
       1.00000000000000
 145 147 -1
obdef
loc3d
        4.89667428721977              0.69273770557989            574.37286376953125     -1
kind
     26     
    59400          153925     
       12.25000000000000  
 OBS            147
      -6.01216145756203
      -1.20225613332424
       1.00000000000000
 146 148 -1
obdef
loc3d
        4.91583459977084              0.69278424988043            233.68589782714841     -1
kind
     26     
    59400          153925     
       12.25000000000000  
 OBS            148
       0.48093206100638
       0.86977038593985
       1.00000000000000
 147 149 -1
obdef
loc3d
        4.90300762067971              0.68954390300676            525.03326416015625     -1
kind
     26     
    59400          153925     
       12.25000000000000  
 OBS            149
       4.97311683676564
       0.23885724497437
       1.00000000000000
 148 150 -1
obdef
loc3d
        4.90168560310748              0.69286223560483            711.58941650390625     -1
kind
     26     
    59400          153925     
       12.25000000000000  
 OBS            150
       2.21153012949096
       0.30257480502344
       1.00000000000000
 149 151 -1
obdef
loc3d
        4.91091515139416              0.69052501454351            199.70848083496091     -1
kind
     26     
    59400          153925     
       12.25000000000000  
 OBS            151
     296.70016939030575
     296.92209774009501
       1.00000000000000
 150 152 -1
obdef
loc3d
        4.90540352515539              0.69194112440599            606.33142089843750     -1
kind
     27     
    59400          153925     
        6.25000000000000  
 OBS            152
     304.20021586410360
     302.91585567526897
       1.00000000000000
 151 153 -1
obdef
loc3d
        4.94546412681761              0.68348353984884             17.75631332397461     -1
kind
     27     
    59400          153925     
        6.25000000000000  
 OBS            153
     302.46891237293096
     302.67154790480299
       1.00000000000000
 152 154 -1
obdef
loc3d
        4.94660974174000              0.67744857875853             29.35406684875488     -1
kind
     27     
    59400          153925     
        6.25000000000000  
 OBS            154
     300.71662509667351
     301.68594489410202
       1.00000000000000
 153 155 -1
obdef
loc3d
        4.94648126630843              0.68652865419204             54.82812500000000     -1
kind
     27     
    59400          153925     
        6.25000000000000  
 OBS            155
     304.12241414502353
     302.83294753531402
       1.00000000000000
 154 156 -1
obdef
loc3d
        4.94445426011379              0.68507566758975             62.61011505126953     -1
kind
     27     
    59400          153925     
        6.25000000000000  
 OBS            156
     299.76125131482490
     300.63490537747498
       1.00000000000000
 155 157 -1
obdef
loc3d
        4.94602055174578              0.68752162087271            134.15721130371091     -1
kind
     27     
    59400          153925     
        6.25000000000000  
 OBS            157
     304.12407767625308
     304.16913770222402
       1.00000000000000
 156 158 -1
obdef
loc3d
        4.94603912728501              0.67254511985829             35.00297546386719     -1
kind
     27     
    59400          153925     
        6.25000000000000  
 OBS            158
     305.16502968465073
     304.68646785740299
       1.00000000000000
 157 159 -1
obdef
loc3d
        4.95877904994953              0.67986585977255             17.04111671447754     -1
kind
     27     
    59400          153925     
        6.25000000000000  
 OBS            159
     303.73529189079210
     301.46200244325797
       1.00000000000000
 158 160 -1
obdef
loc3d
        4.93958042817759              0.69095160998657            226.13127136230469     -1
kind
     27     
    59400          153925     
        6.25000000000000  
 OBS            160
     302.57311838952728
     301.63322834965999
       1.00000000000000
 159 161 -1
obdef
loc3d
        4.95756313665553              0.69181797222864             89.84997558593750     -1
kind
     27     
    59400          153925     
        6.25000000000000  
 OBS            161
     302.27308099709887
     304.09846012016800
       1.00000000000000
 160 162 -1
obdef
loc3d
        4.94078657111844              0.67409210989409             60.81152343750000     -1
kind
     27     
    59400          153925     
        6.25000000000000  
 OBS            162
     306.15181413102965
     304.72588759444398
       1.00000000000000
 161 163 -1
obdef
loc3d
        4.95557846691255              0.67267262139613              1.00000000000000     -1
kind
     27     
    59400          153925     
        6.25000000000000  
 OBS            163
     301.75482940692370
     302.22084028503002
       1.00000000000000
 162 164 -1
obdef
loc3d
        4.93193348448080              0.68856418981073            106.00000000000000     -1
kind
     27     
    59400          153925     
        6.25000000000000  
 OBS            164
     298.71888594938503
     298.22474315297802
       1.00000000000000
 163 165 -1
obdef
loc3d
        4.89970838141578              0.68765245249877            785.09423828125000     -1
kind
     27     
    59400          153925     
        6.25000000000000  
 OBS            165
     300.50554626901288
     301.15105699501299
       1.00000000000000
 164 166 -1
obdef
loc3d
        4.95026814558372              0.68993059237416             93.11567687988281     -1
kind
     27     
    59400          153925     
        6.25000000000000  
 OBS            166
     303.27368056502405
     302.62297690953602
       1.00000000000000
 165 167 -1
obdef
loc3d
        4.94174512165160              0.68484635226999            116.56585693359381     -1
kind
     27     
    59400          153925     
        6.25000000000000  
 OBS            167
     302.34001707561862
     302.37289877208798
       1.00000000000000
 166 168 -1
obdef
loc3d
        4.95420735021482              0.68473663912788             15.00000000000000     -1
kind
     27     
    59400          153925     
        6.25000000000000  
 OBS            168
     301.85432444642294
     302.93886384839101
       1.00000000000000
 167 169 -1
obdef
loc3d
        4.93477042118681              0.68310638816012            118.89588928222661     -1
kind
     27     
    59400          153925     
        6.25000000000000  
 OBS            169
     302.84020971663762
     302.50338894826001
       1.00000000000000
 168 170 -1
obdef
loc3d
        4.93795631029682              0.68276407673392            144.94107055664060     -1
kind
     27     
    59400          153925     
        6.25000000000000  
 OBS            170
     302.47359723920442
     302.48016567684402
       1.00000000000000
 169 171 -1
obdef
loc3d
        4.94001671685736              0.68064929967652             43.67281723022461     -1
kind
     27     
    59400          153925     
        6.25000000000000  
 OBS            171
     304.16019765927928
     303.06653096205702
       1.00000000000000
 170 172 -1
obdef
loc3d
        4.94058460161740              0.67807181314514             70.17810058593750     -1
kind
     27     
    59400          153925     
        6.25000000000000  
 OBS            172
     301.11548894150263
     302.42126527257801
       1.00000000000000
 171 173 -1
obdef
loc3d
        4.95423295419494              0.68033176843505              3.71636104583740     -1
kind
     27     
    59400          153925     
        6.25000000000000  
 OBS            173
     304.55727324956916
     305.03857041254503
       1.00000000000000
 172 174 -1
obdef
loc3d
        4.94926894458696              0.66642585587446             10.91526031494141     -1
kind
     27     
    59400          153925     
        6.25000000000000  
 OBS            174
     306.09751684948947
     305.15368910559602
       1.00000000000000
 173 175 -1
obdef
loc3d
        4.96223480186848              0.66700036066835              5.00000000000000     -1
kind
     27     
    59400          153925     
        6.25000000000000  
 OBS            175
     303.38897515688086
     303.72272905421300
       1.00000000000000
 174 176 -1
obdef
loc3d
        4.95546148971009              0.67729393735082              6.17724800109863     -1
kind
     27     
    59400          153925     
        6.25000000000000  
 OBS            176
     300.88881581317571
     301.12982353748799
       1.00000000000000
 175 177 -1
obdef
loc3d
        4.92652723985629              0.69051382381431            146.04148864746091     -1
kind
     27     
    59400          153925     
        6.25000000000000  
 OBS            177
     304.41425243952540
     304.42624905469802
       1.00000000000000
 176 178 -1
obdef
loc3d
        4.96366005344362              0.66920346185787              6.00000000000000     -1
kind
     27     
    59400          153925     
        6.25000000000000  
 OBS            178
     306.25305771827090
     303.99751468163703
       1.00000000000000
 177 179 -1
obdef
loc3d
        4.97052949833720              0.66907739847133              8.84140872955322     -1
kind
     27     
    59400          153925     
        6.25000000000000  
 OBS            179
     301.44254087717394
     300.40978952439002
       1.00000000000000
 178 180 -1
obdef
loc3d
        4.95272465676814              0.69285338512106             17.57446289062500     -1
kind
     27     
    59400          153925     
        6.25000000000000  
 OBS            180
     299.65757489107614
     300.71464190239499
       1.00000000000000
 179 181 -1
obdef
loc3d
        4.94895487610473              0.69270373762026            144.09075927734381     -1
kind
     27     
    59400          153925     
        6.25000000000000  
 OBS            181
     300.56868252600134
     301.51060400196201
       1.00000000000000
 180 182 -1
obdef
loc3d
        4.94293085461737              0.69053117803871            168.92642211914060     -1
kind
     27     
    59400          153925     
        6.25000000000000  
 OBS            182
     304.40499688727112
     304.73928982253801
       1.00000000000000
 181 183 -1
obdef
loc3d
        4.93556788041953              0.67027828664670             15.00000000000000     -1
kind
     27     
    59400          153925     
        6.25000000000000  
 OBS            183
     304.52884048570553
     303.07495682251499
       1.00000000000000
 182 184 -1
obdef
loc3d
        4.94611628544174              0.67496858055017             35.03607940673828     -1
kind
     27     
    59400          153925     
        6.25000000000000  
 OBS            184
     306.09035638526569
     304.56594410531198
       1.00000000000000
 183 185 -1
obdef
loc3d
        4.94304709522229              0.67138694960003             45.00000000000000     -1
kind
     27     
    59400          153925     
        6.25000000000000  
 OBS            185
     304.41940196487263
     303.17101743360797
       1.00000000000000
 184 186 -1
obdef
loc3d
        4.94323627307922              0.67609935421143             50.91764831542969     -1
kind
     27     
    59400          153925     
        6.25000000000000  
 OBS            186
     304.20648400523589
     302.51355552627803
       1.00000000000000
 185 187 -1
obdef
loc3d
        4.94382880471830              0.67878617658979             35.27229690551758     -1
kind
     27     
    59400          153925     
        6.25000000000000  
 OBS            187
     303.59129723395796
     301.60994563811198
       1.00000000000000
 186 188 -1
obdef
loc3d
        4.94220707390035              0.68781081917460            173.94366455078119     -1
kind
     27     
    59400          153925     
        6.25000000000000  
 OBS            188
     301.33774980705999
     301.20463005975199
       1.00000000000000
 187 189 -1
obdef
loc3d
        4.92755542120837              0.68675243746254            174.61849975585940     -1
kind
     27     
    59400          153925     
        6.25000000000000  
 OBS            189
     301.85968772874344
     301.66750092688198
       1.00000000000000
 188 190 -1
obdef
loc3d
        4.93770287749180              0.68559892863867            149.84144592285159     -1
kind
     27     
    59400          153925     
        6.25000000000000  
 OBS            190
     300.25222611607074
     300.97159925315100
       1.00000000000000
 189 191 -1
obdef
loc3d
        4.92848130899840              0.69282991767383            196.64169311523440     -1
kind
     27     
    59400          153925     
        6.25000000000000  
 OBS            191
     303.88273572859077
     305.07067978706300
       1.00000000000000
 190 192 -1
obdef
loc3d
        4.94329123891126              0.66857696973652             21.80461120605469     -1
kind
     27     
    59400          153925     
        6.25000000000000  
 OBS            192
     299.65901953218525
     299.48719279967202
       1.00000000000000
 191 193 -1
obdef
loc3d
        4.93215285315783              0.69272179551745            405.54205322265619     -1
kind
     27     
    59400          153925     
        6.25000000000000  
 OBS            193
     302.60400864926879
     303.44686334519702
       1.00000000000000
 192 194 -1
obdef
loc3d
        4.93085954966869              0.68304429171430             90.32812500000000     -1
kind
     27     
    59400          153925     
        6.25000000000000  
 OBS            194
     304.58211176154481
     303.98561523904101
       1.00000000000000
 193 195 -1
obdef
loc3d
        4.93705662369825              0.67280917017713             44.45593643188477     -1
kind
     27     
    59400          153925     
        6.25000000000000  
 OBS            195
     301.60507073257855
     300.13812702468800
       1.00000000000000
 194 196 -1
obdef
loc3d
        4.94512604639754              0.69281773274108            184.54177856445310     -1
kind
     27     
    59400          153925     
        6.25000000000000  
 OBS            196
     302.97201279351589
     301.44877753047501
       1.00000000000000
 195 197 -1
obdef
loc3d
        4.94897278262263              0.68784055253573             58.60614395141602     -1
kind
     27     
    59400          153925     
        6.25000000000000  
 OBS            197
     299.64040070061731
     300.42578659051799
       1.00000000000000
 196 198 -1
obdef
loc3d
        4.94602769361993              0.68071046350214             21.00896453857422     -1
kind
     27     
    59400          153925     
        6.25000000000000  
 OBS            198
     306.05792306909785
     304.61837412094900
       1.00000000000000
 197 199 -1
obdef
loc3d
        4.93975094338173              0.67132086947702             44.21312713623047     -1
kind
     27     
    59400          153925     
        6.25000000000000  
 OBS            199
     300.25193687674920
     301.21260809419800
       1.00000000000000
 198 200 -1
obdef
loc3d
        4.93608481943111              0.69281990441712            165.01060485839841     -1
kind
     27     
    59400          153925     
        6.25000000000000  
 OBS            200
     299.89930054917505
     300.75646968719298
       1.00000000000000
 199 201 -1
obdef
loc3d
        4.92159319416735              0.69282443720594            292.33944702148438     -1
kind
     27     
    59400          153925     
        6.25000000000000  
 OBS            201
     301.00539332267323
     301.23319660780498
       1.00000000000000
 200 202 -1
obdef
loc3d
        4.93873881518950              0.68829597049600            229.64634704589841     -1
kind
     27     
    59400          153925     
        6.25000000000000  
 OBS            202
     302.85194553278569
     301.86928317162102
       1.00000000000000
 201 203 -1
obdef
loc3d
        4.93527083413009              0.68767784768684            170.73742675781250     -1
kind
     27     
    59400          153925     
        6.25000000000000  
 OBS            203
     299.01640765813960
     301.68785325641102
       1.00000000000000
 202 204 -1
obdef
loc3d
        4.94662113618514              0.69029960200592            170.37097167968750     -1
kind
     27     
    59400          153925     
        6.25000000000000  
 OBS            204
     301.44950260176734
     301.59642979025898
       1.00000000000000
 203 205 -1
obdef
loc3d
        4.93429249379945              0.69052021135789            149.81713867187500     -1
kind
     27     
    59400          153925     
        6.25000000000000  
 OBS            205
     299.40628700062553
     301.29674042312701
       1.00000000000000
 204 206 -1
obdef
loc3d
        4.93269049343414              0.68556567101287            183.19726562500000     -1
kind
     27     
    59400          153925     
        6.25000000000000  
 OBS            206
     305.46879179045163
     305.11565941588702
       1.00000000000000
 205 207 -1
obdef
loc3d
        4.96102089029673              0.67774516842699             17.24609375000000     -1
kind
     27     
    59400          153925     
        6.25000000000000  
 OBS            207
     301.21745903247910
     302.84413687485500
       1.00000000000000
 206 208 -1
obdef
loc3d
        4.95766343385975              0.68587140474105             17.20619201660156     -1
kind
     27     
    59400          153925     
        6.25000000000000  
 OBS            208
     298.95236288101592
     300.28801640191301
       1.00000000000000
 207 209 -1
obdef
loc3d
        4.96848382491262              0.66600327539335              8.93466186523438     -1
kind
     27     
    59400          153925     
        6.25000000000000  
 OBS            209
     303.67341191163581
     303.91732251965999
       1.00000000000000
 208 210 -1
obdef
loc3d
        4.95841046678131              0.68356976794003             15.00000000000000     -1
kind
     27     
    59400          153925     
        6.25000000000000  
 OBS            210
     304.96452048308663
     304.25830017806902
       1.00000000000000
 209 211 -1
obdef
loc3d
        4.95968425198686              0.67283122878530              9.91464328765869     -1
kind
     27     
    59400          153925     
        6.25000000000000  
 OBS            211
     302.75194928506323
     303.29363182774802
       1.00000000000000
 210 212 -1
obdef
loc3d
        4.95850938370535              0.67569847985950              9.09960937500000     -1
kind
     27     
    59400          153925     
        6.25000000000000  
 OBS            212
     303.40827391119387
     305.02774878749699
       1.00000000000000
 211 213 -1
obdef
loc3d
        4.96062039600501              0.68186605212913             14.00000000000000     -1
kind
     27     
    59400          153925     
        6.25000000000000  
 OBS            213
     303.74244354724152
     303.85780381863600
       1.00000000000000
 212 214 -1
obdef
loc3d
        4.96044430349621              0.68522255501691             15.00000000000000     -1
kind
     27     
    59400          153925     
        6.25000000000000  
 OBS            214
     303.69231887411189
     303.01634540252201
       1.00000000000000
 213 215 -1
obdef
loc3d
        4.95666979050607              0.68165969365477             15.07347202301025     -1
kind
     27     
    59400          153925     
        6.25000000000000  
 OBS            215
     305.54131723362536
     304.87287787988402
       1.00000000000000
 214 216 -1
obdef
loc3d
        4.96483712939352              0.66390373451953              6.00000000000000     -1
kind
     27     
    59400          153925     
        6.25000000000000  
 OBS            216
     304.62758897663002
     304.74747540744403
       1.00000000000000
 215 217 -1
obdef
loc3d
        4.96717335385836              0.67072562238302             13.76562500000000     -1
kind
     27     
    59400          153925     
        6.25000000000000  
 OBS            217
     302.87323324026761
     302.59965347359400
       1.00000000000000
 216 218 -1
obdef
loc3d
        4.96004611966382              0.68820120365869             15.00000000000000     -1
kind
     27     
    59400          153925     
        6.25000000000000  
 OBS            218
     303.54059498854986
     301.97375034783198
       1.00000000000000
 217 219 -1
obdef
loc3d
        4.95406364445895              0.69009645468583             54.42578125000000     -1
kind
     27     
    59400          153925     
        6.25000000000000  
 OBS            219
     302.66943076975662
     301.96212302733699
       1.00000000000000
 218 220 -1
obdef
loc3d
        4.95508230192316              0.68705689194968              9.08530712127686     -1
kind
     27     
    59400          153925     
        6.25000000000000  
 OBS            220
     296.27691059762458
     297.72440682333001
       1.00000000000000
 219 221 -1
obdef
loc3d
        4.89647559039613              0.68497595921932            824.84875488281250     -1
kind
     27     
    59400          153925     
        6.25000000000000  
 OBS            221
     297.88578033502051
     298.51432727762301
       1.00000000000000
 220 222 -1
obdef
loc3d
        4.89667428721977              0.69273770557989            574.37286376953125     -1
kind
     27     
    59400          153925     
        6.25000000000000  
 OBS            222
     300.51306466882176
     300.81259816104603
       1.00000000000000
 221 223 -1
obdef
loc3d
        4.91583459977084              0.69278424988043            233.68589782714841     -1
kind
     27     
    59400          153925     
        6.25000000000000  
 OBS            223
     298.92937131707544
     299.74098543824300
       1.00000000000000
 222 224 -1
obdef
loc3d
        4.90300762067971              0.68954390300676            525.03326416015625     -1
kind
     27     
    59400          153925     
        6.25000000000000  
 OBS            224
     297.66326157354985
     297.42995284560902
       1.00000000000000
 223 225 -1
obdef
loc3d
        4.90168560310748              0.69286223560483            711.58941650390625     -1
kind
     27     
    59400          153925     
        6.25000000000000  
 OBS            225
     302.75782133126199
     302.27325615064200
       1.00000000000000
 224 226 -1
obdef
loc3d
        4.91091515139416              0.69052501454351            199.70848083496091     -1
kind
     27     
    59400          153925     
        6.25000000000000  
 OBS            226
       0.00000000000000
       0.01111725839046
       1.00000000000000
 225 227 -1
obdef
loc3d
        4.90540352515539              0.69194112440599            606.33142089843750     -1
kind
     28     
    59400          153925     
        0.00222345167809  
 OBS            227
       0.02350113310860
       0.01203205467324
       1.00000000000000
 226 228 -1
obdef
loc3d
        4.94546412681761              0.68348353984884             17.75631332397461     -1
kind
     28     
    59400          153925     
        0.00240641093465  
 OBS            228
       0.00000000000000
       0.01220719448701
       1.00000000000000
 227 229 -1
obdef
loc3d
        4.94660974174000              0.67744857875853             29.35406684875488     -1
kind
     28     
    59400          153925     
        0.00244143889740  
 OBS            229
       0.03059224087292
       0.01187571115017
       1.00000000000000
 228 230 -1
obdef
loc3d
        4.94648126630843              0.68652865419204             54.82812500000000     -1
kind
     28     
    59400          153925     
        0.00237514223003  
 OBS            230
       0.01039440575848
       0.01202931933033
       1.00000000000000
 229 231 -1
obdef
loc3d
        4.94445426011379              0.68507566758975             62.61011505126953     -1
kind
     28     
    59400          153925     
        0.00240586386607  
 OBS            231
       0.04233319449988
       0.01175469118272
       1.00000000000000
 230 232 -1
obdef
loc3d
        4.94602055174578              0.68752162087271            134.15721130371091     -1
kind
     28     
    59400          153925     
        0.00235093823654  
 OBS            232
       0.01807534767574
       0.01180100264814
       1.00000000000000
 231 233 -1
obdef
loc3d
        4.94603912728501              0.67254511985829             35.00297546386719     -1
kind
     28     
    59400          153925     
        0.00236020052963  
 OBS            233
       0.02827481256445
       0.01100523875627
       1.00000000000000
 232 234 -1
obdef
loc3d
        4.95877904994953              0.67986585977255             17.04111671447754     -1
kind
     28     
    59400          153925     
        0.00220104775125  
 OBS            234
       0.01954521386954
       0.01006669532942
       1.00000000000000
 233 235 -1
obdef
loc3d
        4.93958042817759              0.69095160998657            226.13127136230469     -1
kind
     28     
    59400          153925     
        0.00201333906588  
 OBS            235
       0.01092809204377
       0.01023570284170
       1.00000000000000
 234 236 -1
obdef
loc3d
        4.95756313665553              0.69181797222864             89.84997558593750     -1
kind
     28     
    59400          153925     
        0.00204714056834  
 OBS            236
       0.01291252797241
       0.01127718341411
       1.00000000000000
 235 237 -1
obdef
loc3d
        4.94078657111844              0.67409210989409             60.81152343750000     -1
kind
     28     
    59400          153925     
        0.00225543668282  
 OBS            237
       0.00330928142394
       0.01061363045558
       1.00000000000000
 236 238 -1
obdef
loc3d
        4.95557846691255              0.67267262139613              1.00000000000000     -1
kind
     28     
    59400          153925     
        0.00212272609112  
 OBS            238
       0.00000000000000
       0.01146418349081
       1.00000000000000
 237 239 -1
obdef
loc3d
        4.93193348448080              0.68856418981073            106.00000000000000     -1
kind
     28     
    59400          153925     
        0.00229283669816  
 OBS            239
       0.00544162874474
       0.01063498017350
       1.00000000000000
 238 240 -1
obdef
loc3d
        4.89970838141578              0.68765245249877            785.09423828125000     -1
kind
     28     
    59400          153925     
        0.00212699603470  
 OBS            240
       0.00725462621601
       0.01117150274418
       1.00000000000000
 239 241 -1
obdef
loc3d
        4.95026814558372              0.68993059237416             93.11567687988281     -1
kind
     28     
    59400          153925     
        0.00223430054884  
 OBS            241
       0.01904575907678
       0.01211121713342
       1.00000000000000
 240 242 -1
obdef
loc3d
        4.94174512165160              0.68484635226999            116.56585693359381     -1
kind
     28     
    59400          153925     
        0.00242224342668  
 OBS            242
       0.00000000000000
       0.01244031565606
       1.00000000000000
 241 243 -1
obdef
loc3d
        4.95420735021482              0.68473663912788             15.00000000000000     -1
kind
     28     
    59400          153925     
        0.00248806313121  
 OBS            243
       0.00775853673559
       0.01160966954063
       1.00000000000000
 242 244 -1
obdef
loc3d
        4.93477042118681              0.68310638816012            118.89588928222661     -1
kind
     28     
    59400          153925     
        0.00232193390813  
 OBS            244
       0.00000000000000
       0.01196161440465
       1.00000000000000
 243 245 -1
obdef
loc3d
        4.93795631029682              0.68276407673392            144.94107055664060     -1
kind
     28     
    59400          153925     
        0.00239232288093  
 OBS            245
       0.01102292266164
       0.01292017266355
       1.00000000000000
 244 246 -1
obdef
loc3d
        4.94001671685736              0.68064929967652             43.67281723022461     -1
kind
     28     
    59400          153925     
        0.00258403453271  
 OBS            246
       0.00000000000000
       0.01221584005462
       1.00000000000000
 245 247 -1
obdef
loc3d
        4.94058460161740              0.67807181314514             70.17810058593750     -1
kind
     28     
    59400          153925     
        0.00244316801092  
 OBS            247
       0.01362104651396
       0.01259003484876
       1.00000000000000
 246 248 -1
obdef
loc3d
        4.95423295419494              0.68033176843505              3.71636104583740     -1
kind
     28     
    59400          153925     
        0.00251800696975  
 OBS            248
       0.01131278559744
       0.01248177666291
       1.00000000000000
 247 249 -1
obdef
loc3d
        4.94926894458696              0.66642585587446             10.91526031494141     -1
kind
     28     
    59400          153925     
        0.00249635533258  
 OBS            249
       0.02314924666488
       0.01190217296236
       1.00000000000000
 248 250 -1
obdef
loc3d
        4.96223480186848              0.66700036066835              5.00000000000000     -1
kind
     28     
    59400          153925     
        0.00238043459247  
 OBS            250
       0.00675966608428
       0.01101478976776
       1.00000000000000
 249 251 -1
obdef
loc3d
        4.95546148971009              0.67729393735082              6.17724800109863     -1
kind
     28     
    59400          153925     
        0.00220295795355  
 OBS            251
       0.00000000000000
       0.01063568633247
       1.00000000000000
 250 252 -1
obdef
loc3d
        4.92652723985629              0.69051382381431            146.04148864746091     -1
kind
     28     
    59400          153925     
        0.00212713726649  
 OBS            252
       0.00624150754840
       0.01236962173911
       1.00000000000000
 251 253 -1
obdef
loc3d
        4.96366005344362              0.66920346185787              6.00000000000000     -1
kind
     28     
    59400          153925     
        0.00247392434782  
 OBS            253
       0.01245376745142
       0.01355173108215
       1.00000000000000
 252 254 -1
obdef
loc3d
        4.97052949833720              0.66907739847133              8.84140872955322     -1
kind
     28     
    59400          153925     
        0.00271034621643  
 OBS            254
       0.00000000000000
       0.01087451781061
       1.00000000000000
 253 255 -1
obdef
loc3d
        4.95272465676814              0.69285338512106             17.57446289062500     -1
kind
     28     
    59400          153925     
        0.00217490356212  
 OBS            255
       0.00430436777111
       0.00996136152373
       1.00000000000000
 254 256 -1
obdef
loc3d
        4.94895487610473              0.69270373762026            144.09075927734381     -1
kind
     28     
    59400          153925     
        0.00199227230475  
 OBS            256
       0.03386305290843
       0.01038273157236
       1.00000000000000
 255 257 -1
obdef
loc3d
        4.94293085461737              0.69053117803871            168.92642211914060     -1
kind
     28     
    59400          153925     
        0.00207654631447  
 OBS            257
       0.02183231588571
       0.01201971841459
       1.00000000000000
 256 258 -1
obdef
loc3d
        4.93556788041953              0.67027828664670             15.00000000000000     -1
kind
     28     
    59400          153925     
        0.00240394368292  
 OBS            258
       0.00816759715886
       0.01234891473812
       1.00000000000000
 257 259 -1
obdef
loc3d
        4.94611628544174              0.67496858055017             35.03607940673828     -1
kind
     28     
    59400          153925     
        0.00246978294762  
 OBS            259
       0.01832056170746
       0.01144816171580
       1.00000000000000
 258 260 -1
obdef
loc3d
        4.94304709522229              0.67138694960003             45.00000000000000     -1
kind
     28     
    59400          153925     
        0.00228963234316  
 OBS            260
       0.01007161640697
       0.01223677264480
       1.00000000000000
 259 261 -1
obdef
loc3d
        4.94323627307922              0.67609935421143             50.91764831542969     -1
kind
     28     
    59400          153925     
        0.00244735452896  
 OBS            261
       0.01190920628992
       0.01249858061280
       1.00000000000000
 260 262 -1
obdef
loc3d
        4.94382880471830              0.67878617658979             35.27229690551758     -1
kind
     28     
    59400          153925     
        0.00249971612256  
 OBS            262
       0.03423570287810
       0.01191443205733
       1.00000000000000
 261 263 -1
obdef
loc3d
        4.94220707390035              0.68781081917460            173.94366455078119     -1
kind
     28     
    59400          153925     
        0.00238288641147  
 OBS            263
       0.00000000000000
       0.01183544972929
       1.00000000000000
 262 264 -1
obdef
loc3d
        4.92755542120837              0.68675243746254            174.61849975585940     -1
kind
     28     
    59400          153925     
        0.00236708994586  
 OBS            264
       0.01733561782304
       0.01198278700256
       1.00000000000000
 263 265 -1
obdef
loc3d
        4.93770287749180              0.68559892863867            149.84144592285159     -1
kind
     28     
    59400          153925     
        0.00239655740051  
 OBS            265
       0.00000000000000
       0.00911852628012
       1.00000000000000
 264 266 -1
obdef
loc3d
        4.92848130899840              0.69282991767383            196.64169311523440     -1
kind
     28     
    59400          153925     
        0.00182370525602  
 OBS            266
       0.01515651521742
       0.01039453543606
       1.00000000000000
 265 267 -1
obdef
loc3d
        4.94329123891126              0.66857696973652             21.80461120605469     -1
kind
     28     
    59400          153925     
        0.00207890708721  
 OBS            267
       0.02921046172132
       0.00927297929419
       1.00000000000000
 266 268 -1
obdef
loc3d
        4.93215285315783              0.69272179551745            405.54205322265619     -1
kind
     28     
    59400          153925     
        0.00185459585884  
 OBS            268
       0.00744476587387
       0.01115398925471
       1.00000000000000
 267 269 -1
obdef
loc3d
        4.93085954966869              0.68304429171430             90.32812500000000     -1
kind
     28     
    59400          153925     
        0.00223079785094  
 OBS            269
       0.02092303810185
       0.01194144972925
       1.00000000000000
 268 270 -1
obdef
loc3d
        4.93705662369825              0.67280917017713             44.45593643188477     -1
kind
     28     
    59400          153925     
        0.00238828994585  
 OBS            270
       0.00000000000000
       0.00959390815778
       1.00000000000000
 269 271 -1
obdef
loc3d
        4.94512604639754              0.69281773274108            184.54177856445310     -1
kind
     28     
    59400          153925     
        0.00191878163156  
 OBS            271
       0.01725727233767
       0.01211240923296
       1.00000000000000
 270 272 -1
obdef
loc3d
        4.94897278262263              0.68784055253573             58.60614395141602     -1
kind
     28     
    59400          153925     
        0.00242248184659  
 OBS            272
       0.00235833451382
       0.01374888048421
       1.00000000000000
 271 273 -1
obdef
loc3d
        4.94602769361993              0.68071046350214             21.00896453857422     -1
kind
     28     
    59400          153925     
        0.00274977609684  
 OBS            273
       0.02293739827003
       0.01184755310419
       1.00000000000000
 272 274 -1
obdef
loc3d
        4.93975094338173              0.67132086947702             44.21312713623047     -1
kind
     28     
    59400          153925     
        0.00236951062084  
 OBS            274
       0.00507406619846
       0.00995638607829
       1.00000000000000
 273 275 -1
obdef
loc3d
        4.93608481943111              0.69281990441712            165.01060485839841     -1
kind
     28     
    59400          153925     
        0.00199127721566  
 OBS            275
       0.00174474483589
       0.00857442959741
       1.00000000000000
 274 276 -1
obdef
loc3d
        4.92159319416735              0.69282443720594            292.33944702148438     -1
kind
     28     
    59400          153925     
        0.00171488591948  
 OBS            276
       0.01156647031350
       0.01159519186459
       1.00000000000000
 275 277 -1
obdef
loc3d
        4.93873881518950              0.68829597049600            229.64634704589841     -1
kind
     28     
    59400          153925     
        0.00231903837292  
 OBS            277
       0.02976746688808
       0.01166899307925
       1.00000000000000
 276 278 -1
obdef
loc3d
        4.93527083413009              0.68767784768684            170.73742675781250     -1
kind
     28     
    59400          153925     
        0.00233379861585  
 OBS            278
       0.03283878726543
       0.01065914900939
       1.00000000000000
 277 279 -1
obdef
loc3d
        4.94662113618514              0.69029960200592            170.37097167968750     -1
kind
     28     
    59400          153925     
        0.00213182980188  
 OBS            279
       0.00000000000000
       0.01110714577958
       1.00000000000000
 278 280 -1
obdef
loc3d
        4.93429249379945              0.69052021135789            149.81713867187500     -1
kind
     28     
    59400          153925     
        0.00222142915592  
 OBS            280
       0.01783373060121
       0.01205381339020
       1.00000000000000
 279 281 -1
obdef
loc3d
        4.93269049343414              0.68556567101287            183.19726562500000     -1
kind
     28     
    59400          153925     
        0.00241076267804  
 OBS            281
       0.00000000000000
       0.01094849461104
       1.00000000000000
 280 282 -1
obdef
loc3d
        4.96102089029673              0.67774516842699             17.24609375000000     -1
kind
     28     
    59400          153925     
        0.00218969892221  
 OBS            282
       0.00302185478742
       0.01197753307258
       1.00000000000000
 281 283 -1
obdef
loc3d
        4.95766343385975              0.68587140474105             17.20619201660156     -1
kind
     28     
    59400          153925     
        0.00239550661452  
 OBS            283
       0.00000000000000
       0.01571134892960
       1.00000000000000
 282 284 -1
obdef
loc3d
        4.96848382491262              0.66600327539335              8.93466186523438     -1
kind
     28     
    59400          153925     
        0.00314226978592  
 OBS            284
       0.00000000000000
       0.01239590648955
       1.00000000000000
 283 285 -1
obdef
loc3d
        4.95841046678131              0.68356976794003             15.00000000000000     -1
kind
     28     
    59400          153925     
        0.00247918129791  
 OBS            285
       0.01448576262653
       0.01183732168588
       1.00000000000000
 284 286 -1
obdef
loc3d
        4.95968425198686              0.67283122878530              9.91464328765869     -1
kind
     28     
    59400          153925     
        0.00236746433718  
 OBS            286
       0.01343298701698
       0.01181121058136
       1.00000000000000
 285 287 -1
obdef
loc3d
        4.95850938370535              0.67569847985950              9.09960937500000     -1
kind
     28     
    59400          153925     
        0.00236224211627  
 OBS            287
       0.01433846379029
       0.01153220114844
       1.00000000000000
 286 288 -1
obdef
loc3d
        4.96062039600501              0.68186605212913             14.00000000000000     -1
kind
     28     
    59400          153925     
        0.00230644022969  
 OBS            288
       0.01183936276741
       0.01176420320760
       1.00000000000000
 287 289 -1
obdef
loc3d
        4.96044430349621              0.68522255501691             15.00000000000000     -1
kind
     28     
    59400          153925     
        0.00235284064152  
 OBS            289
       0.00828433047610
       0.01233832735540
       1.00000000000000
 288 290 -1
obdef
loc3d
        4.95666979050607              0.68165969365477             15.07347202301025     -1
kind
     28     
    59400          153925     
        0.00246766547108  
 OBS            290
       0.01868440026004
       0.01201585050327
       1.00000000000000
 289 291 -1
obdef
loc3d
        4.96483712939352              0.66390373451953              6.00000000000000     -1
kind
     28     
    59400          153925     
        0.00240317010065  
 OBS            291
       0.03823064665227
       0.01157605795365
       1.00000000000000
 290 292 -1
obdef
loc3d
        4.96717335385836              0.67072562238302             13.76562500000000     -1
kind
     28     
    59400          153925     
        0.00231521159073  
 OBS            292
       0.01447896263205
       0.01178174834630
       1.00000000000000
 291 293 -1
obdef
loc3d
        4.96004611966382              0.68820120365869             15.00000000000000     -1
kind
     28     
    59400          153925     
        0.00235634966926  
 OBS            293
       0.00000000000000
       0.01065234099614
       1.00000000000000
 292 294 -1
obdef
loc3d
        4.95406364445895              0.69009645468583             54.42578125000000     -1
kind
     28     
    59400          153925     
        0.00213046819923  
 OBS            294
       0.00000000000000
       0.01258950703484
       1.00000000000000
 293 295 -1
obdef
loc3d
        4.95508230192316              0.68705689194968              9.08530712127686     -1
kind
     28     
    59400          153925     
        0.00251790140697  
 OBS            295
       0.00722511349251
       0.01092405824832
       1.00000000000000
 294 296 -1
obdef
loc3d
        4.89647559039613              0.68497595921932            824.84875488281250     -1
kind
     28     
    59400          153925     
        0.00218481164966  
 OBS            296
       0.00469586947678
       0.01063312374246
       1.00000000000000
 295 297 -1
obdef
loc3d
        4.89667428721977              0.69273770557989            574.37286376953125     -1
kind
     28     
    59400          153925     
        0.00212662474849  
 OBS            297
       0.00390862111089
       0.00997001705998
       1.00000000000000
 296 298 -1
obdef
loc3d
        4.91583459977084              0.69278424988043            233.68589782714841     -1
kind
     28     
    59400          153925     
        0.00199400341200  
 OBS            298
       0.01991222274033
       0.01018573968639
       1.00000000000000
 297 299 -1
obdef
loc3d
        4.90300762067971              0.68954390300676            525.03326416015625     -1
kind
     28     
    59400          153925     
        0.00203714793728  
 OBS            299
       0.00829842224399
       0.01075153897870
       1.00000000000000
 298 300 -1
obdef
loc3d
        4.90168560310748              0.69286223560483            711.58941650390625     -1
kind
     28     
    59400          153925     
        0.00215030779574  
 OBS            300
       0.01083565152904
       0.01079591366434
       1.00000000000000
 299 -1 -1
obdef
loc3d
        4.91091515139416              0.69052501454351            199.70848083496091     -1
kind
     28     
    59400          153925     
        0.00215918273287  
