 obs_sequence
obs_kind_definitions
       4
    25          LAND_SFC_U_WIND_COMPONENT   
    26          LAND_SFC_V_WIND_COMPONENT   
    27          LAND_SFC_TEMPERATURE   
    28          LAND_SFC_SPECIFIC_HUMIDITY   
  num_copies:            2  num_qc:            1
 num_obs:       300  max_num_obs:       300
observations
truth
QC radar
  first:            1  last:       300
 OBS            1
      -0.97467213684025
       1.94017936633849
       1.00000000000000
 -1 2 -1
obdef
loc3d
        4.90540352515539              0.69194112440599            606.33142089843750     -1
kind
     25     
    69300          153925     
       12.25000000000000  
 OBS            2
      -4.37496754284961
      -2.62367388096561
       1.00000000000000
 1 3 -1
obdef
loc3d
        4.94546412681761              0.68348353984884             17.75631332397461     -1
kind
     25     
    69300          153925     
       12.25000000000000  
 OBS            3
      -1.29183322422791
      -2.33998741875369
       1.00000000000000
 2 4 -1
obdef
loc3d
        4.94660974174000              0.67744857875853             29.35406684875488     -1
kind
     25     
    69300          153925     
       12.25000000000000  
 OBS            4
      -5.38865945836918
       0.21105536276002
       1.00000000000000
 3 5 -1
obdef
loc3d
        4.94648126630843              0.68652865419204             54.82812500000000     -1
kind
     25     
    69300          153925     
       12.25000000000000  
 OBS            5
       2.33470658654821
      -1.22298677945054
       1.00000000000000
 4 6 -1
obdef
loc3d
        4.94445426011379              0.68507566758975             62.61011505126953     -1
kind
     25     
    69300          153925     
       12.25000000000000  
 OBS            6
       2.34888373734704
       0.91902728517319
       1.00000000000000
 5 7 -1
obdef
loc3d
        4.94602055174578              0.68752162087271            134.15721130371091     -1
kind
     25     
    69300          153925     
       12.25000000000000  
 OBS            7
       0.67908190575028
      -2.98330685333482
       1.00000000000000
 6 8 -1
obdef
loc3d
        4.94603912728501              0.67254511985829             35.00297546386719     -1
kind
     25     
    69300          153925     
       12.25000000000000  
 OBS            8
       2.70968303153839
       3.97390508738373
       1.00000000000000
 7 9 -1
obdef
loc3d
        4.95877904994953              0.67986585977255             17.04111671447754     -1
kind
     25     
    69300          153925     
       12.25000000000000  
 OBS            9
       9.94487673148292
       2.28850444318241
       1.00000000000000
 8 10 -1
obdef
loc3d
        4.93958042817759              0.69095160998657            226.13127136230469     -1
kind
     25     
    69300          153925     
       12.25000000000000  
 OBS            10
      -7.35229730947729
       1.04016987205571
       1.00000000000000
 9 11 -1
obdef
loc3d
        4.95756313665553              0.69181797222864             89.84997558593750     -1
kind
     25     
    69300          153925     
       12.25000000000000  
 OBS            11
      -1.66674895824932
       0.95610414418961
       1.00000000000000
 10 12 -1
obdef
loc3d
        4.94078657111844              0.67409210989409             60.81152343750000     -1
kind
     25     
    69300          153925     
       12.25000000000000  
 OBS            12
       6.82274556298999
       2.24255302657060
       1.00000000000000
 11 13 -1
obdef
loc3d
        4.95557846691255              0.67267262139613              1.00000000000000     -1
kind
     25     
    69300          153925     
       12.25000000000000  
 OBS            13
       3.50663968772190
       1.47101433077154
       1.00000000000000
 12 14 -1
obdef
loc3d
        4.93193348448080              0.68856418981073            106.00000000000000     -1
kind
     25     
    69300          153925     
       12.25000000000000  
 OBS            14
       0.65770276179992
       2.80689690548669
       1.00000000000000
 13 15 -1
obdef
loc3d
        4.89970838141578              0.68765245249877            785.09423828125000     -1
kind
     25     
    69300          153925     
       12.25000000000000  
 OBS            15
      -5.30258848105828
      -1.52589008526836
       1.00000000000000
 14 16 -1
obdef
loc3d
        4.95026814558372              0.68993059237416             93.11567687988281     -1
kind
     25     
    69300          153925     
       12.25000000000000  
 OBS            16
       3.44498809093822
       2.29911995713387
       1.00000000000000
 15 17 -1
obdef
loc3d
        4.94174512165160              0.68484635226999            116.56585693359381     -1
kind
     25     
    69300          153925     
       12.25000000000000  
 OBS            17
       9.44624934326678
       3.05266641470644
       1.00000000000000
 16 18 -1
obdef
loc3d
        4.95420735021482              0.68473663912788             15.00000000000000     -1
kind
     25     
    69300          153925     
       12.25000000000000  
 OBS            18
      -6.04091087848854
       2.31441258389927
       1.00000000000000
 17 19 -1
obdef
loc3d
        4.93477042118681              0.68310638816012            118.89588928222661     -1
kind
     25     
    69300          153925     
       12.25000000000000  
 OBS            19
       3.06387345918325
       1.03105518358103
       1.00000000000000
 18 20 -1
obdef
loc3d
        4.93795631029682              0.68276407673392            144.94107055664060     -1
kind
     25     
    69300          153925     
       12.25000000000000  
 OBS            20
       0.50887805124561
       2.18868859830366
       1.00000000000000
 19 21 -1
obdef
loc3d
        4.94001671685736              0.68064929967652             43.67281723022461     -1
kind
     25     
    69300          153925     
       12.25000000000000  
 OBS            21
      -1.96562242922174
       2.34438225438490
       1.00000000000000
 20 22 -1
obdef
loc3d
        4.94058460161740              0.67807181314514             70.17810058593750     -1
kind
     25     
    69300          153925     
       12.25000000000000  
 OBS            22
      -1.07855350913933
       1.91496518766561
       1.00000000000000
 21 23 -1
obdef
loc3d
        4.95423295419494              0.68033176843505              3.71636104583740     -1
kind
     25     
    69300          153925     
       12.25000000000000  
 OBS            23
      -2.60479985384036
      -4.08224299302605
       1.00000000000000
 22 24 -1
obdef
loc3d
        4.94926894458696              0.66642585587446             10.91526031494141     -1
kind
     25     
    69300          153925     
       12.25000000000000  
 OBS            24
       0.11728598610353
       3.89709037378472
       1.00000000000000
 23 25 -1
obdef
loc3d
        4.96223480186848              0.66700036066835              5.00000000000000     -1
kind
     25     
    69300          153925     
       12.25000000000000  
 OBS            25
       4.10581011752955
       2.89578075433513
       1.00000000000000
 24 26 -1
obdef
loc3d
        4.95546148971009              0.67729393735082              6.17724800109863     -1
kind
     25     
    69300          153925     
       12.25000000000000  
 OBS            26
       1.13826447614188
       0.18913960252547
       1.00000000000000
 25 27 -1
obdef
loc3d
        4.92652723985629              0.69051382381431            146.04148864746091     -1
kind
     25     
    69300          153925     
       12.25000000000000  
 OBS            27
      -3.79481402799169
       2.67766710275780
       1.00000000000000
 26 28 -1
obdef
loc3d
        4.96366005344362              0.66920346185787              6.00000000000000     -1
kind
     25     
    69300          153925     
       12.25000000000000  
 OBS            28
       0.99694609529866
      -0.07323476455702
       1.00000000000000
 27 29 -1
obdef
loc3d
        4.97052949833720              0.66907739847133              8.84140872955322     -1
kind
     25     
    69300          153925     
       12.25000000000000  
 OBS            29
       0.44397627515273
       1.70448701006871
       1.00000000000000
 28 30 -1
obdef
loc3d
        4.93505853489354              0.69035668900909            163.38452148437500     -1
kind
     25     
    69300          153925     
       12.25000000000000  
 OBS            30
       2.06029280669949
       1.52886897292812
       1.00000000000000
 29 31 -1
obdef
loc3d
        4.93979773523841              0.67259214116167             45.00000000000000     -1
kind
     25     
    69300          153925     
       12.25000000000000  
 OBS            31
       2.36581363010782
       1.44472482778275
       1.00000000000000
 30 32 -1
obdef
loc3d
        4.92901815402419              0.68818595396932            126.56063842773440     -1
kind
     25     
    69300          153925     
       12.25000000000000  
 OBS            32
      -3.07152704243026
       1.15138555215306
       1.00000000000000
 31 33 -1
obdef
loc3d
        4.92864050752959              0.68988490592333            360.09008789062500     -1
kind
     25     
    69300          153925     
       12.25000000000000  
 OBS            33
       3.36721076988202
       1.54691176174289
       1.00000000000000
 32 34 -1
obdef
loc3d
        4.94071794293451              0.68880476183725            173.77728271484381     -1
kind
     25     
    69300          153925     
       12.25000000000000  
 OBS            34
       3.85346467234798
       0.70987601430760
       1.00000000000000
 33 35 -1
obdef
loc3d
        4.94475069255349              0.67936922784321             17.10044860839844     -1
kind
     25     
    69300          153925     
       12.25000000000000  
 OBS            35
       5.97574308821011
       1.77314857969078
       1.00000000000000
 34 36 -1
obdef
loc3d
        4.93040524362615              0.68956958577383            472.38653564453119     -1
kind
     25     
    69300          153925     
       12.25000000000000  
 OBS            36
       0.83541711505051
       1.91181171541098
       1.00000000000000
 35 37 -1
obdef
loc3d
        4.93438788521233              0.68743777381223            157.39462280273440     -1
kind
     25     
    69300          153925     
       12.25000000000000  
 OBS            37
       2.82600615407386
       0.95543706031749
       1.00000000000000
 36 38 -1
obdef
loc3d
        4.93003537520636              0.69083454089469            382.75677490234381     -1
kind
     25     
    69300          153925     
       12.25000000000000  
 OBS            38
       2.57798543151030
       2.14849586007972
       1.00000000000000
 37 39 -1
obdef
loc3d
        4.94262489165251              0.68702513034102            130.29710388183591     -1
kind
     25     
    69300          153925     
       12.25000000000000  
 OBS            39
      -1.01018448983708
      -0.08470798139653
       1.00000000000000
 38 40 -1
obdef
loc3d
        4.93100113789334              0.68653549583784             94.66114807128906     -1
kind
     25     
    69300          153925     
       12.25000000000000  
 OBS            40
       3.45982387298040
       3.52375283788092
       1.00000000000000
 39 41 -1
obdef
loc3d
        4.94000002935902              0.67612888350011             59.69976806640625     -1
kind
     25     
    69300          153925     
       12.25000000000000  
 OBS            41
       9.33205970949015
       1.53719463738056
       1.00000000000000
 40 42 -1
obdef
loc3d
        4.94231604692662              0.69077376274482            190.83442687988281     -1
kind
     25     
    69300          153925     
       12.25000000000000  
 OBS            42
      -0.52090899955829
       1.98470656975499
       1.00000000000000
 41 43 -1
obdef
loc3d
        4.93554247635603              0.69268257167582            131.09960937500000     -1
kind
     25     
    69300          153925     
       12.25000000000000  
 OBS            43
       0.06560132842449
       1.97912704885611
       1.00000000000000
 42 44 -1
obdef
loc3d
        4.94069913477896              0.68279864123905            131.77731323242190     -1
kind
     25     
    69300          153925     
       12.25000000000000  
 OBS            44
       0.29335608144281
      -1.33705066823897
       1.00000000000000
 43 45 -1
obdef
loc3d
        4.94367854378329              0.67420565331297             56.55799865722656     -1
kind
     25     
    69300          153925     
       12.25000000000000  
 OBS            45
       3.57493029740052
       3.06499973944714
       1.00000000000000
 44 46 -1
obdef
loc3d
        4.93814984943932              0.67457436016830             39.55386734008789     -1
kind
     25     
    69300          153925     
       12.25000000000000  
 OBS            46
       2.79512913479828
       1.55678085050737
       1.00000000000000
 45 47 -1
obdef
loc3d
        4.94253566982520              0.68065092526894             48.56933593750000     -1
kind
     25     
    69300          153925     
       12.25000000000000  
 OBS            47
      -0.01973209418918
       0.39294225101030
       1.00000000000000
 46 48 -1
obdef
loc3d
        4.93593154408741              0.68080949477360             85.35743713378906     -1
kind
     25     
    69300          153925     
       12.25000000000000  
 OBS            48
       6.87621348910409
       1.75147564623316
       1.00000000000000
 47 49 -1
obdef
loc3d
        4.94758068519446              0.69282395273635            179.51908874511719     -1
kind
     25     
    69300          153925     
       12.25000000000000  
 OBS            49
       3.51533690569905
       2.47532002534141
       1.00000000000000
 48 50 -1
obdef
loc3d
        4.93541634697774              0.67261831698898             21.54207611083984     -1
kind
     25     
    69300          153925     
       12.25000000000000  
 OBS            50
      -4.87389649736370
      -1.02870027653570
       1.00000000000000
 49 51 -1
obdef
loc3d
        4.93342752395137              0.68533697059699            120.48287200927730     -1
kind
     25     
    69300          153925     
       12.25000000000000  
 OBS            51
       0.04033506379565
       1.87661836588396
       1.00000000000000
 50 52 -1
obdef
loc3d
        4.92811551620144              0.69141391763145            189.00242614746091     -1
kind
     25     
    69300          153925     
       12.25000000000000  
 OBS            52
       1.28789231606525
      -2.82399557229068
       1.00000000000000
 51 53 -1
obdef
loc3d
        4.94328780634786              0.67761918906629             21.61136627197266     -1
kind
     25     
    69300          153925     
       12.25000000000000  
 OBS            53
       1.97062165627000
       0.66010762650918
       1.00000000000000
 52 54 -1
obdef
loc3d
        4.93617130041664              0.68578341426755            199.41349792480469     -1
kind
     25     
    69300          153925     
       12.25000000000000  
 OBS            54
       8.48033311669815
       1.94966990361661
       1.00000000000000
 53 55 -1
obdef
loc3d
        4.94488890698391              0.68151038983677             42.34177017211914     -1
kind
     25     
    69300          153925     
       12.25000000000000  
 OBS            55
      -0.41866511402381
      -3.58750741498538
       1.00000000000000
 54 56 -1
obdef
loc3d
        4.94610769319308              0.67540343249948             44.88281250000000     -1
kind
     25     
    69300          153925     
       12.25000000000000  
 OBS            56
       3.24405104488041
       1.96191459448606
       1.00000000000000
 55 57 -1
obdef
loc3d
        4.93098289428918              0.69278368564599            411.59194946289062     -1
kind
     25     
    69300          153925     
       12.25000000000000  
 OBS            57
      -4.29710904498158
      -0.09724501836606
       1.00000000000000
 56 58 -1
obdef
loc3d
        4.93746284305807              0.67295620864423             44.45593643188477     -1
kind
     25     
    69300          153925     
       12.25000000000000  
 OBS            58
       3.03743558505298
       2.09717887401812
       1.00000000000000
 57 59 -1
obdef
loc3d
        4.93742549337872              0.68866580079864            241.84100341796881     -1
kind
     25     
    69300          153925     
       12.25000000000000  
 OBS            59
       0.88424832537337
       1.37786063069342
       1.00000000000000
 58 60 -1
obdef
loc3d
        4.94310367286119              0.67063823067780             37.30942153930664     -1
kind
     25     
    69300          153925     
       12.25000000000000  
 OBS            60
      -1.83089325411408
       2.42108648097938
       1.00000000000000
 59 61 -1
obdef
loc3d
        4.94312354358950              0.69286317278749            201.84664916992190     -1
kind
     25     
    69300          153925     
       12.25000000000000  
 OBS            61
      -3.45827172608892
       0.95243569341775
       1.00000000000000
 60 62 -1
obdef
loc3d
        4.93202293942753              0.69056809921756            124.38476562500000     -1
kind
     25     
    69300          153925     
       12.25000000000000  
 OBS            62
       7.61383724357767
       2.77107669435053
       1.00000000000000
 61 63 -1
obdef
loc3d
        4.93852899085493              0.69282303339671            210.85327148437500     -1
kind
     25     
    69300          153925     
       12.25000000000000  
 OBS            63
      -1.58531172376863
       1.95700063682950
       1.00000000000000
 62 64 -1
obdef
loc3d
        4.93925110381924              0.68654477021234            169.40324401855469     -1
kind
     25     
    69300          153925     
       12.25000000000000  
 OBS            64
       6.75341737824389
       2.02393000554105
       1.00000000000000
 63 65 -1
obdef
loc3d
        4.94561300163474              0.69021407942450            101.67103576660161     -1
kind
     25     
    69300          153925     
       12.25000000000000  
 OBS            65
      -6.18225792900925
      -4.50513944232018
       1.00000000000000
 64 66 -1
obdef
loc3d
        4.94677761419795              0.66921213830349             30.00000000000000     -1
kind
     25     
    69300          153925     
       12.25000000000000  
 OBS            66
       3.95383145870954
       0.21368710261788
       1.00000000000000
 65 67 -1
obdef
loc3d
        4.91464000802058              0.69220313236118            256.98049926757812     -1
kind
     25     
    69300          153925     
       12.25000000000000  
 OBS            67
       1.79932898056484
      -0.34913589561380
       1.00000000000000
 66 68 -1
obdef
loc3d
        4.91222840493483              0.69213090540308            311.66015625000000     -1
kind
     25     
    69300          153925     
       12.25000000000000  
 OBS            68
       0.61427147261597
       4.31418625745626
       1.00000000000000
 67 69 -1
obdef
loc3d
        4.90319820253832              0.69077085029214            558.21520996093750     -1
kind
     25     
    69300          153925     
       12.25000000000000  
 OBS            69
      -2.55868880321201
       0.62187271194351
       1.00000000000000
 68 70 -1
obdef
loc3d
        4.90548367400941              0.68961427180382            340.45385742187500     -1
kind
     25     
    69300          153925     
       12.25000000000000  
 OBS            70
       6.17665300523469
       2.88693838414701
       1.00000000000000
 69 71 -1
obdef
loc3d
        4.90182808691748              0.69286665451088            711.58941650390625     -1
kind
     25     
    69300          153925     
       12.25000000000000  
 OBS            71
      -2.32651761290017
       1.85497162870188
       1.00000000000000
 70 72 -1
obdef
loc3d
        4.92199514385413              0.69211089395115            185.84292602539060     -1
kind
     25     
    69300          153925     
       12.25000000000000  
 OBS            72
       2.45392703694707
      -0.43918566850065
       1.00000000000000
 71 73 -1
obdef
loc3d
        4.91709198426003              0.69266703903771            205.88345336914060     -1
kind
     25     
    69300          153925     
       12.25000000000000  
 OBS            73
      -1.69525310192328
      -1.08544722802842
       1.00000000000000
 72 74 -1
obdef
loc3d
        4.91305125126208              0.69031483822850            320.48217773437500     -1
kind
     25     
    69300          153925     
       12.25000000000000  
 OBS            74
      -0.98227712502269
       0.84124938311624
       1.00000000000000
 73 75 -1
obdef
loc3d
        4.90918301095293              0.69233086407935            229.95614624023440     -1
kind
     25     
    69300          153925     
       12.25000000000000  
 OBS            75
       0.88021160290789
       3.01842214293603
       1.00000000000000
 74 76 -1
obdef
loc3d
        4.90002894620424              0.69031812013417            840.25653076171875     -1
kind
     25     
    69300          153925     
       12.25000000000000  
 OBS            76
       1.49568603984259
       1.50787624591515
       1.00000000000000
 75 77 -1
obdef
loc3d
        4.90540352515539              0.69194112440599            606.33142089843750     -1
kind
     26     
    69300          153925     
       12.25000000000000  
 OBS            77
      -0.64688782199905
      -0.35326139415336
       1.00000000000000
 76 78 -1
obdef
loc3d
        4.94546412681761              0.68348353984884             17.75631332397461     -1
kind
     26     
    69300          153925     
       12.25000000000000  
 OBS            78
       4.31649793258525
       2.19344477827173
       1.00000000000000
 77 79 -1
obdef
loc3d
        4.94660974174000              0.67744857875853             29.35406684875488     -1
kind
     26     
    69300          153925     
       12.25000000000000  
 OBS            79
       3.44788031073701
       2.02081900294001
       1.00000000000000
 78 80 -1
obdef
loc3d
        4.94648126630843              0.68652865419204             54.82812500000000     -1
kind
     26     
    69300          153925     
       12.25000000000000  
 OBS            80
       4.66186845466375
       1.74466002279465
       1.00000000000000
 79 81 -1
obdef
loc3d
        4.94445426011379              0.68507566758975             62.61011505126953     -1
kind
     26     
    69300          153925     
       12.25000000000000  
 OBS            81
      -0.26560364516021
       1.23191712911198
       1.00000000000000
 80 82 -1
obdef
loc3d
        4.94602055174578              0.68752162087271            134.15721130371091     -1
kind
     26     
    69300          153925     
       12.25000000000000  
 OBS            82
      -1.24211966154679
      -0.24360528163735
       1.00000000000000
 81 83 -1
obdef
loc3d
        4.94603912728501              0.67254511985829             35.00297546386719     -1
kind
     26     
    69300          153925     
       12.25000000000000  
 OBS            83
       1.31636197709160
       1.12044129881459
       1.00000000000000
 82 84 -1
obdef
loc3d
        4.95877904994953              0.67986585977255             17.04111671447754     -1
kind
     26     
    69300          153925     
       12.25000000000000  
 OBS            84
      -0.00693775050965
       1.22609980301546
       1.00000000000000
 83 85 -1
obdef
loc3d
        4.93958042817759              0.69095160998657            226.13127136230469     -1
kind
     26     
    69300          153925     
       12.25000000000000  
 OBS            85
      -0.45110051596309
       3.83284591839013
       1.00000000000000
 84 86 -1
obdef
loc3d
        4.95756313665553              0.69181797222864             89.84997558593750     -1
kind
     26     
    69300          153925     
       12.25000000000000  
 OBS            86
       1.25708868064394
       0.60985397911914
       1.00000000000000
 85 87 -1
obdef
loc3d
        4.94078657111844              0.67409210989409             60.81152343750000     -1
kind
     26     
    69300          153925     
       12.25000000000000  
 OBS            87
      -1.65983392982872
      -1.08250526390301
       1.00000000000000
 86 88 -1
obdef
loc3d
        4.95557846691255              0.67267262139613              1.00000000000000     -1
kind
     26     
    69300          153925     
       12.25000000000000  
 OBS            88
      -0.82109172170502
       0.61551126840001
       1.00000000000000
 87 89 -1
obdef
loc3d
        4.93193348448080              0.68856418981073            106.00000000000000     -1
kind
     26     
    69300          153925     
       12.25000000000000  
 OBS            89
       1.73740141729878
       0.16796340407532
       1.00000000000000
 88 90 -1
obdef
loc3d
        4.89970838141578              0.68765245249877            785.09423828125000     -1
kind
     26     
    69300          153925     
       12.25000000000000  
 OBS            90
      -2.01748977874642
       2.82788038550666
       1.00000000000000
 89 91 -1
obdef
loc3d
        4.95026814558372              0.68993059237416             93.11567687988281     -1
kind
     26     
    69300          153925     
       12.25000000000000  
 OBS            91
      -2.35923220812501
       0.84391019968981
       1.00000000000000
 90 92 -1
obdef
loc3d
        4.94174512165160              0.68484635226999            116.56585693359381     -1
kind
     26     
    69300          153925     
       12.25000000000000  
 OBS            92
      -0.16208555472738
       0.43863303507745
       1.00000000000000
 91 93 -1
obdef
loc3d
        4.95420735021482              0.68473663912788             15.00000000000000     -1
kind
     26     
    69300          153925     
       12.25000000000000  
 OBS            93
       1.54460410913783
       0.61764302168141
       1.00000000000000
 92 94 -1
obdef
loc3d
        4.93477042118681              0.68310638816012            118.89588928222661     -1
kind
     26     
    69300          153925     
       12.25000000000000  
 OBS            94
       0.30820019298829
       0.33028746087135
       1.00000000000000
 93 95 -1
obdef
loc3d
        4.93795631029682              0.68276407673392            144.94107055664060     -1
kind
     26     
    69300          153925     
       12.25000000000000  
 OBS            95
      -0.65623193688305
       0.67900086369112
       1.00000000000000
 94 96 -1
obdef
loc3d
        4.94001671685736              0.68064929967652             43.67281723022461     -1
kind
     26     
    69300          153925     
       12.25000000000000  
 OBS            96
      -0.00125130211520
       1.07562152612288
       1.00000000000000
 95 97 -1
obdef
loc3d
        4.94058460161740              0.67807181314514             70.17810058593750     -1
kind
     26     
    69300          153925     
       12.25000000000000  
 OBS            97
      -5.39579185435491
      -0.83932352098295
       1.00000000000000
 96 98 -1
obdef
loc3d
        4.95423295419494              0.68033176843505              3.71636104583740     -1
kind
     26     
    69300          153925     
       12.25000000000000  
 OBS            98
       3.81194785027776
       2.16672094185488
       1.00000000000000
 97 99 -1
obdef
loc3d
        4.94926894458696              0.66642585587446             10.91526031494141     -1
kind
     26     
    69300          153925     
       12.25000000000000  
 OBS            99
      -0.91030426423370
      -0.32885934899553
       1.00000000000000
 98 100 -1
obdef
loc3d
        4.96223480186848              0.66700036066835              5.00000000000000     -1
kind
     26     
    69300          153925     
       12.25000000000000  
 OBS            100
       1.62251695340108
      -0.05841597824021
       1.00000000000000
 99 101 -1
obdef
loc3d
        4.95546148971009              0.67729393735082              6.17724800109863     -1
kind
     26     
    69300          153925     
       12.25000000000000  
 OBS            101
       7.34107986065809
       1.91887473943514
       1.00000000000000
 100 102 -1
obdef
loc3d
        4.92652723985629              0.69051382381431            146.04148864746091     -1
kind
     26     
    69300          153925     
       12.25000000000000  
 OBS            102
      -1.25080623033638
       0.90595109973280
       1.00000000000000
 101 103 -1
obdef
loc3d
        4.96366005344362              0.66920346185787              6.00000000000000     -1
kind
     26     
    69300          153925     
       12.25000000000000  
 OBS            103
       8.96594679655695
       5.83203362458129
       1.00000000000000
 102 104 -1
obdef
loc3d
        4.97052949833720              0.66907739847133              8.84140872955322     -1
kind
     26     
    69300          153925     
       12.25000000000000  
 OBS            104
       9.13070603655515
       0.30605940444483
       1.00000000000000
 103 105 -1
obdef
loc3d
        4.93505853489354              0.69035668900909            163.38452148437500     -1
kind
     26     
    69300          153925     
       12.25000000000000  
 OBS            105
      -1.36754531590935
       0.46350481055901
       1.00000000000000
 104 106 -1
obdef
loc3d
        4.93979773523841              0.67259214116167             45.00000000000000     -1
kind
     26     
    69300          153925     
       12.25000000000000  
 OBS            106
       4.41233750406320
       0.76335645999922
       1.00000000000000
 105 107 -1
obdef
loc3d
        4.92901815402419              0.68818595396932            126.56063842773440     -1
kind
     26     
    69300          153925     
       12.25000000000000  
 OBS            107
       2.87762831894524
       0.85806561972833
       1.00000000000000
 106 108 -1
obdef
loc3d
        4.92864050752959              0.68988490592333            360.09008789062500     -1
kind
     26     
    69300          153925     
       12.25000000000000  
 OBS            108
       0.64592561712271
      -0.58781700249071
       1.00000000000000
 107 109 -1
obdef
loc3d
        4.94071794293451              0.68880476183725            173.77728271484381     -1
kind
     26     
    69300          153925     
       12.25000000000000  
 OBS            109
      -3.22161653212060
      -0.61674929956761
       1.00000000000000
 108 110 -1
obdef
loc3d
        4.94475069255349              0.67936922784321             17.10044860839844     -1
kind
     26     
    69300          153925     
       12.25000000000000  
 OBS            110
       2.09184929732330
       1.13667636607998
       1.00000000000000
 109 111 -1
obdef
loc3d
        4.93040524362615              0.68956958577383            472.38653564453119     -1
kind
     26     
    69300          153925     
       12.25000000000000  
 OBS            111
       3.16861467085741
       0.17349367884175
       1.00000000000000
 110 112 -1
obdef
loc3d
        4.93438788521233              0.68743777381223            157.39462280273440     -1
kind
     26     
    69300          153925     
       12.25000000000000  
 OBS            112
       1.89489317082377
       1.36863439428416
       1.00000000000000
 111 113 -1
obdef
loc3d
        4.93003537520636              0.69083454089469            382.75677490234381     -1
kind
     26     
    69300          153925     
       12.25000000000000  
 OBS            113
       1.92639821789176
       0.31580702856485
       1.00000000000000
 112 114 -1
obdef
loc3d
        4.94262489165251              0.68702513034102            130.29710388183591     -1
kind
     26     
    69300          153925     
       12.25000000000000  
 OBS            114
       3.21304160416944
       1.77494772648631
       1.00000000000000
 113 115 -1
obdef
loc3d
        4.93100113789334              0.68653549583784             94.66114807128906     -1
kind
     26     
    69300          153925     
       12.25000000000000  
 OBS            115
      -5.26762912822030
       0.80522702697024
       1.00000000000000
 114 116 -1
obdef
loc3d
        4.94000002935902              0.67612888350011             59.69976806640625     -1
kind
     26     
    69300          153925     
       12.25000000000000  
 OBS            116
      -0.72848330462566
       3.18540916239795
       1.00000000000000
 115 117 -1
obdef
loc3d
        4.94231604692662              0.69077376274482            190.83442687988281     -1
kind
     26     
    69300          153925     
       12.25000000000000  
 OBS            117
      -0.05121959194704
      -0.43688325525527
       1.00000000000000
 116 118 -1
obdef
loc3d
        4.93554247635603              0.69268257167582            131.09960937500000     -1
kind
     26     
    69300          153925     
       12.25000000000000  
 OBS            118
       1.19103649396088
       1.82544464569702
       1.00000000000000
 117 119 -1
obdef
loc3d
        4.94069913477896              0.68279864123905            131.77731323242190     -1
kind
     26     
    69300          153925     
       12.25000000000000  
 OBS            119
       5.57106061615507
      -0.10930389667853
       1.00000000000000
 118 120 -1
obdef
loc3d
        4.94367854378329              0.67420565331297             56.55799865722656     -1
kind
     26     
    69300          153925     
       12.25000000000000  
 OBS            120
       1.48662230581462
       0.41377588250873
       1.00000000000000
 119 121 -1
obdef
loc3d
        4.93814984943932              0.67457436016830             39.55386734008789     -1
kind
     26     
    69300          153925     
       12.25000000000000  
 OBS            121
      -0.31883888797358
       0.33451560479843
       1.00000000000000
 120 122 -1
obdef
loc3d
        4.94253566982520              0.68065092526894             48.56933593750000     -1
kind
     26     
    69300          153925     
       12.25000000000000  
 OBS            122
      -1.65772149635332
       1.19982246259691
       1.00000000000000
 121 123 -1
obdef
loc3d
        4.93593154408741              0.68080949477360             85.35743713378906     -1
kind
     26     
    69300          153925     
       12.25000000000000  
 OBS            123
      -2.13670865761123
      -0.52262262818150
       1.00000000000000
 122 124 -1
obdef
loc3d
        4.94758068519446              0.69282395273635            179.51908874511719     -1
kind
     26     
    69300          153925     
       12.25000000000000  
 OBS            124
      -0.68911678639370
       0.24617800860698
       1.00000000000000
 123 125 -1
obdef
loc3d
        4.93541634697774              0.67261831698898             21.54207611083984     -1
kind
     26     
    69300          153925     
       12.25000000000000  
 OBS            125
      -1.31493926138607
       1.59339647498149
       1.00000000000000
 124 126 -1
obdef
loc3d
        4.93342752395137              0.68533697059699            120.48287200927730     -1
kind
     26     
    69300          153925     
       12.25000000000000  
 OBS            126
      -1.66308996321965
      -0.08637006761444
       1.00000000000000
 125 127 -1
obdef
loc3d
        4.92811551620144              0.69141391763145            189.00242614746091     -1
kind
     26     
    69300          153925     
       12.25000000000000  
 OBS            127
       2.01842801295781
       0.35888872140095
       1.00000000000000
 126 128 -1
obdef
loc3d
        4.94328780634786              0.67761918906629             21.61136627197266     -1
kind
     26     
    69300          153925     
       12.25000000000000  
 OBS            128
      -1.96008127901372
       0.57784693595105
       1.00000000000000
 127 129 -1
obdef
loc3d
        4.93617130041664              0.68578341426755            199.41349792480469     -1
kind
     26     
    69300          153925     
       12.25000000000000  
 OBS            129
       7.05307043461614
       1.88166747227519
       1.00000000000000
 128 130 -1
obdef
loc3d
        4.94488890698391              0.68151038983677             42.34177017211914     -1
kind
     26     
    69300          153925     
       12.25000000000000  
 OBS            130
      -0.18219073889249
       1.17159931189064
       1.00000000000000
 129 131 -1
obdef
loc3d
        4.94610769319308              0.67540343249948             44.88281250000000     -1
kind
     26     
    69300          153925     
       12.25000000000000  
 OBS            131
       2.13934729168060
       0.25550512726551
       1.00000000000000
 130 132 -1
obdef
loc3d
        4.93098289428918              0.69278368564599            411.59194946289062     -1
kind
     26     
    69300          153925     
       12.25000000000000  
 OBS            132
       2.56849524599168
       0.99078020656217
       1.00000000000000
 131 133 -1
obdef
loc3d
        4.93746284305807              0.67295620864423             44.45593643188477     -1
kind
     26     
    69300          153925     
       12.25000000000000  
 OBS            133
       2.36968760596930
      -0.03456038555975
       1.00000000000000
 132 134 -1
obdef
loc3d
        4.93742549337872              0.68866580079864            241.84100341796881     -1
kind
     26     
    69300          153925     
       12.25000000000000  
 OBS            134
       3.11523538771308
       2.87049042221289
       1.00000000000000
 133 135 -1
obdef
loc3d
        4.94310367286119              0.67063823067780             37.30942153930664     -1
kind
     26     
    69300          153925     
       12.25000000000000  
 OBS            135
       0.75477664078102
      -0.37388961743489
       1.00000000000000
 134 136 -1
obdef
loc3d
        4.94312354358950              0.69286317278749            201.84664916992190     -1
kind
     26     
    69300          153925     
       12.25000000000000  
 OBS            136
       6.59274800333684
       1.85426323813782
       1.00000000000000
 135 137 -1
obdef
loc3d
        4.93202293942753              0.69056809921756            124.38476562500000     -1
kind
     26     
    69300          153925     
       12.25000000000000  
 OBS            137
      -0.72286195629893
      -0.20149383239189
       1.00000000000000
 136 138 -1
obdef
loc3d
        4.93852899085493              0.69282303339671            210.85327148437500     -1
kind
     26     
    69300          153925     
       12.25000000000000  
 OBS            138
       5.48186662425679
       0.14287586712208
       1.00000000000000
 137 139 -1
obdef
loc3d
        4.93925110381924              0.68654477021234            169.40324401855469     -1
kind
     26     
    69300          153925     
       12.25000000000000  
 OBS            139
       1.42470987722526
       1.77772560048296
       1.00000000000000
 138 140 -1
obdef
loc3d
        4.94561300163474              0.69021407942450            101.67103576660161     -1
kind
     26     
    69300          153925     
       12.25000000000000  
 OBS            140
       3.98205856143846
       1.88856747980657
       1.00000000000000
 139 141 -1
obdef
loc3d
        4.94677761419795              0.66921213830349             30.00000000000000     -1
kind
     26     
    69300          153925     
       12.25000000000000  
 OBS            141
      -1.32605251832848
      -0.31396112597805
       1.00000000000000
 140 142 -1
obdef
loc3d
        4.91464000802058              0.69220313236118            256.98049926757812     -1
kind
     26     
    69300          153925     
       12.25000000000000  
 OBS            142
       0.50889986157270
       0.49600415071704
       1.00000000000000
 141 143 -1
obdef
loc3d
        4.91222840493483              0.69213090540308            311.66015625000000     -1
kind
     26     
    69300          153925     
       12.25000000000000  
 OBS            143
       3.56457145312525
       1.18767215384929
       1.00000000000000
 142 144 -1
obdef
loc3d
        4.90319820253832              0.69077085029214            558.21520996093750     -1
kind
     26     
    69300          153925     
       12.25000000000000  
 OBS            144
      -0.67568998420338
       0.61059727316270
       1.00000000000000
 143 145 -1
obdef
loc3d
        4.90548367400941              0.68961427180382            340.45385742187500     -1
kind
     26     
    69300          153925     
       12.25000000000000  
 OBS            145
       0.80368863693037
       1.70306910507631
       1.00000000000000
 144 146 -1
obdef
loc3d
        4.90182808691748              0.69286665451088            711.58941650390625     -1
kind
     26     
    69300          153925     
       12.25000000000000  
 OBS            146
       3.72518810678512
       1.13067446324387
       1.00000000000000
 145 147 -1
obdef
loc3d
        4.92199514385413              0.69211089395115            185.84292602539060     -1
kind
     26     
    69300          153925     
       12.25000000000000  
 OBS            147
       3.37220327404006
       2.10826380421256
       1.00000000000000
 146 148 -1
obdef
loc3d
        4.91709198426003              0.69266703903771            205.88345336914060     -1
kind
     26     
    69300          153925     
       12.25000000000000  
 OBS            148
       2.38199386233594
       1.43980656311119
       1.00000000000000
 147 149 -1
obdef
loc3d
        4.91305125126208              0.69031483822850            320.48217773437500     -1
kind
     26     
    69300          153925     
       12.25000000000000  
 OBS            149
       0.23147060101091
       0.66686898946086
       1.00000000000000
 148 150 -1
obdef
loc3d
        4.90918301095293              0.69233086407935            229.95614624023440     -1
kind
     26     
    69300          153925     
       12.25000000000000  
 OBS            150
      -1.40851776342888
       1.09299638994717
       1.00000000000000
 149 151 -1
obdef
loc3d
        4.90002894620424              0.69031812013417            840.25653076171875     -1
kind
     26     
    69300          153925     
       12.25000000000000  
 OBS            151
     302.78880968796926
     300.88201983595400
       1.00000000000000
 150 152 -1
obdef
loc3d
        4.90540352515539              0.69194112440599            606.33142089843750     -1
kind
     27     
    69300          153925     
        6.25000000000000  
 OBS            152
     302.79253049681478
     303.06615548711397
       1.00000000000000
 151 153 -1
obdef
loc3d
        4.94546412681761              0.68348353984884             17.75631332397461     -1
kind
     27     
    69300          153925     
        6.25000000000000  
 OBS            153
     302.61672791608214
     302.62590438270001
       1.00000000000000
 152 154 -1
obdef
loc3d
        4.94660974174000              0.67744857875853             29.35406684875488     -1
kind
     27     
    69300          153925     
        6.25000000000000  
 OBS            154
     305.24735263218025
     304.52896468954998
       1.00000000000000
 153 155 -1
obdef
loc3d
        4.94648126630843              0.68652865419204             54.82812500000000     -1
kind
     27     
    69300          153925     
        6.25000000000000  
 OBS            155
     300.14976483797864
     301.78969507724003
       1.00000000000000
 154 156 -1
obdef
loc3d
        4.94445426011379              0.68507566758975             62.61011505126953     -1
kind
     27     
    69300          153925     
        6.25000000000000  
 OBS            156
     303.05099686077085
     303.49596950042599
       1.00000000000000
 155 157 -1
obdef
loc3d
        4.94602055174578              0.68752162087271            134.15721130371091     -1
kind
     27     
    69300          153925     
        6.25000000000000  
 OBS            157
     305.73696149270643
     305.17062615241701
       1.00000000000000
 156 158 -1
obdef
loc3d
        4.94603912728501              0.67254511985829             35.00297546386719     -1
kind
     27     
    69300          153925     
        6.25000000000000  
 OBS            158
     304.78200490887559
     306.10185397741799
       1.00000000000000
 157 159 -1
obdef
loc3d
        4.95877904994953              0.67986585977255             17.04111671447754     -1
kind
     27     
    69300          153925     
        6.25000000000000  
 OBS            159
     304.33773296956315
     303.65225311201999
       1.00000000000000
 158 160 -1
obdef
loc3d
        4.93958042817759              0.69095160998657            226.13127136230469     -1
kind
     27     
    69300          153925     
        6.25000000000000  
 OBS            160
     301.42996246446432
     303.13061558636599
       1.00000000000000
 159 161 -1
obdef
loc3d
        4.95756313665553              0.69181797222864             89.84997558593750     -1
kind
     27     
    69300          153925     
        6.25000000000000  
 OBS            161
     305.72518424222977
     304.70786569900901
       1.00000000000000
 160 162 -1
obdef
loc3d
        4.94078657111844              0.67409210989409             60.81152343750000     -1
kind
     27     
    69300          153925     
        6.25000000000000  
 OBS            162
     306.19463205477371
     306.88127537656402
       1.00000000000000
 161 163 -1
obdef
loc3d
        4.95557846691255              0.67267262139613              1.00000000000000     -1
kind
     27     
    69300          153925     
        6.25000000000000  
 OBS            163
     304.20913910249084
     304.75467752794498
       1.00000000000000
 162 164 -1
obdef
loc3d
        4.93193348448080              0.68856418981073            106.00000000000000     -1
kind
     27     
    69300          153925     
        6.25000000000000  
 OBS            164
     297.19204709962378
     299.89212603921800
       1.00000000000000
 163 165 -1
obdef
loc3d
        4.89970838141578              0.68765245249877            785.09423828125000     -1
kind
     27     
    69300          153925     
        6.25000000000000  
 OBS            165
     302.17347338061938
     302.73277609620999
       1.00000000000000
 164 166 -1
obdef
loc3d
        4.95026814558372              0.68993059237416             93.11567687988281     -1
kind
     27     
    69300          153925     
        6.25000000000000  
 OBS            166
     303.85565995836521
     304.30724801795998
       1.00000000000000
 165 167 -1
obdef
loc3d
        4.94174512165160              0.68484635226999            116.56585693359381     -1
kind
     27     
    69300          153925     
        6.25000000000000  
 OBS            167
     304.75772906487936
     304.52119678089900
       1.00000000000000
 166 168 -1
obdef
loc3d
        4.95420735021482              0.68473663912788             15.00000000000000     -1
kind
     27     
    69300          153925     
        6.25000000000000  
 OBS            168
     307.32948390419318
     304.89220058473700
       1.00000000000000
 167 169 -1
obdef
loc3d
        4.93477042118681              0.68310638816012            118.89588928222661     -1
kind
     27     
    69300          153925     
        6.25000000000000  
 OBS            169
     304.59041247428826
     304.22537982534999
       1.00000000000000
 168 170 -1
obdef
loc3d
        4.93795631029682              0.68276407673392            144.94107055664060     -1
kind
     27     
    69300          153925     
        6.25000000000000  
 OBS            170
     302.38587637087073
     304.84463082179599
       1.00000000000000
 169 171 -1
obdef
loc3d
        4.94001671685736              0.68064929967652             43.67281723022461     -1
kind
     27     
    69300          153925     
        6.25000000000000  
 OBS            171
     306.44725226088457
     305.56646014789698
       1.00000000000000
 170 172 -1
obdef
loc3d
        4.94058460161740              0.67807181314514             70.17810058593750     -1
kind
     27     
    69300          153925     
        6.25000000000000  
 OBS            172
     304.90716024232012
     305.03214957505600
       1.00000000000000
 171 173 -1
obdef
loc3d
        4.95423295419494              0.68033176843505              3.71636104583740     -1
kind
     27     
    69300          153925     
        6.25000000000000  
 OBS            173
     304.60071181971210
     305.28401469438501
       1.00000000000000
 172 174 -1
obdef
loc3d
        4.94926894458696              0.66642585587446             10.91526031494141     -1
kind
     27     
    69300          153925     
        6.25000000000000  
 OBS            174
     306.43263811464186
     306.80440543045398
       1.00000000000000
 173 175 -1
obdef
loc3d
        4.96223480186848              0.66700036066835              5.00000000000000     -1
kind
     27     
    69300          153925     
        6.25000000000000  
 OBS            175
     306.15417569522310
     305.92803776765300
       1.00000000000000
 174 176 -1
obdef
loc3d
        4.95546148971009              0.67729393735082              6.17724800109863     -1
kind
     27     
    69300          153925     
        6.25000000000000  
 OBS            176
     304.77209702726327
     304.61620399284402
       1.00000000000000
 175 177 -1
obdef
loc3d
        4.92652723985629              0.69051382381431            146.04148864746091     -1
kind
     27     
    69300          153925     
        6.25000000000000  
 OBS            177
     305.88541186760511
     305.93466485526199
       1.00000000000000
 176 178 -1
obdef
loc3d
        4.96366005344362              0.66920346185787              6.00000000000000     -1
kind
     27     
    69300          153925     
        6.25000000000000  
 OBS            178
     304.25028299113433
     303.12293512525201
       1.00000000000000
 177 179 -1
obdef
loc3d
        4.97052949833720              0.66907739847133              8.84140872955322     -1
kind
     27     
    69300          153925     
        6.25000000000000  
 OBS            179
     303.72760940772542
     303.34635776990802
       1.00000000000000
 178 180 -1
obdef
loc3d
        4.93505853489354              0.69035668900909            163.38452148437500     -1
kind
     27     
    69300          153925     
        6.25000000000000  
 OBS            180
     303.11289865110331
     306.21233776442801
       1.00000000000000
 179 181 -1
obdef
loc3d
        4.93979773523841              0.67259214116167             45.00000000000000     -1
kind
     27     
    69300          153925     
        6.25000000000000  
 OBS            181
     302.86365625291205
     303.38747679084798
       1.00000000000000
 180 182 -1
obdef
loc3d
        4.92901815402419              0.68818595396932            126.56063842773440     -1
kind
     27     
    69300          153925     
        6.25000000000000  
 OBS            182
     300.81040361091448
     302.62661884107501
       1.00000000000000
 181 183 -1
obdef
loc3d
        4.92864050752959              0.68988490592333            360.09008789062500     -1
kind
     27     
    69300          153925     
        6.25000000000000  
 OBS            183
     304.24334167123249
     303.45870274905400
       1.00000000000000
 182 184 -1
obdef
loc3d
        4.94071794293451              0.68880476183725            173.77728271484381     -1
kind
     27     
    69300          153925     
        6.25000000000000  
 OBS            184
     303.09100658533060
     304.17950525813097
       1.00000000000000
 183 185 -1
obdef
loc3d
        4.94475069255349              0.67936922784321             17.10044860839844     -1
kind
     27     
    69300          153925     
        6.25000000000000  
 OBS            185
     301.24709679868010
     301.66446995146202
       1.00000000000000
 184 186 -1
obdef
loc3d
        4.93040524362615              0.68956958577383            472.38653564453119     -1
kind
     27     
    69300          153925     
        6.25000000000000  
 OBS            186
     302.44229591359897
     303.63425956952102
       1.00000000000000
 185 187 -1
obdef
loc3d
        4.93438788521233              0.68743777381223            157.39462280273440     -1
kind
     27     
    69300          153925     
        6.25000000000000  
 OBS            187
     301.44335650208507
     301.56509457380298
       1.00000000000000
 186 188 -1
obdef
loc3d
        4.93003537520636              0.69083454089469            382.75677490234381     -1
kind
     27     
    69300          153925     
        6.25000000000000  
 OBS            188
     303.00761577706430
     303.98633316646499
       1.00000000000000
 187 189 -1
obdef
loc3d
        4.94262489165251              0.68702513034102            130.29710388183591     -1
kind
     27     
    69300          153925     
        6.25000000000000  
 OBS            189
     303.51165132612090
     304.51490454069199
       1.00000000000000
 188 190 -1
obdef
loc3d
        4.93100113789334              0.68653549583784             94.66114807128906     -1
kind
     27     
    69300          153925     
        6.25000000000000  
 OBS            190
     305.47761041607185
     306.28358734495600
       1.00000000000000
 189 191 -1
obdef
loc3d
        4.94000002935902              0.67612888350011             59.69976806640625     -1
kind
     27     
    69300          153925     
        6.25000000000000  
 OBS            191
     301.44246788747154
     302.81306603696299
       1.00000000000000
 190 192 -1
obdef
loc3d
        4.94231604692662              0.69077376274482            190.83442687988281     -1
kind
     27     
    69300          153925     
        6.25000000000000  
 OBS            192
     305.00809184841631
     304.34689111919698
       1.00000000000000
 191 193 -1
obdef
loc3d
        4.93554247635603              0.69268257167582            131.09960937500000     -1
kind
     27     
    69300          153925     
        6.25000000000000  
 OBS            193
     305.00974718242747
     304.20399904169000
       1.00000000000000
 192 194 -1
obdef
loc3d
        4.94069913477896              0.68279864123905            131.77731323242190     -1
kind
     27     
    69300          153925     
        6.25000000000000  
 OBS            194
     305.78873637468610
     305.18597149005399
       1.00000000000000
 193 195 -1
obdef
loc3d
        4.94367854378329              0.67420565331297             56.55799865722656     -1
kind
     27     
    69300          153925     
        6.25000000000000  
 OBS            195
     307.16177166839066
     306.42469436736297
       1.00000000000000
 194 196 -1
obdef
loc3d
        4.93814984943932              0.67457436016830             39.55386734008789     -1
kind
     27     
    69300          153925     
        6.25000000000000  
 OBS            196
     302.84347505333847
     303.02745931751900
       1.00000000000000
 195 197 -1
obdef
loc3d
        4.94253566982520              0.68065092526894             48.56933593750000     -1
kind
     27     
    69300          153925     
        6.25000000000000  
 OBS            197
     305.49311174488031
     304.35356792165499
       1.00000000000000
 196 198 -1
obdef
loc3d
        4.93593154408741              0.68080949477360             85.35743713378906     -1
kind
     27     
    69300          153925     
        6.25000000000000  
 OBS            198
     302.52768593324458
     302.85345449820699
       1.00000000000000
 197 199 -1
obdef
loc3d
        4.94758068519446              0.69282395273635            179.51908874511719     -1
kind
     27     
    69300          153925     
        6.25000000000000  
 OBS            199
     306.75365946941901
     305.78600215634202
       1.00000000000000
 198 200 -1
obdef
loc3d
        4.93541634697774              0.67261831698898             21.54207611083984     -1
kind
     27     
    69300          153925     
        6.25000000000000  
 OBS            200
     304.12847995536788
     304.12408940922398
       1.00000000000000
 199 201 -1
obdef
loc3d
        4.93342752395137              0.68533697059699            120.48287200927730     -1
kind
     27     
    69300          153925     
        6.25000000000000  
 OBS            201
     305.03526307294601
     304.06099195281001
       1.00000000000000
 200 202 -1
obdef
loc3d
        4.92811551620144              0.69141391763145            189.00242614746091     -1
kind
     27     
    69300          153925     
        6.25000000000000  
 OBS            202
     302.99117992362915
     302.87170389845699
       1.00000000000000
 201 203 -1
obdef
loc3d
        4.94328780634786              0.67761918906629             21.61136627197266     -1
kind
     27     
    69300          153925     
        6.25000000000000  
 OBS            203
     303.91701921904456
     303.31178754646101
       1.00000000000000
 202 204 -1
obdef
loc3d
        4.93617130041664              0.68578341426755            199.41349792480469     -1
kind
     27     
    69300          153925     
        6.25000000000000  
 OBS            204
     304.93454478242842
     303.95365374643899
       1.00000000000000
 203 205 -1
obdef
loc3d
        4.94488890698391              0.68151038983677             42.34177017211914     -1
kind
     27     
    69300          153925     
        6.25000000000000  
 OBS            205
     301.71454954152267
     302.90961745426398
       1.00000000000000
 204 206 -1
obdef
loc3d
        4.94610769319308              0.67540343249948             44.88281250000000     -1
kind
     27     
    69300          153925     
        6.25000000000000  
 OBS            206
     301.46690469487623
     301.20899112099602
       1.00000000000000
 205 207 -1
obdef
loc3d
        4.93098289428918              0.69278368564599            411.59194946289062     -1
kind
     27     
    69300          153925     
        6.25000000000000  
 OBS            207
     305.04920209102409
     304.53090366657699
       1.00000000000000
 206 208 -1
obdef
loc3d
        4.93746284305807              0.67295620864423             44.45593643188477     -1
kind
     27     
    69300          153925     
        6.25000000000000  
 OBS            208
     303.74831037996245
     302.52560859927598
       1.00000000000000
 207 209 -1
obdef
loc3d
        4.93742549337872              0.68866580079864            241.84100341796881     -1
kind
     27     
    69300          153925     
        6.25000000000000  
 OBS            209
     307.42895769635737
     306.50978364075002
       1.00000000000000
 208 210 -1
obdef
loc3d
        4.94310367286119              0.67063823067780             37.30942153930664     -1
kind
     27     
    69300          153925     
        6.25000000000000  
 OBS            210
     301.73369972688704
     303.09889542581101
       1.00000000000000
 209 211 -1
obdef
loc3d
        4.94312354358950              0.69286317278749            201.84664916992190     -1
kind
     27     
    69300          153925     
        6.25000000000000  
 OBS            211
     301.13173894645877
     303.24137537718701
       1.00000000000000
 210 212 -1
obdef
loc3d
        4.93202293942753              0.69056809921756            124.38476562500000     -1
kind
     27     
    69300          153925     
        6.25000000000000  
 OBS            212
     302.50819535980230
     303.97314420050998
       1.00000000000000
 211 213 -1
obdef
loc3d
        4.93852899085493              0.69282303339671            210.85327148437500     -1
kind
     27     
    69300          153925     
        6.25000000000000  
 OBS            213
     302.47277568524657
     302.93002739910099
       1.00000000000000
 212 214 -1
obdef
loc3d
        4.93925110381924              0.68654477021234            169.40324401855469     -1
kind
     27     
    69300          153925     
        6.25000000000000  
 OBS            214
     303.27068625254429
     303.80029181431098
       1.00000000000000
 213 215 -1
obdef
loc3d
        4.94561300163474              0.69021407942450            101.67103576660161     -1
kind
     27     
    69300          153925     
        6.25000000000000  
 OBS            215
     302.95151731723104
     302.42491426279202
       1.00000000000000
 214 216 -1
obdef
loc3d
        4.94677761419795              0.66921213830349             30.00000000000000     -1
kind
     27     
    69300          153925     
        6.25000000000000  
 OBS            216
     301.93783645813039
     303.55496450803400
       1.00000000000000
 215 217 -1
obdef
loc3d
        4.91464000802058              0.69220313236118            256.98049926757812     -1
kind
     27     
    69300          153925     
        6.25000000000000  
 OBS            217
     302.73193691060186
     303.30052385046298
       1.00000000000000
 216 218 -1
obdef
loc3d
        4.91222840493483              0.69213090540308            311.66015625000000     -1
kind
     27     
    69300          153925     
        6.25000000000000  
 OBS            218
     300.71967811243661
     299.71418075436901
       1.00000000000000
 217 219 -1
obdef
loc3d
        4.90319820253832              0.69077085029214            558.21520996093750     -1
kind
     27     
    69300          153925     
        6.25000000000000  
 OBS            219
     303.51448580513727
     303.09169469892697
       1.00000000000000
 218 220 -1
obdef
loc3d
        4.90548367400941              0.68961427180382            340.45385742187500     -1
kind
     27     
    69300          153925     
        6.25000000000000  
 OBS            220
     300.31284421008104
     300.08045505540798
       1.00000000000000
 219 221 -1
obdef
loc3d
        4.90182808691748              0.69286665451088            711.58941650390625     -1
kind
     27     
    69300          153925     
        6.25000000000000  
 OBS            221
     303.14520976498784
     304.38899392115502
       1.00000000000000
 220 222 -1
obdef
loc3d
        4.92199514385413              0.69211089395115            185.84292602539060     -1
kind
     27     
    69300          153925     
        6.25000000000000  
 OBS            222
     302.06338429708677
     302.04315638233300
       1.00000000000000
 221 223 -1
obdef
loc3d
        4.91709198426003              0.69266703903771            205.88345336914060     -1
kind
     27     
    69300          153925     
        6.25000000000000  
 OBS            223
     302.69531441233795
     303.18375827677102
       1.00000000000000
 222 224 -1
obdef
loc3d
        4.91305125126208              0.69031483822850            320.48217773437500     -1
kind
     27     
    69300          153925     
        6.25000000000000  
 OBS            224
     305.09459652515648
     304.61195657553401
       1.00000000000000
 223 225 -1
obdef
loc3d
        4.90918301095293              0.69233086407935            229.95614624023440     -1
kind
     27     
    69300          153925     
        6.25000000000000  
 OBS            225
     299.29092548246490
     298.85754093628202
       1.00000000000000
 224 226 -1
obdef
loc3d
        4.90002894620424              0.69031812013417            840.25653076171875     -1
kind
     27     
    69300          153925     
        6.25000000000000  
 OBS            226
       0.01839271492690
       0.01019153920360
       1.00000000000000
 225 227 -1
obdef
loc3d
        4.90540352515539              0.69194112440599            606.33142089843750     -1
kind
     28     
    69300          153925     
        0.00203830784072  
 OBS            227
       0.02136989121995
       0.01257348130669
       1.00000000000000
 226 228 -1
obdef
loc3d
        4.94546412681761              0.68348353984884             17.75631332397461     -1
kind
     28     
    69300          153925     
        0.00251469626134  
 OBS            228
       0.00887957531227
       0.01278787979092
       1.00000000000000
 227 229 -1
obdef
loc3d
        4.94660974174000              0.67744857875853             29.35406684875488     -1
kind
     28     
    69300          153925     
        0.00255757595818  
 OBS            229
       0.01013556909152
       0.01155208583993
       1.00000000000000
 228 230 -1
obdef
loc3d
        4.94648126630843              0.68652865419204             54.82812500000000     -1
kind
     28     
    69300          153925     
        0.00231041716799  
 OBS            230
       0.00716775967812
       0.01277660713863
       1.00000000000000
 229 231 -1
obdef
loc3d
        4.94445426011379              0.68507566758975             62.61011505126953     -1
kind
     28     
    69300          153925     
        0.00255532142773  
 OBS            231
       0.00000000000000
       0.01169606321608
       1.00000000000000
 230 232 -1
obdef
loc3d
        4.94602055174578              0.68752162087271            134.15721130371091     -1
kind
     28     
    69300          153925     
        0.00233921264322  
 OBS            232
       0.01832225610766
       0.01181857198154
       1.00000000000000
 231 233 -1
obdef
loc3d
        4.94603912728501              0.67254511985829             35.00297546386719     -1
kind
     28     
    69300          153925     
        0.00236371439631  
 OBS            233
       0.01050506225353
       0.01014310030013
       1.00000000000000
 232 234 -1
obdef
loc3d
        4.95877904994953              0.67986585977255             17.04111671447754     -1
kind
     28     
    69300          153925     
        0.00202862006003  
 OBS            234
       0.02019700214824
       0.00981740159437
       1.00000000000000
 233 235 -1
obdef
loc3d
        4.93958042817759              0.69095160998657            226.13127136230469     -1
kind
     28     
    69300          153925     
        0.00196348031887  
 OBS            235
       0.00173035433423
       0.01153766052497
       1.00000000000000
 234 236 -1
obdef
loc3d
        4.95756313665553              0.69181797222864             89.84997558593750     -1
kind
     28     
    69300          153925     
        0.00230753210499  
 OBS            236
       0.01244404944049
       0.01065933028847
       1.00000000000000
 235 237 -1
obdef
loc3d
        4.94078657111844              0.67409210989409             60.81152343750000     -1
kind
     28     
    69300          153925     
        0.00213186605769  
 OBS            237
       0.00388573905638
       0.01055949503940
       1.00000000000000
 236 238 -1
obdef
loc3d
        4.95557846691255              0.67267262139613              1.00000000000000     -1
kind
     28     
    69300          153925     
        0.00211189900788  
 OBS            238
       0.00000000000000
       0.01069014869723
       1.00000000000000
 237 239 -1
obdef
loc3d
        4.93193348448080              0.68856418981073            106.00000000000000     -1
kind
     28     
    69300          153925     
        0.00213802973945  
 OBS            239
       0.01329941515344
       0.01004124229796
       1.00000000000000
 238 240 -1
obdef
loc3d
        4.89970838141578              0.68765245249877            785.09423828125000     -1
kind
     28     
    69300          153925     
        0.00200824845959  
 OBS            240
       0.02035203995693
       0.01198410671552
       1.00000000000000
 239 241 -1
obdef
loc3d
        4.95026814558372              0.68993059237416             93.11567687988281     -1
kind
     28     
    69300          153925     
        0.00239682134310  
 OBS            241
       0.00000000000000
       0.01129577497275
       1.00000000000000
 240 242 -1
obdef
loc3d
        4.94174512165160              0.68484635226999            116.56585693359381     -1
kind
     28     
    69300          153925     
        0.00225915499455  
 OBS            242
       0.00000000000000
       0.01164886361424
       1.00000000000000
 241 243 -1
obdef
loc3d
        4.95420735021482              0.68473663912788             15.00000000000000     -1
kind
     28     
    69300          153925     
        0.00232977272285  
 OBS            243
       0.00067104288088
       0.01069534949048
       1.00000000000000
 242 244 -1
obdef
loc3d
        4.93477042118681              0.68310638816012            118.89588928222661     -1
kind
     28     
    69300          153925     
        0.00213906989810  
 OBS            244
       0.03319625252940
       0.01098693672624
       1.00000000000000
 243 245 -1
obdef
loc3d
        4.93795631029682              0.68276407673392            144.94107055664060     -1
kind
     28     
    69300          153925     
        0.00219738734525  
 OBS            245
       0.02973080653834
       0.01186043700733
       1.00000000000000
 244 246 -1
obdef
loc3d
        4.94001671685736              0.68064929967652             43.67281723022461     -1
kind
     28     
    69300          153925     
        0.00237208740147  
 OBS            246
       0.00550081840676
       0.01110809188027
       1.00000000000000
 245 247 -1
obdef
loc3d
        4.94058460161740              0.67807181314514             70.17810058593750     -1
kind
     28     
    69300          153925     
        0.00222161837605  
 OBS            247
       0.00000000000000
       0.01204413833170
       1.00000000000000
 246 248 -1
obdef
loc3d
        4.95423295419494              0.68033176843505              3.71636104583740     -1
kind
     28     
    69300          153925     
        0.00240882766634  
 OBS            248
       0.00574838076326
       0.01306380252989
       1.00000000000000
 247 249 -1
obdef
loc3d
        4.94926894458696              0.66642585587446             10.91526031494141     -1
kind
     28     
    69300          153925     
        0.00261276050598  
 OBS            249
       0.01577037459675
       0.01025351250442
       1.00000000000000
 248 250 -1
obdef
loc3d
        4.96223480186848              0.66700036066835              5.00000000000000     -1
kind
     28     
    69300          153925     
        0.00205070250088  
 OBS            250
       0.03274434926884
       0.01084525502463
       1.00000000000000
 249 251 -1
obdef
loc3d
        4.95546148971009              0.67729393735082              6.17724800109863     -1
kind
     28     
    69300          153925     
        0.00216905100493  
 OBS            251
       0.00113889800699
       0.01005849477991
       1.00000000000000
 250 252 -1
obdef
loc3d
        4.92652723985629              0.69051382381431            146.04148864746091     -1
kind
     28     
    69300          153925     
        0.00201169895598  
 OBS            252
       0.00554244569277
       0.01026278256574
       1.00000000000000
 251 253 -1
obdef
loc3d
        4.96366005344362              0.66920346185787              6.00000000000000     -1
kind
     28     
    69300          153925     
        0.00205255651315  
 OBS            253
       0.02745380717088
       0.01457977940906
       1.00000000000000
 252 254 -1
obdef
loc3d
        4.97052949833720              0.66907739847133              8.84140872955322     -1
kind
     28     
    69300          153925     
        0.00291595588181  
 OBS            254
       0.01774908537316
       0.00968414898075
       1.00000000000000
 253 255 -1
obdef
loc3d
        4.93505853489354              0.69035668900909            163.38452148437500     -1
kind
     28     
    69300          153925     
        0.00193682979615  
 OBS            255
       0.01519045376189
       0.01113257051459
       1.00000000000000
 254 256 -1
obdef
loc3d
        4.93979773523841              0.67259214116167             45.00000000000000     -1
kind
     28     
    69300          153925     
        0.00222651410292  
 OBS            256
       0.00270493938483
       0.01067266876255
       1.00000000000000
 255 257 -1
obdef
loc3d
        4.92901815402419              0.68818595396932            126.56063842773440     -1
kind
     28     
    69300          153925     
        0.00213453375251  
 OBS            257
       0.03300378026567
       0.01013541173400
       1.00000000000000
 256 258 -1
obdef
loc3d
        4.92864050752959              0.68988490592333            360.09008789062500     -1
kind
     28     
    69300          153925     
        0.00202708234680  
 OBS            258
       0.01537691079175
       0.01074860232079
       1.00000000000000
 257 259 -1
obdef
loc3d
        4.94071794293451              0.68880476183725            173.77728271484381     -1
kind
     28     
    69300          153925     
        0.00214972046416  
 OBS            259
       0.00240743863841
       0.01215868009645
       1.00000000000000
 258 260 -1
obdef
loc3d
        4.94475069255349              0.67936922784321             17.10044860839844     -1
kind
     28     
    69300          153925     
        0.00243173601929  
 OBS            260
       0.01694184301565
       0.01063434178799
       1.00000000000000
 259 261 -1
obdef
loc3d
        4.93040524362615              0.68956958577383            472.38653564453119     -1
kind
     28     
    69300          153925     
        0.00212686835760  
 OBS            261
       0.02889822092026
       0.01064598109832
       1.00000000000000
 260 262 -1
obdef
loc3d
        4.93438788521233              0.68743777381223            157.39462280273440     -1
kind
     28     
    69300          153925     
        0.00212919621966  
 OBS            262
       0.00864163139527
       0.00983778743174
       1.00000000000000
 261 263 -1
obdef
loc3d
        4.93003537520636              0.69083454089469            382.75677490234381     -1
kind
     28     
    69300          153925     
        0.00196755748635  
 OBS            263
       0.01412146699131
       0.01107555607222
       1.00000000000000
 262 264 -1
obdef
loc3d
        4.94262489165251              0.68702513034102            130.29710388183591     -1
kind
     28     
    69300          153925     
        0.00221511121444  
 OBS            264
       0.01454907297781
       0.01056722178753
       1.00000000000000
 263 265 -1
obdef
loc3d
        4.93100113789334              0.68653549583784             94.66114807128906     -1
kind
     28     
    69300          153925     
        0.00211344435751  
 OBS            265
       0.00000000000000
       0.01087034112851
       1.00000000000000
 264 266 -1
obdef
loc3d
        4.94000002935902              0.67612888350011             59.69976806640625     -1
kind
     28     
    69300          153925     
        0.00217406822570  
 OBS            266
       0.00000000000000
       0.01038056978033
       1.00000000000000
 265 267 -1
obdef
loc3d
        4.94231604692662              0.69077376274482            190.83442687988281     -1
kind
     28     
    69300          153925     
        0.00207611395607  
 OBS            267
       0.01497551296107
       0.00845586236087
       1.00000000000000
 266 268 -1
obdef
loc3d
        4.93554247635603              0.69268257167582            131.09960937500000     -1
kind
     28     
    69300          153925     
        0.00169117247217  
 OBS            268
       0.00898833727276
       0.01134149620196
       1.00000000000000
 267 269 -1
obdef
loc3d
        4.94069913477896              0.68279864123905            131.77731323242190     -1
kind
     28     
    69300          153925     
        0.00226829924039  
 OBS            269
       0.00042322081883
       0.01148413002813
       1.00000000000000
 268 270 -1
obdef
loc3d
        4.94367854378329              0.67420565331297             56.55799865722656     -1
kind
     28     
    69300          153925     
        0.00229682600563  
 OBS            270
       0.00000000000000
       0.01111552157750
       1.00000000000000
 269 271 -1
obdef
loc3d
        4.93814984943932              0.67457436016830             39.55386734008789     -1
kind
     28     
    69300          153925     
        0.00222310431550  
 OBS            271
       0.02682744189643
       0.01246322244222
       1.00000000000000
 270 272 -1
obdef
loc3d
        4.94253566982520              0.68065092526894             48.56933593750000     -1
kind
     28     
    69300          153925     
        0.00249264448844  
 OBS            272
       0.00902249600279
       0.01148635757951
       1.00000000000000
 271 273 -1
obdef
loc3d
        4.93593154408741              0.68080949477360             85.35743713378906     -1
kind
     28     
    69300          153925     
        0.00229727151590  
 OBS            273
       0.00089574821542
       0.00910491032936
       1.00000000000000
 272 274 -1
obdef
loc3d
        4.94758068519446              0.69282395273635            179.51908874511719     -1
kind
     28     
    69300          153925     
        0.00182098206587  
 OBS            274
       0.00008740172634
       0.01184656905633
       1.00000000000000
 273 275 -1
obdef
loc3d
        4.93541634697774              0.67261831698898             21.54207611083984     -1
kind
     28     
    69300          153925     
        0.00236931381127  
 OBS            275
       0.00959525465873
       0.01078332115899
       1.00000000000000
 274 276 -1
obdef
loc3d
        4.93342752395137              0.68533697059699            120.48287200927730     -1
kind
     28     
    69300          153925     
        0.00215666423180  
 OBS            276
       0.02090315209782
       0.00933452106902
       1.00000000000000
 275 277 -1
obdef
loc3d
        4.92811551620144              0.69141391763145            189.00242614746091     -1
kind
     28     
    69300          153925     
        0.00186690421380  
 OBS            277
       0.02341502306298
       0.01291880911142
       1.00000000000000
 276 278 -1
obdef
loc3d
        4.94328780634786              0.67761918906629             21.61136627197266     -1
kind
     28     
    69300          153925     
        0.00258376182228  
 OBS            278
       0.01349221210776
       0.01090162806377
       1.00000000000000
 277 279 -1
obdef
loc3d
        4.93617130041664              0.68578341426755            199.41349792480469     -1
kind
     28     
    69300          153925     
        0.00218032561275  
 OBS            279
       0.00000000000000
       0.01218597500164
       1.00000000000000
 278 280 -1
obdef
loc3d
        4.94488890698391              0.68151038983677             42.34177017211914     -1
kind
     28     
    69300          153925     
        0.00243719500033  
 OBS            280
       0.01002725336871
       0.01294753157221
       1.00000000000000
 279 281 -1
obdef
loc3d
        4.94610769319308              0.67540343249948             44.88281250000000     -1
kind
     28     
    69300          153925     
        0.00258950631444  
 OBS            281
       0.00533734764104
       0.00896481674761
       1.00000000000000
 280 282 -1
obdef
loc3d
        4.93098289428918              0.69278368564599            411.59194946289062     -1
kind
     28     
    69300          153925     
        0.00179296334952  
 OBS            282
       0.00517563202194
       0.01109824729564
       1.00000000000000
 281 283 -1
obdef
loc3d
        4.93746284305807              0.67295620864423             44.45593643188477     -1
kind
     28     
    69300          153925     
        0.00221964945913  
 OBS            283
       0.01755148112516
       0.01045793353021
       1.00000000000000
 282 284 -1
obdef
loc3d
        4.93742549337872              0.68866580079864            241.84100341796881     -1
kind
     28     
    69300          153925     
        0.00209158670604  
 OBS            284
       0.02272880477354
       0.01071984673933
       1.00000000000000
 283 285 -1
obdef
loc3d
        4.94310367286119              0.67063823067780             37.30942153930664     -1
kind
     28     
    69300          153925     
        0.00214396934787  
 OBS            285
       0.01507272488289
       0.00889218943233
       1.00000000000000
 284 286 -1
obdef
loc3d
        4.94312354358950              0.69286317278749            201.84664916992190     -1
kind
     28     
    69300          153925     
        0.00177843788647  
 OBS            286
       0.00000000000000
       0.01014632628953
       1.00000000000000
 285 287 -1
obdef
loc3d
        4.93202293942753              0.69056809921756            124.38476562500000     -1
kind
     28     
    69300          153925     
        0.00202926525791  
 OBS            287
       0.01513118516521
       0.00800947902918
       1.00000000000000
 286 288 -1
obdef
loc3d
        4.93852899085493              0.69282303339671            210.85327148437500     -1
kind
     28     
    69300          153925     
        0.00160189580584  
 OBS            288
       0.01313440344552
       0.01092039276706
       1.00000000000000
 287 289 -1
obdef
loc3d
        4.93925110381924              0.68654477021234            169.40324401855469     -1
kind
     28     
    69300          153925     
        0.00218407855341  
 OBS            289
       0.01813948344555
       0.01060208137541
       1.00000000000000
 288 290 -1
obdef
loc3d
        4.94561300163474              0.69021407942450            101.67103576660161     -1
kind
     28     
    69300          153925     
        0.00212041627508  
 OBS            290
       0.01638973627489
       0.01251651789889
       1.00000000000000
 289 291 -1
obdef
loc3d
        4.94677761419795              0.66921213830349             30.00000000000000     -1
kind
     28     
    69300          153925     
        0.00250330357978  
 OBS            291
       0.01316642023201
       0.01039978525432
       1.00000000000000
 290 292 -1
obdef
loc3d
        4.91464000802058              0.69220313236118            256.98049926757812     -1
kind
     28     
    69300          153925     
        0.00207995705086  
 OBS            292
       0.01904761578229
       0.01057472193636
       1.00000000000000
 291 293 -1
obdef
loc3d
        4.91222840493483              0.69213090540308            311.66015625000000     -1
kind
     28     
    69300          153925     
        0.00211494438727  
 OBS            293
       0.01162820427812
       0.00985348757368
       1.00000000000000
 292 294 -1
obdef
loc3d
        4.90319820253832              0.69077085029214            558.21520996093750     -1
kind
     28     
    69300          153925     
        0.00197069751474  
 OBS            294
       0.01804143768633
       0.01025814668667
       1.00000000000000
 293 295 -1
obdef
loc3d
        4.90548367400941              0.68961427180382            340.45385742187500     -1
kind
     28     
    69300          153925     
        0.00205162933733  
 OBS            295
       0.02774769210105
       0.01033381653623
       1.00000000000000
 294 296 -1
obdef
loc3d
        4.90182808691748              0.69286665451088            711.58941650390625     -1
kind
     28     
    69300          153925     
        0.00206676330725  
 OBS            296
       0.00247704728451
       0.00980174431422
       1.00000000000000
 295 297 -1
obdef
loc3d
        4.92199514385413              0.69211089395115            185.84292602539060     -1
kind
     28     
    69300          153925     
        0.00196034886284  
 OBS            297
       0.00582365472035
       0.01051388309982
       1.00000000000000
 296 298 -1
obdef
loc3d
        4.91709198426003              0.69266703903771            205.88345336914060     -1
kind
     28     
    69300          153925     
        0.00210277661996  
 OBS            298
       0.00000000000000
       0.01046581391268
       1.00000000000000
 297 299 -1
obdef
loc3d
        4.91305125126208              0.69031483822850            320.48217773437500     -1
kind
     28     
    69300          153925     
        0.00209316278254  
 OBS            299
       0.00000000000000
       0.01052852531584
       1.00000000000000
 298 300 -1
obdef
loc3d
        4.90918301095293              0.69233086407935            229.95614624023440     -1
kind
     28     
    69300          153925     
        0.00210570506317  
 OBS            300
       0.00332942958013
       0.01013049112814
       1.00000000000000
 299 -1 -1
obdef
loc3d
        4.90002894620424              0.69031812013417            840.25653076171875     -1
kind
     28     
    69300          153925     
        0.00202609822563  
