 obs_sequence
obs_kind_definitions
       4
    25          LAND_SFC_U_WIND_COMPONENT   
    26          LAND_SFC_V_WIND_COMPONENT   
    27          LAND_SFC_TEMPERATURE   
    28          LAND_SFC_SPECIFIC_HUMIDITY   
  num_copies:            2  num_qc:            1
 num_obs:       300  max_num_obs:       300
observations
truth
QC radar
  first:            1  last:       300
 OBS            1
       2.52491745711612
       1.01130135896851
       1.00000000000000
 -1 2 -1
obdef
loc3d
        4.90540352515539              0.69194112440599            606.33142089843750     -1
kind
     25     
    68400          153925     
       12.25000000000000  
 OBS            2
      -0.91965167530067
      -0.50544478304493
       1.00000000000000
 1 3 -1
obdef
loc3d
        4.94546412681761              0.68348353984884             17.75631332397461     -1
kind
     25     
    68400          153925     
       12.25000000000000  
 OBS            3
      -2.87145856150024
      -3.14358417769182
       1.00000000000000
 2 4 -1
obdef
loc3d
        4.94660974174000              0.67744857875853             29.35406684875488     -1
kind
     25     
    68400          153925     
       12.25000000000000  
 OBS            4
      -0.79476019932574
       0.41379575238619
       1.00000000000000
 3 5 -1
obdef
loc3d
        4.94648126630843              0.68652865419204             54.82812500000000     -1
kind
     25     
    68400          153925     
       12.25000000000000  
 OBS            5
       2.52688798082902
      -1.59282311646608
       1.00000000000000
 4 6 -1
obdef
loc3d
        4.94445426011379              0.68507566758975             62.61011505126953     -1
kind
     25     
    68400          153925     
       12.25000000000000  
 OBS            6
      -0.87382279592181
       1.31368199342093
       1.00000000000000
 5 7 -1
obdef
loc3d
        4.94602055174578              0.68752162087271            134.15721130371091     -1
kind
     25     
    68400          153925     
       12.25000000000000  
 OBS            7
      -2.66411538477200
      -2.52965055814945
       1.00000000000000
 6 8 -1
obdef
loc3d
        4.94603912728501              0.67254511985829             35.00297546386719     -1
kind
     25     
    68400          153925     
       12.25000000000000  
 OBS            8
       7.75546740174919
       3.99092687071476
       1.00000000000000
 7 9 -1
obdef
loc3d
        4.95877904994953              0.67986585977255             17.04111671447754     -1
kind
     25     
    68400          153925     
       12.25000000000000  
 OBS            9
       1.83397306244329
       1.92665304546978
       1.00000000000000
 8 10 -1
obdef
loc3d
        4.93958042817759              0.69095160998657            226.13127136230469     -1
kind
     25     
    68400          153925     
       12.25000000000000  
 OBS            10
      -2.16461750485586
       1.63098393481797
       1.00000000000000
 9 11 -1
obdef
loc3d
        4.95756313665553              0.69181797222864             89.84997558593750     -1
kind
     25     
    68400          153925     
       12.25000000000000  
 OBS            11
      -0.83842147483194
       0.61261839214117
       1.00000000000000
 10 12 -1
obdef
loc3d
        4.94078657111844              0.67409210989409             60.81152343750000     -1
kind
     25     
    68400          153925     
       12.25000000000000  
 OBS            12
       3.00913629829548
       2.49232719807107
       1.00000000000000
 11 13 -1
obdef
loc3d
        4.95557846691255              0.67267262139613              1.00000000000000     -1
kind
     25     
    68400          153925     
       12.25000000000000  
 OBS            13
       4.39904688889066
       1.62725114134847
       1.00000000000000
 12 14 -1
obdef
loc3d
        4.93193348448080              0.68856418981073            106.00000000000000     -1
kind
     25     
    68400          153925     
       12.25000000000000  
 OBS            14
      -0.52832867136018
       2.95774068877294
       1.00000000000000
 13 15 -1
obdef
loc3d
        4.89970838141578              0.68765245249877            785.09423828125000     -1
kind
     25     
    68400          153925     
       12.25000000000000  
 OBS            15
      -4.06388465045212
      -0.36713281106267
       1.00000000000000
 14 16 -1
obdef
loc3d
        4.95026814558372              0.68993059237416             93.11567687988281     -1
kind
     25     
    68400          153925     
       12.25000000000000  
 OBS            16
       0.93365577871431
       2.53192571252224
       1.00000000000000
 15 17 -1
obdef
loc3d
        4.94174512165160              0.68484635226999            116.56585693359381     -1
kind
     25     
    68400          153925     
       12.25000000000000  
 OBS            17
       1.82562879799266
       2.87115972201239
       1.00000000000000
 16 18 -1
obdef
loc3d
        4.95420735021482              0.68473663912788             15.00000000000000     -1
kind
     25     
    68400          153925     
       12.25000000000000  
 OBS            18
       5.62527650160251
       2.39976540104523
       1.00000000000000
 17 19 -1
obdef
loc3d
        4.93477042118681              0.68310638816012            118.89588928222661     -1
kind
     25     
    68400          153925     
       12.25000000000000  
 OBS            19
      -0.44105828917103
       1.42149370522231
       1.00000000000000
 18 20 -1
obdef
loc3d
        4.93795631029682              0.68276407673392            144.94107055664060     -1
kind
     25     
    68400          153925     
       12.25000000000000  
 OBS            20
       4.72096371450408
       2.34245011414215
       1.00000000000000
 19 21 -1
obdef
loc3d
        4.94001671685736              0.68064929967652             43.67281723022461     -1
kind
     25     
    68400          153925     
       12.25000000000000  
 OBS            21
      -0.65049157666324
       2.39480709041315
       1.00000000000000
 20 22 -1
obdef
loc3d
        4.94058460161740              0.67807181314514             70.17810058593750     -1
kind
     25     
    68400          153925     
       12.25000000000000  
 OBS            22
       1.52746374245504
       2.14927176832435
       1.00000000000000
 21 23 -1
obdef
loc3d
        4.95423295419494              0.68033176843505              3.71636104583740     -1
kind
     25     
    68400          153925     
       12.25000000000000  
 OBS            23
      -7.16539031621705
      -4.26770421950921
       1.00000000000000
 22 24 -1
obdef
loc3d
        4.94926894458696              0.66642585587446             10.91526031494141     -1
kind
     25     
    68400          153925     
       12.25000000000000  
 OBS            24
       5.99088148383379
       3.96449906723667
       1.00000000000000
 23 25 -1
obdef
loc3d
        4.96223480186848              0.66700036066835              5.00000000000000     -1
kind
     25     
    68400          153925     
       12.25000000000000  
 OBS            25
       3.14605088631842
       2.99109345570548
       1.00000000000000
 24 26 -1
obdef
loc3d
        4.95546148971009              0.67729393735082              6.17724800109863     -1
kind
     25     
    68400          153925     
       12.25000000000000  
 OBS            26
      -1.22409989593634
      -0.06316332085300
       1.00000000000000
 25 27 -1
obdef
loc3d
        4.92652723985629              0.69051382381431            146.04148864746091     -1
kind
     25     
    68400          153925     
       12.25000000000000  
 OBS            27
       2.80075158618950
       2.70044901611018
       1.00000000000000
 26 28 -1
obdef
loc3d
        4.96366005344362              0.66920346185787              6.00000000000000     -1
kind
     25     
    68400          153925     
       12.25000000000000  
 OBS            28
       3.17815003709421
       0.17898286378620
       1.00000000000000
 27 29 -1
obdef
loc3d
        4.97052949833720              0.66907739847133              8.84140872955322     -1
kind
     25     
    68400          153925     
       12.25000000000000  
 OBS            29
       4.83196064468030
       2.17937188441265
       1.00000000000000
 28 30 -1
obdef
loc3d
        4.95245337490985              0.69269329908122            116.45774841308589     -1
kind
     25     
    68400          153925     
       12.25000000000000  
 OBS            30
       3.05571818226373
       2.19123329870590
       1.00000000000000
 29 31 -1
obdef
loc3d
        4.94885353278042              0.69277717633329            144.09075927734381     -1
kind
     25     
    68400          153925     
       12.25000000000000  
 OBS            31
      -1.59507030292812
       1.98123217920312
       1.00000000000000
 30 32 -1
obdef
loc3d
        4.94336975041274              0.69009669144632            168.92642211914060     -1
kind
     25     
    68400          153925     
       12.25000000000000  
 OBS            32
      -0.57592031665840
      -1.14083465796430
       1.00000000000000
 31 33 -1
obdef
loc3d
        4.93556788041953              0.67027828664670             15.00000000000000     -1
kind
     25     
    68400          153925     
       12.25000000000000  
 OBS            33
      -1.42840437372359
       2.37960180564249
       1.00000000000000
 32 34 -1
obdef
loc3d
        4.94033180527593              0.67113295277478             15.00000000000000     -1
kind
     25     
    68400          153925     
       12.25000000000000  
 OBS            34
      -4.01325652610107
      -4.00835762684511
       1.00000000000000
 33 35 -1
obdef
loc3d
        4.94303858410231              0.67245219021673             45.31371688842773     -1
kind
     25     
    68400          153925     
       12.25000000000000  
 OBS            35
      -0.69159487706164
      -2.16476777733102
       1.00000000000000
 34 36 -1
obdef
loc3d
        4.94353452184302              0.67563108019985             33.40631103515625     -1
kind
     25     
    68400          153925     
       12.25000000000000  
 OBS            36
       3.00672310475995
      -0.18512725697508
       1.00000000000000
 35 37 -1
obdef
loc3d
        4.94374389829480              0.67833415521310             29.86422538757324     -1
kind
     25     
    68400          153925     
       12.25000000000000  
 OBS            37
       3.94792456720976
       1.83729571266833
       1.00000000000000
 36 38 -1
obdef
loc3d
        4.94273365028682              0.68737244152012            176.80966186523440     -1
kind
     25     
    68400          153925     
       12.25000000000000  
 OBS            38
      -3.51115303579167
       0.90311881156710
       1.00000000000000
 37 39 -1
obdef
loc3d
        4.92701506510552              0.68724654189208            235.55827331542969     -1
kind
     25     
    68400          153925     
       12.25000000000000  
 OBS            39
      -2.27967648042623
       1.48425887184074
       1.00000000000000
 38 40 -1
obdef
loc3d
        4.93770287749180              0.68559892863867            149.84144592285159     -1
kind
     25     
    68400          153925     
       12.25000000000000  
 OBS            40
       2.55244599723758
       0.53092712796571
       1.00000000000000
 39 41 -1
obdef
loc3d
        4.92849072850511              0.69275166570057            196.64169311523440     -1
kind
     25     
    68400          153925     
       12.25000000000000  
 OBS            41
      -7.63400795558306
      -4.68084409420665
       1.00000000000000
 40 42 -1
obdef
loc3d
        4.94704606827608              0.66890083993760             30.00000000000000     -1
kind
     25     
    68400          153925     
       12.25000000000000  
 OBS            42
       1.35965749854290
       1.64917961517520
       1.00000000000000
 41 43 -1
obdef
loc3d
        4.93215285315783              0.69272179551745            405.54205322265619     -1
kind
     25     
    68400          153925     
       12.25000000000000  
 OBS            43
       2.27555636783700
       0.96702480744271
       1.00000000000000
 42 44 -1
obdef
loc3d
        4.93041137291484              0.68610286792166             95.01055908203125     -1
kind
     25     
    68400          153925     
       12.25000000000000  
 OBS            44
      -0.47336369072513
       2.36594393354432
       1.00000000000000
 43 45 -1
obdef
loc3d
        4.94340662813579              0.66912283370227             30.00000000000000     -1
kind
     25     
    68400          153925     
       12.25000000000000  
 OBS            45
       2.05314846294473
       2.47219461201140
       1.00000000000000
 44 46 -1
obdef
loc3d
        4.94246051140049              0.69284522685509            232.15176391601560     -1
kind
     25     
    68400          153925     
       12.25000000000000  
 OBS            46
      -1.95620051444614
       0.11016012834691
       1.00000000000000
 45 47 -1
obdef
loc3d
        4.94897278262263              0.68784055253573             58.60614395141602     -1
kind
     25     
    68400          153925     
       12.25000000000000  
 OBS            47
       1.73224102178686
       0.62967552156113
       1.00000000000000
 46 48 -1
obdef
loc3d
        4.94541527617556              0.68071005727643             33.77826690673828     -1
kind
     25     
    68400          153925     
       12.25000000000000  
 OBS            48
       3.45028495996170
      -1.06126389651498
       1.00000000000000
 47 49 -1
obdef
loc3d
        4.93748800785195              0.67296050504062             44.45593643188477     -1
kind
     25     
    68400          153925     
       12.25000000000000  
 OBS            49
       2.33979737559186
       2.23414921859718
       1.00000000000000
 48 50 -1
obdef
loc3d
        4.93696530791536              0.69256666762304            156.90283203125000     -1
kind
     25     
    68400          153925     
       12.25000000000000  
 OBS            50
       1.65378674617670
       1.08249428325301
       1.00000000000000
 49 51 -1
obdef
loc3d
        4.92145179475246              0.69276808226809            165.77503967285159     -1
kind
     25     
    68400          153925     
       12.25000000000000  
 OBS            51
       5.19897417829870
       1.91148833249086
       1.00000000000000
 50 52 -1
obdef
loc3d
        4.93950672299123              0.68813471885857            177.40441894531250     -1
kind
     25     
    68400          153925     
       12.25000000000000  
 OBS            52
       0.32076661395369
       2.15498730260414
       1.00000000000000
 51 53 -1
obdef
loc3d
        4.93611382531472              0.68823817566222            173.73840332031250     -1
kind
     25     
    68400          153925     
       12.25000000000000  
 OBS            53
       2.64243532451143
       1.99502792995794
       1.00000000000000
 52 54 -1
obdef
loc3d
        4.94685988234341              0.69028594514941            170.37097167968750     -1
kind
     25     
    68400          153925     
       12.25000000000000  
 OBS            54
       1.60017999503686
       2.20043464257769
       1.00000000000000
 53 55 -1
obdef
loc3d
        4.93440797857224              0.69076858072881            137.08886718750000     -1
kind
     25     
    68400          153925     
       12.25000000000000  
 OBS            55
      -1.17033830495297
      -1.73836356291035
       1.00000000000000
 54 56 -1
obdef
loc3d
        4.93397023736678              0.68569719666510            120.48287200927730     -1
kind
     25     
    68400          153925     
       12.25000000000000  
 OBS            56
       6.23930309177203
       3.62166539252800
       1.00000000000000
 55 57 -1
obdef
loc3d
        4.96098036034072              0.67790128169477             17.24609375000000     -1
kind
     25     
    68400          153925     
       12.25000000000000  
 OBS            57
       5.19087061150519
       3.88890131945038
       1.00000000000000
 56 58 -1
obdef
loc3d
        4.95746178551042              0.68576241061300             17.20619201660156     -1
kind
     25     
    68400          153925     
       12.25000000000000  
 OBS            58
      -0.90350433878279
      -1.46955249075229
       1.00000000000000
 57 59 -1
obdef
loc3d
        4.96821528454312              0.66626811336639              8.93466186523438     -1
kind
     25     
    68400          153925     
       12.25000000000000  
 OBS            59
       2.20541978000731
       3.55160406719545
       1.00000000000000
 58 60 -1
obdef
loc3d
        4.95821139545160              0.68356985009176             15.00000000000000     -1
kind
     25     
    68400          153925     
       12.25000000000000  
 OBS            60
      -1.45006240836138
       2.74644320423478
       1.00000000000000
 59 61 -1
obdef
loc3d
        4.95929084301108              0.67289450711582              9.91464328765869     -1
kind
     25     
    68400          153925     
       12.25000000000000  
 OBS            61
       2.49351002506090
       3.31255442980426
       1.00000000000000
 60 62 -1
obdef
loc3d
        4.95884231318174              0.67566319569297             12.79061889648438     -1
kind
     25     
    68400          153925     
       12.25000000000000  
 OBS            62
      -2.70587633063874
       4.11899437712967
       1.00000000000000
 61 63 -1
obdef
loc3d
        4.96068172506451              0.68176493518182             14.00000000000000     -1
kind
     25     
    68400          153925     
       12.25000000000000  
 OBS            63
       6.62808158668282
       3.99576614824679
       1.00000000000000
 62 64 -1
obdef
loc3d
        4.96044430349621              0.68522255501691             15.00000000000000     -1
kind
     25     
    68400          153925     
       12.25000000000000  
 OBS            64
       3.51928722451381
       3.40981154413238
       1.00000000000000
 63 65 -1
obdef
loc3d
        4.95653505007277              0.68174821287482             15.07347202301025     -1
kind
     25     
    68400          153925     
       12.25000000000000  
 OBS            65
       3.26692229500362
       2.99562561328067
       1.00000000000000
 64 66 -1
obdef
loc3d
        4.96521948188739              0.66389255790081              6.10258388519287     -1
kind
     25     
    68400          153925     
       12.25000000000000  
 OBS            66
      -0.49528172084527
       1.08462298849053
       1.00000000000000
 65 67 -1
obdef
loc3d
        4.96720461139216              0.67033432936439             12.91210937500000     -1
kind
     25     
    68400          153925     
       12.25000000000000  
 OBS            67
       0.02772562744723
       4.07866266517663
       1.00000000000000
 66 68 -1
obdef
loc3d
        4.96018888249816              0.68814255256013             15.00000000000000     -1
kind
     25     
    68400          153925     
       12.25000000000000  
 OBS            68
      -3.82923184270029
       0.91609918561459
       1.00000000000000
 67 69 -1
obdef
loc3d
        4.95410557213704              0.69029785801799             54.42578125000000     -1
kind
     25     
    68400          153925     
       12.25000000000000  
 OBS            69
       9.66192187463995
       2.94769413820514
       1.00000000000000
 68 70 -1
obdef
loc3d
        4.95508230192316              0.68705689194968              9.08530712127686     -1
kind
     25     
    68400          153925     
       12.25000000000000  
 OBS            70
      -3.22474828990538
       3.33337557325388
       1.00000000000000
 69 71 -1
obdef
loc3d
        4.89659470219302              0.68517541625982            824.84875488281250     -1
kind
     25     
    68400          153925     
       12.25000000000000  
 OBS            71
       6.29790716063260
       2.93566471487173
       1.00000000000000
 70 72 -1
obdef
loc3d
        4.89719607397323              0.69286120068011            493.76440429687500     -1
kind
     25     
    68400          153925     
       12.25000000000000  
 OBS            72
      -2.76072578478761
      -1.06919430535492
       1.00000000000000
 71 73 -1
obdef
loc3d
        4.91562721585699              0.69268557315466            290.85858154296881     -1
kind
     25     
    68400          153925     
       12.25000000000000  
 OBS            73
       1.75889415145228
       3.36070343450834
       1.00000000000000
 72 74 -1
obdef
loc3d
        4.89650463462054              0.68965598658767            806.96582031250000     -1
kind
     25     
    68400          153925     
       12.25000000000000  
 OBS            74
      -0.70686212299069
       3.36873494842337
       1.00000000000000
 73 75 -1
obdef
loc3d
        4.90117724149658              0.69117926561099            769.23168945312500     -1
kind
     25     
    68400          153925     
       12.25000000000000  
 OBS            75
      -2.08888909674546
      -0.77737513135083
       1.00000000000000
 74 76 -1
obdef
loc3d
        4.91058697772938              0.69047364022544            228.45222473144531     -1
kind
     25     
    68400          153925     
       12.25000000000000  
 OBS            76
       5.71473583774105
       1.67998559612266
       1.00000000000000
 75 77 -1
obdef
loc3d
        4.90540352515539              0.69194112440599            606.33142089843750     -1
kind
     26     
    68400          153925     
       12.25000000000000  
 OBS            77
      -2.70542023841294
       0.18357958897106
       1.00000000000000
 76 78 -1
obdef
loc3d
        4.94546412681761              0.68348353984884             17.75631332397461     -1
kind
     26     
    68400          153925     
       12.25000000000000  
 OBS            78
       2.15416125411714
       2.86836784453575
       1.00000000000000
 77 79 -1
obdef
loc3d
        4.94660974174000              0.67744857875853             29.35406684875488     -1
kind
     26     
    68400          153925     
       12.25000000000000  
 OBS            79
       3.48061770091524
       1.92206214656317
       1.00000000000000
 78 80 -1
obdef
loc3d
        4.94648126630843              0.68652865419204             54.82812500000000     -1
kind
     26     
    68400          153925     
       12.25000000000000  
 OBS            80
       1.01322795872220
       2.12356004763981
       1.00000000000000
 79 81 -1
obdef
loc3d
        4.94445426011379              0.68507566758975             62.61011505126953     -1
kind
     26     
    68400          153925     
       12.25000000000000  
 OBS            81
       7.14217383559450
       2.10073399373342
       1.00000000000000
 80 82 -1
obdef
loc3d
        4.94602055174578              0.68752162087271            134.15721130371091     -1
kind
     26     
    68400          153925     
       12.25000000000000  
 OBS            82
       7.85886247916328
      -0.13387259070280
       1.00000000000000
 81 83 -1
obdef
loc3d
        4.94603912728501              0.67254511985829             35.00297546386719     -1
kind
     26     
    68400          153925     
       12.25000000000000  
 OBS            83
       0.71615133808200
       1.24572535891152
       1.00000000000000
 82 84 -1
obdef
loc3d
        4.95877904994953              0.67986585977255             17.04111671447754     -1
kind
     26     
    68400          153925     
       12.25000000000000  
 OBS            84
       1.16973501530160
       1.65505978141692
       1.00000000000000
 83 85 -1
obdef
loc3d
        4.93958042817759              0.69095160998657            226.13127136230469     -1
kind
     26     
    68400          153925     
       12.25000000000000  
 OBS            85
       1.93101185562767
       2.08424117947035
       1.00000000000000
 84 86 -1
obdef
loc3d
        4.95756313665553              0.69181797222864             89.84997558593750     -1
kind
     26     
    68400          153925     
       12.25000000000000  
 OBS            86
      -1.21505976719003
       1.06739261189378
       1.00000000000000
 85 87 -1
obdef
loc3d
        4.94078657111844              0.67409210989409             60.81152343750000     -1
kind
     26     
    68400          153925     
       12.25000000000000  
 OBS            87
       4.45455373036314
      -0.95534106609532
       1.00000000000000
 86 88 -1
obdef
loc3d
        4.95557846691255              0.67267262139613              1.00000000000000     -1
kind
     26     
    68400          153925     
       12.25000000000000  
 OBS            88
       1.51980364781478
       0.96335416237182
       1.00000000000000
 87 89 -1
obdef
loc3d
        4.93193348448080              0.68856418981073            106.00000000000000     -1
kind
     26     
    68400          153925     
       12.25000000000000  
 OBS            89
       1.72257267181861
      -0.15401705287743
       1.00000000000000
 88 90 -1
obdef
loc3d
        4.89970838141578              0.68765245249877            785.09423828125000     -1
kind
     26     
    68400          153925     
       12.25000000000000  
 OBS            90
       1.39415472730204
       2.53493372954139
       1.00000000000000
 89 91 -1
obdef
loc3d
        4.95026814558372              0.68993059237416             93.11567687988281     -1
kind
     26     
    68400          153925     
       12.25000000000000  
 OBS            91
      -4.28176112929143
      -0.40044763835584
       1.00000000000000
 90 92 -1
obdef
loc3d
        4.94174512165160              0.68484635226999            116.56585693359381     -1
kind
     26     
    68400          153925     
       12.25000000000000  
 OBS            92
      -1.86452056907209
       0.31952492820178
       1.00000000000000
 91 93 -1
obdef
loc3d
        4.95420735021482              0.68473663912788             15.00000000000000     -1
kind
     26     
    68400          153925     
       12.25000000000000  
 OBS            93
      -2.39948548614392
       0.89979313954541
       1.00000000000000
 92 94 -1
obdef
loc3d
        4.93477042118681              0.68310638816012            118.89588928222661     -1
kind
     26     
    68400          153925     
       12.25000000000000  
 OBS            94
       3.29047461937199
       0.46339664286814
       1.00000000000000
 93 95 -1
obdef
loc3d
        4.93795631029682              0.68276407673392            144.94107055664060     -1
kind
     26     
    68400          153925     
       12.25000000000000  
 OBS            95
       0.96032605329490
       0.70314241621601
       1.00000000000000
 94 96 -1
obdef
loc3d
        4.94001671685736              0.68064929967652             43.67281723022461     -1
kind
     26     
    68400          153925     
       12.25000000000000  
 OBS            96
       0.39805816089752
       1.03010798470058
       1.00000000000000
 95 97 -1
obdef
loc3d
        4.94058460161740              0.67807181314514             70.17810058593750     -1
kind
     26     
    68400          153925     
       12.25000000000000  
 OBS            97
      -2.51716879333368
      -1.20243170768793
       1.00000000000000
 96 98 -1
obdef
loc3d
        4.95423295419494              0.68033176843505              3.71636104583740     -1
kind
     26     
    68400          153925     
       12.25000000000000  
 OBS            98
       4.00056584746990
       2.01404850750630
       1.00000000000000
 97 99 -1
obdef
loc3d
        4.94926894458696              0.66642585587446             10.91526031494141     -1
kind
     26     
    68400          153925     
       12.25000000000000  
 OBS            99
      -3.40100165780687
      -0.31349971139784
       1.00000000000000
 98 100 -1
obdef
loc3d
        4.96223480186848              0.66700036066835              5.00000000000000     -1
kind
     26     
    68400          153925     
       12.25000000000000  
 OBS            100
       5.24678120930015
      -0.12527124498846
       1.00000000000000
 99 101 -1
obdef
loc3d
        4.95546148971009              0.67729393735082              6.17724800109863     -1
kind
     26     
    68400          153925     
       12.25000000000000  
 OBS            101
       2.58800857225475
       1.31472740537177
       1.00000000000000
 100 102 -1
obdef
loc3d
        4.92652723985629              0.69051382381431            146.04148864746091     -1
kind
     26     
    68400          153925     
       12.25000000000000  
 OBS            102
       1.10333567539709
       0.81049797869202
       1.00000000000000
 101 103 -1
obdef
loc3d
        4.96366005344362              0.66920346185787              6.00000000000000     -1
kind
     26     
    68400          153925     
       12.25000000000000  
 OBS            103
       5.18153016750833
       5.59742000354219
       1.00000000000000
 102 104 -1
obdef
loc3d
        4.97052949833720              0.66907739847133              8.84140872955322     -1
kind
     26     
    68400          153925     
       12.25000000000000  
 OBS            104
      -8.64841754180530
      -1.31148175040194
       1.00000000000000
 103 105 -1
obdef
loc3d
        4.95245337490985              0.69269329908122            116.45774841308589     -1
kind
     26     
    68400          153925     
       12.25000000000000  
 OBS            105
      -0.38741821759433
      -0.96003219737055
       1.00000000000000
 104 106 -1
obdef
loc3d
        4.94885353278042              0.69277717633329            144.09075927734381     -1
kind
     26     
    68400          153925     
       12.25000000000000  
 OBS            106
      -1.57151844901330
       0.80889939485157
       1.00000000000000
 105 107 -1
obdef
loc3d
        4.94336975041274              0.69009669144632            168.92642211914060     -1
kind
     26     
    68400          153925     
       12.25000000000000  
 OBS            107
       1.98673704777209
       2.47515911904986
       1.00000000000000
 106 108 -1
obdef
loc3d
        4.93556788041953              0.67027828664670             15.00000000000000     -1
kind
     26     
    68400          153925     
       12.25000000000000  
 OBS            108
       2.16855056925335
       1.37158884107841
       1.00000000000000
 107 109 -1
obdef
loc3d
        4.94033180527593              0.67113295277478             15.00000000000000     -1
kind
     26     
    68400          153925     
       12.25000000000000  
 OBS            109
      -0.46729258494039
       1.02040688836350
       1.00000000000000
 108 110 -1
obdef
loc3d
        4.94303858410231              0.67245219021673             45.31371688842773     -1
kind
     26     
    68400          153925     
       12.25000000000000  
 OBS            110
       0.98334255925032
       1.73561053893202
       1.00000000000000
 109 111 -1
obdef
loc3d
        4.94353452184302              0.67563108019985             33.40631103515625     -1
kind
     26     
    68400          153925     
       12.25000000000000  
 OBS            111
       3.25432637852289
      -0.38640026726756
       1.00000000000000
 110 112 -1
obdef
loc3d
        4.94374389829480              0.67833415521310             29.86422538757324     -1
kind
     26     
    68400          153925     
       12.25000000000000  
 OBS            112
       1.67329902881255
       1.21863478965445
       1.00000000000000
 111 113 -1
obdef
loc3d
        4.94273365028682              0.68737244152012            176.80966186523440     -1
kind
     26     
    68400          153925     
       12.25000000000000  
 OBS            113
      -0.89050651669917
      -0.05216196190688
       1.00000000000000
 112 114 -1
obdef
loc3d
        4.92701506510552              0.68724654189208            235.55827331542969     -1
kind
     26     
    68400          153925     
       12.25000000000000  
 OBS            114
       3.73285228029579
       0.74127936043285
       1.00000000000000
 113 115 -1
obdef
loc3d
        4.93770287749180              0.68559892863867            149.84144592285159     -1
kind
     26     
    68400          153925     
       12.25000000000000  
 OBS            115
       4.45565254767888
      -0.03356025454528
       1.00000000000000
 114 116 -1
obdef
loc3d
        4.92849072850511              0.69275166570057            196.64169311523440     -1
kind
     26     
    68400          153925     
       12.25000000000000  
 OBS            116
       3.67502063880157
       0.79327794133799
       1.00000000000000
 115 117 -1
obdef
loc3d
        4.94704606827608              0.66890083993760             30.00000000000000     -1
kind
     26     
    68400          153925     
       12.25000000000000  
 OBS            117
       0.78199542485772
      -0.01298147237545
       1.00000000000000
 116 118 -1
obdef
loc3d
        4.93215285315783              0.69272179551745            405.54205322265619     -1
kind
     26     
    68400          153925     
       12.25000000000000  
 OBS            118
       0.42970207021495
       0.77255926109400
       1.00000000000000
 117 119 -1
obdef
loc3d
        4.93041137291484              0.68610286792166             95.01055908203125     -1
kind
     26     
    68400          153925     
       12.25000000000000  
 OBS            119
      -0.06339761761453
       2.24619871539998
       1.00000000000000
 118 120 -1
obdef
loc3d
        4.94340662813579              0.66912283370227             30.00000000000000     -1
kind
     26     
    68400          153925     
       12.25000000000000  
 OBS            120
      -0.44217615930795
      -0.64547149306049
       1.00000000000000
 119 121 -1
obdef
loc3d
        4.94246051140049              0.69284522685509            232.15176391601560     -1
kind
     26     
    68400          153925     
       12.25000000000000  
 OBS            121
       4.90486463771195
       1.87809282805519
       1.00000000000000
 120 122 -1
obdef
loc3d
        4.94897278262263              0.68784055253573             58.60614395141602     -1
kind
     26     
    68400          153925     
       12.25000000000000  
 OBS            122
      -1.13991734178345
       1.46639812552595
       1.00000000000000
 121 123 -1
obdef
loc3d
        4.94541527617556              0.68071005727643             33.77826690673828     -1
kind
     26     
    68400          153925     
       12.25000000000000  
 OBS            123
      -0.85763462236411
       1.78508991258954
       1.00000000000000
 122 124 -1
obdef
loc3d
        4.93748800785195              0.67296050504062             44.45593643188477     -1
kind
     26     
    68400          153925     
       12.25000000000000  
 OBS            124
       4.48101502056317
      -0.64676858853151
       1.00000000000000
 123 125 -1
obdef
loc3d
        4.93696530791536              0.69256666762304            156.90283203125000     -1
kind
     26     
    68400          153925     
       12.25000000000000  
 OBS            125
       0.26363749797974
       0.67874540908161
       1.00000000000000
 124 126 -1
obdef
loc3d
        4.92145179475246              0.69276808226809            165.77503967285159     -1
kind
     26     
    68400          153925     
       12.25000000000000  
 OBS            126
       2.27006736528963
       1.16336561093298
       1.00000000000000
 125 127 -1
obdef
loc3d
        4.93950672299123              0.68813471885857            177.40441894531250     -1
kind
     26     
    68400          153925     
       12.25000000000000  
 OBS            127
       2.01239489884364
       0.71011589632622
       1.00000000000000
 126 128 -1
obdef
loc3d
        4.93611382531472              0.68823817566222            173.73840332031250     -1
kind
     26     
    68400          153925     
       12.25000000000000  
 OBS            128
      -6.30605105131912
      -1.48082601721037
       1.00000000000000
 127 129 -1
obdef
loc3d
        4.94685988234341              0.69028594514941            170.37097167968750     -1
kind
     26     
    68400          153925     
       12.25000000000000  
 OBS            129
      -0.77139966355597
      -0.67935397796136
       1.00000000000000
 128 130 -1
obdef
loc3d
        4.93440797857224              0.69076858072881            137.08886718750000     -1
kind
     26     
    68400          153925     
       12.25000000000000  
 OBS            130
      -0.60833948600401
       1.28502387499895
       1.00000000000000
 129 131 -1
obdef
loc3d
        4.93397023736678              0.68569719666510            120.48287200927730     -1
kind
     26     
    68400          153925     
       12.25000000000000  
 OBS            131
       1.78494505737312
       1.23651086787487
       1.00000000000000
 130 132 -1
obdef
loc3d
        4.96098036034072              0.67790128169477             17.24609375000000     -1
kind
     26     
    68400          153925     
       12.25000000000000  
 OBS            132
      -7.48785519890768
      -0.66676825198227
       1.00000000000000
 131 133 -1
obdef
loc3d
        4.95746178551042              0.68576241061300             17.20619201660156     -1
kind
     26     
    68400          153925     
       12.25000000000000  
 OBS            133
       4.84115872979322
       5.11688924834926
       1.00000000000000
 132 134 -1
obdef
loc3d
        4.96821528454312              0.66626811336639              8.93466186523438     -1
kind
     26     
    68400          153925     
       12.25000000000000  
 OBS            134
       4.94463530314344
       1.43731236415433
       1.00000000000000
 133 135 -1
obdef
loc3d
        4.95821139545160              0.68356985009176             15.00000000000000     -1
kind
     26     
    68400          153925     
       12.25000000000000  
 OBS            135
      -2.09988911424745
      -0.81522877069418
       1.00000000000000
 134 136 -1
obdef
loc3d
        4.95929084301108              0.67289450711582              9.91464328765869     -1
kind
     26     
    68400          153925     
       12.25000000000000  
 OBS            136
      -4.09405072819790
      -0.54874579534349
       1.00000000000000
 135 137 -1
obdef
loc3d
        4.95884231318174              0.67566319569297             12.79061889648438     -1
kind
     26     
    68400          153925     
       12.25000000000000  
 OBS            137
       1.51560102960579
       0.37369776267677
       1.00000000000000
 136 138 -1
obdef
loc3d
        4.96068172506451              0.68176493518182             14.00000000000000     -1
kind
     26     
    68400          153925     
       12.25000000000000  
 OBS            138
       3.07372549456741
       0.24561511040585
       1.00000000000000
 137 139 -1
obdef
loc3d
        4.96044430349621              0.68522255501691             15.00000000000000     -1
kind
     26     
    68400          153925     
       12.25000000000000  
 OBS            139
      -1.69084542020607
      -0.07570429063712
       1.00000000000000
 138 140 -1
obdef
loc3d
        4.95653505007277              0.68174821287482             15.07347202301025     -1
kind
     26     
    68400          153925     
       12.25000000000000  
 OBS            140
       2.85366205076135
       2.45617085865106
       1.00000000000000
 139 141 -1
obdef
loc3d
        4.96521948188739              0.66389255790081              6.10258388519287     -1
kind
     26     
    68400          153925     
       12.25000000000000  
 OBS            141
       0.78938539947925
       2.29465445901971
       1.00000000000000
 140 142 -1
obdef
loc3d
        4.96720461139216              0.67033432936439             12.91210937500000     -1
kind
     26     
    68400          153925     
       12.25000000000000  
 OBS            142
      -0.39552669638329
      -0.72758135153946
       1.00000000000000
 141 143 -1
obdef
loc3d
        4.96018888249816              0.68814255256013             15.00000000000000     -1
kind
     26     
    68400          153925     
       12.25000000000000  
 OBS            143
       2.33219366419648
       2.53966852422597
       1.00000000000000
 142 144 -1
obdef
loc3d
        4.95410557213704              0.69029785801799             54.42578125000000     -1
kind
     26     
    68400          153925     
       12.25000000000000  
 OBS            144
      -1.98909911811029
       0.17942464498891
       1.00000000000000
 143 145 -1
obdef
loc3d
        4.95508230192316              0.68705689194968              9.08530712127686     -1
kind
     26     
    68400          153925     
       12.25000000000000  
 OBS            145
       2.50810523003780
       1.21377664561146
       1.00000000000000
 144 146 -1
obdef
loc3d
        4.89659470219302              0.68517541625982            824.84875488281250     -1
kind
     26     
    68400          153925     
       12.25000000000000  
 OBS            146
       0.37165405127412
       0.83848359121016
       1.00000000000000
 145 147 -1
obdef
loc3d
        4.89719607397323              0.69286120068011            493.76440429687500     -1
kind
     26     
    68400          153925     
       12.25000000000000  
 OBS            147
      -1.36477762880721
       0.80851198831419
       1.00000000000000
 146 148 -1
obdef
loc3d
        4.91562721585699              0.69268557315466            290.85858154296881     -1
kind
     26     
    68400          153925     
       12.25000000000000  
 OBS            148
       3.91941503004090
       0.34845525716029
       1.00000000000000
 147 149 -1
obdef
loc3d
        4.89650463462054              0.68965598658767            806.96582031250000     -1
kind
     26     
    68400          153925     
       12.25000000000000  
 OBS            149
       4.03079525344982
       0.89874890710500
       1.00000000000000
 148 150 -1
obdef
loc3d
        4.90117724149658              0.69117926561099            769.23168945312500     -1
kind
     26     
    68400          153925     
       12.25000000000000  
 OBS            150
       4.65957086709226
       1.86972133046436
       1.00000000000000
 149 151 -1
obdef
loc3d
        4.91058697772938              0.69047364022544            228.45222473144531     -1
kind
     26     
    68400          153925     
       12.25000000000000  
 OBS            151
     299.10775537134998
     299.83104341711902
       1.00000000000000
 150 152 -1
obdef
loc3d
        4.90540352515539              0.69194112440599            606.33142089843750     -1
kind
     27     
    68400          153925     
        6.25000000000000  
 OBS            152
     303.68597443289997
     304.58296542836302
       1.00000000000000
 151 153 -1
obdef
loc3d
        4.94546412681761              0.68348353984884             17.75631332397461     -1
kind
     27     
    68400          153925     
        6.25000000000000  
 OBS            153
     302.35030883014156
     301.62563319213001
       1.00000000000000
 152 154 -1
obdef
loc3d
        4.94660974174000              0.67744857875853             29.35406684875488     -1
kind
     27     
    68400          153925     
        6.25000000000000  
 OBS            154
     303.83489433891867
     303.87428903727999
       1.00000000000000
 153 155 -1
obdef
loc3d
        4.94648126630843              0.68652865419204             54.82812500000000     -1
kind
     27     
    68400          153925     
        6.25000000000000  
 OBS            155
     302.84299633824094
     303.57506370101601
       1.00000000000000
 154 156 -1
obdef
loc3d
        4.94445426011379              0.68507566758975             62.61011505126953     -1
kind
     27     
    68400          153925     
        6.25000000000000  
 OBS            156
     302.41101887131373
     302.08639793648899
       1.00000000000000
 155 157 -1
obdef
loc3d
        4.94602055174578              0.68752162087271            134.15721130371091     -1
kind
     27     
    68400          153925     
        6.25000000000000  
 OBS            157
     305.13368075973989
     304.96504403939599
       1.00000000000000
 156 158 -1
obdef
loc3d
        4.94603912728501              0.67254511985829             35.00297546386719     -1
kind
     27     
    68400          153925     
        6.25000000000000  
 OBS            158
     306.56522590996082
     306.05919897778398
       1.00000000000000
 157 159 -1
obdef
loc3d
        4.95877904994953              0.67986585977255             17.04111671447754     -1
kind
     27     
    68400          153925     
        6.25000000000000  
 OBS            159
     303.09238399716975
     303.72462893851701
       1.00000000000000
 158 160 -1
obdef
loc3d
        4.93958042817759              0.69095160998657            226.13127136230469     -1
kind
     27     
    68400          153925     
        6.25000000000000  
 OBS            160
     303.04435767241506
     303.48031892689397
       1.00000000000000
 159 161 -1
obdef
loc3d
        4.95756313665553              0.69181797222864             89.84997558593750     -1
kind
     27     
    68400          153925     
        6.25000000000000  
 OBS            161
     304.81640155798624
     304.76580632168799
       1.00000000000000
 160 162 -1
obdef
loc3d
        4.94078657111844              0.67409210989409             60.81152343750000     -1
kind
     27     
    68400          153925     
        6.25000000000000  
 OBS            162
     304.97748959374081
     306.78745258820197
       1.00000000000000
 161 163 -1
obdef
loc3d
        4.95557846691255              0.67267262139613              1.00000000000000     -1
kind
     27     
    68400          153925     
        6.25000000000000  
 OBS            163
     305.14287960110067
     304.30166205592900
       1.00000000000000
 162 164 -1
obdef
loc3d
        4.93193348448080              0.68856418981073            106.00000000000000     -1
kind
     27     
    68400          153925     
        6.25000000000000  
 OBS            164
     301.22459064436293
     299.58727308458100
       1.00000000000000
 163 165 -1
obdef
loc3d
        4.89970838141578              0.68765245249877            785.09423828125000     -1
kind
     27     
    68400          153925     
        6.25000000000000  
 OBS            165
     302.75485582486772
     302.90194320227999
       1.00000000000000
 164 166 -1
obdef
loc3d
        4.95026814558372              0.68993059237416             93.11567687988281     -1
kind
     27     
    68400          153925     
        6.25000000000000  
 OBS            166
     304.64618864685696
     303.46797813464502
       1.00000000000000
 165 167 -1
obdef
loc3d
        4.94174512165160              0.68484635226999            116.56585693359381     -1
kind
     27     
    68400          153925     
        6.25000000000000  
 OBS            167
     303.32479714268572
     304.33068507093299
       1.00000000000000
 166 168 -1
obdef
loc3d
        4.95420735021482              0.68473663912788             15.00000000000000     -1
kind
     27     
    68400          153925     
        6.25000000000000  
 OBS            168
     304.20814672419749
     304.23897945816202
       1.00000000000000
 167 169 -1
obdef
loc3d
        4.93477042118681              0.68310638816012            118.89588928222661     -1
kind
     27     
    68400          153925     
        6.25000000000000  
 OBS            169
     303.31367809867919
     302.60505479022203
       1.00000000000000
 168 170 -1
obdef
loc3d
        4.93795631029682              0.68276407673392            144.94107055664060     -1
kind
     27     
    68400          153925     
        6.25000000000000  
 OBS            170
     302.56429188192840
     304.68777524014303
       1.00000000000000
 169 171 -1
obdef
loc3d
        4.94001671685736              0.68064929967652             43.67281723022461     -1
kind
     27     
    68400          153925     
        6.25000000000000  
 OBS            171
     303.37490437457103
     305.44224974433200
       1.00000000000000
 170 172 -1
obdef
loc3d
        4.94058460161740              0.67807181314514             70.17810058593750     -1
kind
     27     
    68400          153925     
        6.25000000000000  
 OBS            172
     304.60838528708399
     304.78738872276602
       1.00000000000000
 171 173 -1
obdef
loc3d
        4.95423295419494              0.68033176843505              3.71636104583740     -1
kind
     27     
    68400          153925     
        6.25000000000000  
 OBS            173
     304.87924844958940
     305.25926731291599
       1.00000000000000
 172 174 -1
obdef
loc3d
        4.94926894458696              0.66642585587446             10.91526031494141     -1
kind
     27     
    68400          153925     
        6.25000000000000  
 OBS            174
     306.30413547679956
     306.77906926284697
       1.00000000000000
 173 175 -1
obdef
loc3d
        4.96223480186848              0.66700036066835              5.00000000000000     -1
kind
     27     
    68400          153925     
        6.25000000000000  
 OBS            175
     305.71792728483337
     305.79899091131398
       1.00000000000000
 174 176 -1
obdef
loc3d
        4.95546148971009              0.67729393735082              6.17724800109863     -1
kind
     27     
    68400          153925     
        6.25000000000000  
 OBS            176
     304.39454591257578
     304.40897496203502
       1.00000000000000
 175 177 -1
obdef
loc3d
        4.92652723985629              0.69051382381431            146.04148864746091     -1
kind
     27     
    68400          153925     
        6.25000000000000  
 OBS            177
     305.49525561889823
     305.89224243286901
       1.00000000000000
 176 178 -1
obdef
loc3d
        4.96366005344362              0.66920346185787              6.00000000000000     -1
kind
     27     
    68400          153925     
        6.25000000000000  
 OBS            178
     303.75933344703765
     303.21473794682601
       1.00000000000000
 177 179 -1
obdef
loc3d
        4.97052949833720              0.66907739847133              8.84140872955322     -1
kind
     27     
    68400          153925     
        6.25000000000000  
 OBS            179
     303.97054344567698
     303.43879528383599
       1.00000000000000
 178 180 -1
obdef
loc3d
        4.95245337490985              0.69269329908122            116.45774841308589     -1
kind
     27     
    68400          153925     
        6.25000000000000  
 OBS            180
     303.76911555316877
     302.99135896099801
       1.00000000000000
 179 181 -1
obdef
loc3d
        4.94885353278042              0.69277717633329            144.09075927734381     -1
kind
     27     
    68400          153925     
        6.25000000000000  
 OBS            181
     303.19973567299098
     302.93699082119002
       1.00000000000000
 180 182 -1
obdef
loc3d
        4.94336975041274              0.69009669144632            168.92642211914060     -1
kind
     27     
    68400          153925     
        6.25000000000000  
 OBS            182
     307.54170519847895
     306.54103566540300
       1.00000000000000
 181 183 -1
obdef
loc3d
        4.93556788041953              0.67027828664670             15.00000000000000     -1
kind
     27     
    68400          153925     
        6.25000000000000  
 OBS            183
     307.50949837363214
     306.82033856322499
       1.00000000000000
 182 184 -1
obdef
loc3d
        4.94033180527593              0.67113295277478             15.00000000000000     -1
kind
     27     
    68400          153925     
        6.25000000000000  
 OBS            184
     304.49454157678343
     303.89703548289401
       1.00000000000000
 183 185 -1
obdef
loc3d
        4.94303858410231              0.67245219021673             45.31371688842773     -1
kind
     27     
    68400          153925     
        6.25000000000000  
 OBS            185
     302.74555911324143
     303.86964104227297
       1.00000000000000
 184 186 -1
obdef
loc3d
        4.94353452184302              0.67563108019985             33.40631103515625     -1
kind
     27     
    68400          153925     
        6.25000000000000  
 OBS            186
     303.30562501495098
     302.91692965441001
       1.00000000000000
 185 187 -1
obdef
loc3d
        4.94374389829480              0.67833415521310             29.86422538757324     -1
kind
     27     
    68400          153925     
        6.25000000000000  
 OBS            187
     303.68133521366707
     303.67558416576497
       1.00000000000000
 186 188 -1
obdef
loc3d
        4.94273365028682              0.68737244152012            176.80966186523440     -1
kind
     27     
    68400          153925     
        6.25000000000000  
 OBS            188
     301.41779408389760
     302.11029795733702
       1.00000000000000
 187 189 -1
obdef
loc3d
        4.92701506510552              0.68724654189208            235.55827331542969     -1
kind
     27     
    68400          153925     
        6.25000000000000  
 OBS            189
     302.30542077027076
     303.57463721479701
       1.00000000000000
 188 190 -1
obdef
loc3d
        4.93770287749180              0.68559892863867            149.84144592285159     -1
kind
     27     
    68400          153925     
        6.25000000000000  
 OBS            190
     301.46483169296323
     302.74001717226099
       1.00000000000000
 189 191 -1
obdef
loc3d
        4.92849072850511              0.69275166570057            196.64169311523440     -1
kind
     27     
    68400          153925     
        6.25000000000000  
 OBS            191
     302.76733925576315
     302.62634731191298
       1.00000000000000
 190 192 -1
obdef
loc3d
        4.94704606827608              0.66890083993760             30.00000000000000     -1
kind
     27     
    68400          153925     
        6.25000000000000  
 OBS            192
     300.74665310548721
     302.09720735885497
       1.00000000000000
 191 193 -1
obdef
loc3d
        4.93215285315783              0.69272179551745            405.54205322265619     -1
kind
     27     
    68400          153925     
        6.25000000000000  
 OBS            193
     305.26082911143237
     304.92303781057399
       1.00000000000000
 192 194 -1
obdef
loc3d
        4.93041137291484              0.68610286792166             95.01055908203125     -1
kind
     27     
    68400          153925     
        6.25000000000000  
 OBS            194
     306.76552355295996
     306.93597177969002
       1.00000000000000
 193 195 -1
obdef
loc3d
        4.94340662813579              0.66912283370227             30.00000000000000     -1
kind
     27     
    68400          153925     
        6.25000000000000  
 OBS            195
     303.45485084654638
     303.49905174385799
       1.00000000000000
 194 196 -1
obdef
loc3d
        4.94246051140049              0.69284522685509            232.15176391601560     -1
kind
     27     
    68400          153925     
        6.25000000000000  
 OBS            196
     303.88233844781820
     303.34633633919998
       1.00000000000000
 195 197 -1
obdef
loc3d
        4.94897278262263              0.68784055253573             58.60614395141602     -1
kind
     27     
    68400          153925     
        6.25000000000000  
 OBS            197
     302.12173038060712
     302.97949985211602
       1.00000000000000
 196 198 -1
obdef
loc3d
        4.94541527617556              0.68071005727643             33.77826690673828     -1
kind
     27     
    68400          153925     
        6.25000000000000  
 OBS            198
     302.39655635800409
     304.55819483470100
       1.00000000000000
 197 199 -1
obdef
loc3d
        4.93748800785195              0.67296050504062             44.45593643188477     -1
kind
     27     
    68400          153925     
        6.25000000000000  
 OBS            199
     305.26052352950711
     304.08850667922098
       1.00000000000000
 198 200 -1
obdef
loc3d
        4.93696530791536              0.69256666762304            156.90283203125000     -1
kind
     27     
    68400          153925     
        6.25000000000000  
 OBS            200
     302.26499812016021
     303.35454027314501
       1.00000000000000
 199 201 -1
obdef
loc3d
        4.92145179475246              0.69276808226809            165.77503967285159     -1
kind
     27     
    68400          153925     
        6.25000000000000  
 OBS            201
     302.38486679374688
     303.69566052195302
       1.00000000000000
 200 202 -1
obdef
loc3d
        4.93950672299123              0.68813471885857            177.40441894531250     -1
kind
     27     
    68400          153925     
        6.25000000000000  
 OBS            202
     303.34907222247409
     303.38046872638199
       1.00000000000000
 201 203 -1
obdef
loc3d
        4.93611382531472              0.68823817566222            173.73840332031250     -1
kind
     27     
    68400          153925     
        6.25000000000000  
 OBS            203
     304.20346915869840
     303.06655312085798
       1.00000000000000
 202 204 -1
obdef
loc3d
        4.94685988234341              0.69028594514941            170.37097167968750     -1
kind
     27     
    68400          153925     
        6.25000000000000  
 OBS            204
     303.89976717363845
     304.21860270548598
       1.00000000000000
 203 205 -1
obdef
loc3d
        4.93440797857224              0.69076858072881            137.08886718750000     -1
kind
     27     
    68400          153925     
        6.25000000000000  
 OBS            205
     306.26116618965227
     303.42786757902502
       1.00000000000000
 204 206 -1
obdef
loc3d
        4.93397023736678              0.68569719666510            120.48287200927730     -1
kind
     27     
    68400          153925     
        6.25000000000000  
 OBS            206
     306.58366627291093
     306.23947443453199
       1.00000000000000
 205 207 -1
obdef
loc3d
        4.96098036034072              0.67790128169477             17.24609375000000     -1
kind
     27     
    68400          153925     
        6.25000000000000  
 OBS            207
     305.42366951213353
     304.59982865843199
       1.00000000000000
 206 208 -1
obdef
loc3d
        4.95746178551042              0.68576241061300             17.20619201660156     -1
kind
     27     
    68400          153925     
        6.25000000000000  
 OBS            208
     299.55678963180259
     301.22750658471000
       1.00000000000000
 207 209 -1
obdef
loc3d
        4.96821528454312              0.66626811336639              8.93466186523438     -1
kind
     27     
    68400          153925     
        6.25000000000000  
 OBS            209
     305.79901154985231
     305.69651334038502
       1.00000000000000
 208 210 -1
obdef
loc3d
        4.95821139545160              0.68356985009176             15.00000000000000     -1
kind
     27     
    68400          153925     
        6.25000000000000  
 OBS            210
     305.67874786162935
     306.03412425108399
       1.00000000000000
 209 211 -1
obdef
loc3d
        4.95929084301108              0.67289450711582              9.91464328765869     -1
kind
     27     
    68400          153925     
        6.25000000000000  
 OBS            211
     305.73481694303166
     304.96389960066801
       1.00000000000000
 210 212 -1
obdef
loc3d
        4.95884231318174              0.67566319569297             12.79061889648438     -1
kind
     27     
    68400          153925     
        6.25000000000000  
 OBS            212
     305.43582604840213
     306.35834531491599
       1.00000000000000
 211 213 -1
obdef
loc3d
        4.96068172506451              0.68176493518182             14.00000000000000     -1
kind
     27     
    68400          153925     
        6.25000000000000  
 OBS            213
     305.44436490463414
     305.70743370098000
       1.00000000000000
 212 214 -1
obdef
loc3d
        4.96044430349621              0.68522255501691             15.00000000000000     -1
kind
     27     
    68400          153925     
        6.25000000000000  
 OBS            214
     305.83754119573257
     304.89088791416998
       1.00000000000000
 213 215 -1
obdef
loc3d
        4.95653505007277              0.68174821287482             15.07347202301025     -1
kind
     27     
    68400          153925     
        6.25000000000000  
 OBS            215
     305.81173908353821
     306.59456917899001
       1.00000000000000
 214 216 -1
obdef
loc3d
        4.96521948188739              0.66389255790081              6.10258388519287     -1
kind
     27     
    68400          153925     
        6.25000000000000  
 OBS            216
     304.42739821520877
     304.67200591449603
       1.00000000000000
 215 217 -1
obdef
loc3d
        4.96720461139216              0.67033432936439             12.91210937500000     -1
kind
     27     
    68400          153925     
        6.25000000000000  
 OBS            217
     305.32618591803651
     304.71007827986301
       1.00000000000000
 216 218 -1
obdef
loc3d
        4.96018888249816              0.68814255256013             15.00000000000000     -1
kind
     27     
    68400          153925     
        6.25000000000000  
 OBS            218
     302.58736450936397
     302.75777112072598
       1.00000000000000
 217 219 -1
obdef
loc3d
        4.95410557213704              0.69029785801799             54.42578125000000     -1
kind
     27     
    68400          153925     
        6.25000000000000  
 OBS            219
     303.21669219448614
     303.44142868194501
       1.00000000000000
 218 220 -1
obdef
loc3d
        4.95508230192316              0.68705689194968              9.08530712127686     -1
kind
     27     
    68400          153925     
        6.25000000000000  
 OBS            220
     300.90053368903057
     299.93556761018601
       1.00000000000000
 219 221 -1
obdef
loc3d
        4.89659470219302              0.68517541625982            824.84875488281250     -1
kind
     27     
    68400          153925     
        6.25000000000000  
 OBS            221
     301.04511002767208
     300.87883243670700
       1.00000000000000
 220 222 -1
obdef
loc3d
        4.89719607397323              0.69286120068011            493.76440429687500     -1
kind
     27     
    68400          153925     
        6.25000000000000  
 OBS            222
     304.77993613629258
     303.32024474074598
       1.00000000000000
 221 223 -1
obdef
loc3d
        4.91562721585699              0.69268557315466            290.85858154296881     -1
kind
     27     
    68400          153925     
        6.25000000000000  
 OBS            223
     299.49179234155633
     299.22895300807102
       1.00000000000000
 222 224 -1
obdef
loc3d
        4.89650463462054              0.68965598658767            806.96582031250000     -1
kind
     27     
    68400          153925     
        6.25000000000000  
 OBS            224
     301.01974217232066
     299.02409443319499
       1.00000000000000
 223 225 -1
obdef
loc3d
        4.90117724149658              0.69117926561099            769.23168945312500     -1
kind
     27     
    68400          153925     
        6.25000000000000  
 OBS            225
     302.90314013349541
     303.06783727011299
       1.00000000000000
 224 226 -1
obdef
loc3d
        4.91058697772938              0.69047364022544            228.45222473144531     -1
kind
     27     
    68400          153925     
        6.25000000000000  
 OBS            226
       0.03036306552979
       0.01031027671920
       1.00000000000000
 225 227 -1
obdef
loc3d
        4.90540352515539              0.69194112440599            606.33142089843750     -1
kind
     28     
    68400          153925     
        0.00206205534384  
 OBS            227
       0.00000000000000
       0.01197701910755
       1.00000000000000
 226 228 -1
obdef
loc3d
        4.94546412681761              0.68348353984884             17.75631332397461     -1
kind
     28     
    68400          153925     
        0.00239540382151  
 OBS            228
       0.00507562016935
       0.01312777418023
       1.00000000000000
 227 229 -1
obdef
loc3d
        4.94660974174000              0.67744857875853             29.35406684875488     -1
kind
     28     
    68400          153925     
        0.00262555483605  
 OBS            229
       0.01344545673642
       0.01160413772825
       1.00000000000000
 228 230 -1
obdef
loc3d
        4.94648126630843              0.68652865419204             54.82812500000000     -1
kind
     28     
    68400          153925     
        0.00232082754565  
 OBS            230
       0.01330320633630
       0.01251704428188
       1.00000000000000
 229 231 -1
obdef
loc3d
        4.94445426011379              0.68507566758975             62.61011505126953     -1
kind
     28     
    68400          153925     
        0.00250340885638  
 OBS            231
       0.00522981951447
       0.01183868878089
       1.00000000000000
 230 232 -1
obdef
loc3d
        4.94602055174578              0.68752162087271            134.15721130371091     -1
kind
     28     
    68400          153925     
        0.00236773775618  
 OBS            232
       0.04190908181417
       0.01187585084159
       1.00000000000000
 231 233 -1
obdef
loc3d
        4.94603912728501              0.67254511985829             35.00297546386719     -1
kind
     28     
    68400          153925     
        0.00237517016832  
 OBS            233
       0.00000000000000
       0.01029276467447
       1.00000000000000
 232 234 -1
obdef
loc3d
        4.95877904994953              0.67986585977255             17.04111671447754     -1
kind
     28     
    68400          153925     
        0.00205855293489  
 OBS            234
       0.00876643302570
       0.00990192923633
       1.00000000000000
 233 235 -1
obdef
loc3d
        4.93958042817759              0.69095160998657            226.13127136230469     -1
kind
     28     
    68400          153925     
        0.00198038584727  
 OBS            235
       0.01980051660929
       0.01092517670361
       1.00000000000000
 234 236 -1
obdef
loc3d
        4.95756313665553              0.69181797222864             89.84997558593750     -1
kind
     28     
    68400          153925     
        0.00218503534072  
 OBS            236
       0.02656323469436
       0.01067686693772
       1.00000000000000
 235 237 -1
obdef
loc3d
        4.94078657111844              0.67409210989409             60.81152343750000     -1
kind
     28     
    68400          153925     
        0.00213537338754  
 OBS            237
       0.00000000000000
       0.01048767577003
       1.00000000000000
 236 238 -1
obdef
loc3d
        4.95557846691255              0.67267262139613              1.00000000000000     -1
kind
     28     
    68400          153925     
        0.00209753515401  
 OBS            238
       0.01240757316169
       0.01073433441907
       1.00000000000000
 237 239 -1
obdef
loc3d
        4.93193348448080              0.68856418981073            106.00000000000000     -1
kind
     28     
    68400          153925     
        0.00214686688381  
 OBS            239
       0.00589418307067
       0.01016409711940
       1.00000000000000
 238 240 -1
obdef
loc3d
        4.89970838141578              0.68765245249877            785.09423828125000     -1
kind
     28     
    68400          153925     
        0.00203281942388  
 OBS            240
       0.02936859720839
       0.01141641999414
       1.00000000000000
 239 241 -1
obdef
loc3d
        4.95026814558372              0.68993059237416             93.11567687988281     -1
kind
     28     
    68400          153925     
        0.00228328399883  
 OBS            241
       0.00000000000000
       0.01122095075057
       1.00000000000000
 240 242 -1
obdef
loc3d
        4.94174512165160              0.68484635226999            116.56585693359381     -1
kind
     28     
    68400          153925     
        0.00224419015011  
 OBS            242
       0.02376036204681
       0.01170706549276
       1.00000000000000
 241 243 -1
obdef
loc3d
        4.95420735021482              0.68473663912788             15.00000000000000     -1
kind
     28     
    68400          153925     
        0.00234141309855  
 OBS            243
       0.01751338005399
       0.01087840309341
       1.00000000000000
 242 244 -1
obdef
loc3d
        4.93477042118681              0.68310638816012            118.89588928222661     -1
kind
     28     
    68400          153925     
        0.00217568061868  
 OBS            244
       0.00930571463896
       0.01118979938762
       1.00000000000000
 243 245 -1
obdef
loc3d
        4.93795631029682              0.68276407673392            144.94107055664060     -1
kind
     28     
    68400          153925     
        0.00223795987752  
 OBS            245
       0.02761598747257
       0.01177380670485
       1.00000000000000
 244 246 -1
obdef
loc3d
        4.94001671685736              0.68064929967652             43.67281723022461     -1
kind
     28     
    68400          153925     
        0.00235476134097  
 OBS            246
       0.00529819253340
       0.01117694432258
       1.00000000000000
 245 247 -1
obdef
loc3d
        4.94058460161740              0.67807181314514             70.17810058593750     -1
kind
     28     
    68400          153925     
        0.00223538886452  
 OBS            247
       0.01867701923493
       0.01221242913786
       1.00000000000000
 246 248 -1
obdef
loc3d
        4.95423295419494              0.68033176843505              3.71636104583740     -1
kind
     28     
    68400          153925     
        0.00244248582757  
 OBS            248
       0.00000000000000
       0.01304924777225
       1.00000000000000
 247 249 -1
obdef
loc3d
        4.94926894458696              0.66642585587446             10.91526031494141     -1
kind
     28     
    68400          153925     
        0.00260984955445  
 OBS            249
       0.00647282742398
       0.01048643029042
       1.00000000000000
 248 250 -1
obdef
loc3d
        4.96223480186848              0.66700036066835              5.00000000000000     -1
kind
     28     
    68400          153925     
        0.00209728605808  
 OBS            250
       0.02083006501705
       0.01085557750918
       1.00000000000000
 249 251 -1
obdef
loc3d
        4.95546148971009              0.67729393735082              6.17724800109863     -1
kind
     28     
    68400          153925     
        0.00217111550184  
 OBS            251
       0.00655134987470
       0.00992940025223
       1.00000000000000
 250 252 -1
obdef
loc3d
        4.92652723985629              0.69051382381431            146.04148864746091     -1
kind
     28     
    68400          153925     
        0.00198588005045  
 OBS            252
       0.03096172396051
       0.01041944030641
       1.00000000000000
 251 253 -1
obdef
loc3d
        4.96366005344362              0.66920346185787              6.00000000000000     -1
kind
     28     
    68400          153925     
        0.00208388806128  
 OBS            253
       0.01965259819621
       0.01451329733086
       1.00000000000000
 252 254 -1
obdef
loc3d
        4.97052949833720              0.66907739847133              8.84140872955322     -1
kind
     28     
    68400          153925     
        0.00290265946617  
 OBS            254
       0.01167516138364
       0.00926940947172
       1.00000000000000
 253 255 -1
obdef
loc3d
        4.95245337490985              0.69269329908122            116.45774841308589     -1
kind
     28     
    68400          153925     
        0.00185388189434  
 OBS            255
       0.01336362776173
       0.00922939196509
       1.00000000000000
 254 256 -1
obdef
loc3d
        4.94885353278042              0.69277717633329            144.09075927734381     -1
kind
     28     
    68400          153925     
        0.00184587839302  
 OBS            256
       0.00510661748115
       0.01069680686511
       1.00000000000000
 255 257 -1
obdef
loc3d
        4.94336975041274              0.69009669144632            168.92642211914060     -1
kind
     28     
    68400          153925     
        0.00213936137302  
 OBS            257
       0.01039116852389
       0.01166152420660
       1.00000000000000
 256 258 -1
obdef
loc3d
        4.93556788041953              0.67027828664670             15.00000000000000     -1
kind
     28     
    68400          153925     
        0.00233230484132  
 OBS            258
       0.00383126760182
       0.01093947654040
       1.00000000000000
 257 259 -1
obdef
loc3d
        4.94033180527593              0.67113295277478             15.00000000000000     -1
kind
     28     
    68400          153925     
        0.00218789530808  
 OBS            259
       0.02196327286276
       0.01159023791799
       1.00000000000000
 258 260 -1
obdef
loc3d
        4.94303858410231              0.67245219021673             45.31371688842773     -1
kind
     28     
    68400          153925     
        0.00231804758360  
 OBS            260
       0.01647595126572
       0.01227420862244
       1.00000000000000
 259 261 -1
obdef
loc3d
        4.94353452184302              0.67563108019985             33.40631103515625     -1
kind
     28     
    68400          153925     
        0.00245484172449  
 OBS            261
       0.01931238484599
       0.01220875884666
       1.00000000000000
 260 262 -1
obdef
loc3d
        4.94374389829480              0.67833415521310             29.86422538757324     -1
kind
     28     
    68400          153925     
        0.00244175176933  
 OBS            262
       0.00198366782782
       0.01114776899699
       1.00000000000000
 261 263 -1
obdef
loc3d
        4.94273365028682              0.68737244152012            176.80966186523440     -1
kind
     28     
    68400          153925     
        0.00222955379940  
 OBS            263
       0.00493739937414
       0.01113774616585
       1.00000000000000
 262 264 -1
obdef
loc3d
        4.92701506510552              0.68724654189208            235.55827331542969     -1
kind
     28     
    68400          153925     
        0.00222754923317  
 OBS            264
       0.01973370329829
       0.01098691490026
       1.00000000000000
 263 265 -1
obdef
loc3d
        4.93770287749180              0.68559892863867            149.84144592285159     -1
kind
     28     
    68400          153925     
        0.00219738298005  
 OBS            265
       0.00512131411054
       0.00845383578890
       1.00000000000000
 264 266 -1
obdef
loc3d
        4.92849072850511              0.69275166570057            196.64169311523440     -1
kind
     28     
    68400          153925     
        0.00169076715778  
 OBS            266
       0.00195239205738
       0.01249191756128
       1.00000000000000
 265 267 -1
obdef
loc3d
        4.94704606827608              0.66890083993760             30.00000000000000     -1
kind
     28     
    68400          153925     
        0.00249838351226  
 OBS            267
       0.00000000000000
       0.00884566708538
       1.00000000000000
 266 268 -1
obdef
loc3d
        4.93215285315783              0.69272179551745            405.54205322265619     -1
kind
     28     
    68400          153925     
        0.00176913341708  
 OBS            268
       0.03656741845991
       0.01066005440414
       1.00000000000000
 267 269 -1
obdef
loc3d
        4.93041137291484              0.68610286792166             95.01055908203125     -1
kind
     28     
    68400          153925     
        0.00213201088083  
 OBS            269
       0.03698728222092
       0.01081512492828
       1.00000000000000
 268 270 -1
obdef
loc3d
        4.94340662813579              0.66912283370227             30.00000000000000     -1
kind
     28     
    68400          153925     
        0.00216302498566  
 OBS            270
       0.00000000000000
       0.00875091328142
       1.00000000000000
 269 271 -1
obdef
loc3d
        4.94246051140049              0.69284522685509            232.15176391601560     -1
kind
     28     
    68400          153925     
        0.00175018265628  
 OBS            271
       0.00000000000000
       0.01196238498789
       1.00000000000000
 270 272 -1
obdef
loc3d
        4.94897278262263              0.68784055253573             58.60614395141602     -1
kind
     28     
    68400          153925     
        0.00239247699758  
 OBS            272
       0.00075223167614
       0.01273822652845
       1.00000000000000
 271 273 -1
obdef
loc3d
        4.94541527617556              0.68071005727643             33.77826690673828     -1
kind
     28     
    68400          153925     
        0.00254764530569  
 OBS            273
       0.00662463033730
       0.01123869864104
       1.00000000000000
 272 274 -1
obdef
loc3d
        4.93748800785195              0.67296050504062             44.45593643188477     -1
kind
     28     
    68400          153925     
        0.00224773972821  
 OBS            274
       0.01657905375553
       0.00819393859380
       1.00000000000000
 273 275 -1
obdef
loc3d
        4.93696530791536              0.69256666762304            156.90283203125000     -1
kind
     28     
    68400          153925     
        0.00163878771876  
 OBS            275
       0.00882829189002
       0.00985515507178
       1.00000000000000
 274 276 -1
obdef
loc3d
        4.92145179475246              0.69276808226809            165.77503967285159     -1
kind
     28     
    68400          153925     
        0.00197103101436  
 OBS            276
       0.01123208968600
       0.01069718086105
       1.00000000000000
 275 277 -1
obdef
loc3d
        4.93950672299123              0.68813471885857            177.40441894531250     -1
kind
     28     
    68400          153925     
        0.00213943617221  
 OBS            277
       0.00965639009508
       0.01057423945327
       1.00000000000000
 276 278 -1
obdef
loc3d
        4.93611382531472              0.68823817566222            173.73840332031250     -1
kind
     28     
    68400          153925     
        0.00211484789065  
 OBS            278
       0.00000000000000
       0.01026650288373
       1.00000000000000
 277 279 -1
obdef
loc3d
        4.94685988234341              0.69028594514941            170.37097167968750     -1
kind
     28     
    68400          153925     
        0.00205330057675  
 OBS            279
       0.01876937381322
       0.00958657735502
       1.00000000000000
 278 280 -1
obdef
loc3d
        4.93440797857224              0.69076858072881            137.08886718750000     -1
kind
     28     
    68400          153925     
        0.00191731547100  
 OBS            280
       0.00058590749368
       0.01127516058451
       1.00000000000000
 279 281 -1
obdef
loc3d
        4.93397023736678              0.68569719666510            120.48287200927730     -1
kind
     28     
    68400          153925     
        0.00225503211690  
 OBS            281
       0.02508759737128
       0.01020729826935
       1.00000000000000
 280 282 -1
obdef
loc3d
        4.96098036034072              0.67790128169477             17.24609375000000     -1
kind
     28     
    68400          153925     
        0.00204145965387  
 OBS            282
       0.02324320723797
       0.01145522088335
       1.00000000000000
 281 283 -1
obdef
loc3d
        4.95746178551042              0.68576241061300             17.20619201660156     -1
kind
     28     
    68400          153925     
        0.00229104417667  
 OBS            283
       0.00273604728605
       0.01490612103106
       1.00000000000000
 282 284 -1
obdef
loc3d
        4.96821528454312              0.66626811336639              8.93466186523438     -1
kind
     28     
    68400          153925     
        0.00298122420621  
 OBS            284
       0.01291109263615
       0.01105542301809
       1.00000000000000
 283 285 -1
obdef
loc3d
        4.95821139545160              0.68356985009176             15.00000000000000     -1
kind
     28     
    68400          153925     
        0.00221108460362  
 OBS            285
       0.01639489387000
       0.01044721281519
       1.00000000000000
 284 286 -1
obdef
loc3d
        4.95929084301108              0.67289450711582              9.91464328765869     -1
kind
     28     
    68400          153925     
        0.00208944256304  
 OBS            286
       0.00634351215721
       0.01017850571680
       1.00000000000000
 285 287 -1
obdef
loc3d
        4.95884231318174              0.67566319569297             12.79061889648438     -1
kind
     28     
    68400          153925     
        0.00203570114336  
 OBS            287
       0.01277428550617
       0.01037448191678
       1.00000000000000
 286 288 -1
obdef
loc3d
        4.96068172506451              0.68176493518182             14.00000000000000     -1
kind
     28     
    68400          153925     
        0.00207489638336  
 OBS            288
       0.02225998415103
       0.01062552030157
       1.00000000000000
 287 289 -1
obdef
loc3d
        4.96044430349621              0.68522255501691             15.00000000000000     -1
kind
     28     
    68400          153925     
        0.00212510406031  
 OBS            289
       0.01204626987777
       0.01156996159777
       1.00000000000000
 288 290 -1
obdef
loc3d
        4.95653505007277              0.68174821287482             15.07347202301025     -1
kind
     28     
    68400          153925     
        0.00231399231955  
 OBS            290
       0.00130917051476
       0.00978779956864
       1.00000000000000
 289 291 -1
obdef
loc3d
        4.96521948188739              0.66389255790081              6.10258388519287     -1
kind
     28     
    68400          153925     
        0.00195755991373  
 OBS            291
       0.01198056140258
       0.01099095323859
       1.00000000000000
 290 292 -1
obdef
loc3d
        4.96720461139216              0.67033432936439             12.91210937500000     -1
kind
     28     
    68400          153925     
        0.00219819064772  
 OBS            292
       0.00000000000000
       0.01119866402854
       1.00000000000000
 291 293 -1
obdef
loc3d
        4.96018888249816              0.68814255256013             15.00000000000000     -1
kind
     28     
    68400          153925     
        0.00223973280571  
 OBS            293
       0.00532009202196
       0.01145256043252
       1.00000000000000
 292 294 -1
obdef
loc3d
        4.95410557213704              0.69029785801799             54.42578125000000     -1
kind
     28     
    68400          153925     
        0.00229051208650  
 OBS            294
       0.00000000000000
       0.01220895355254
       1.00000000000000
 293 295 -1
obdef
loc3d
        4.95508230192316              0.68705689194968              9.08530712127686     -1
kind
     28     
    68400          153925     
        0.00244179071051  
 OBS            295
       0.00000000000000
       0.00941416874150
       1.00000000000000
 294 296 -1
obdef
loc3d
        4.89659470219302              0.68517541625982            824.84875488281250     -1
kind
     28     
    68400          153925     
        0.00188283374830  
 OBS            296
       0.01350531201309
       0.01003446792973
       1.00000000000000
 295 297 -1
obdef
loc3d
        4.89719607397323              0.69286120068011            493.76440429687500     -1
kind
     28     
    68400          153925     
        0.00200689358595  
 OBS            297
       0.00284093166645
       0.01022800513524
       1.00000000000000
 296 298 -1
obdef
loc3d
        4.91562721585699              0.69268557315466            290.85858154296881     -1
kind
     28     
    68400          153925     
        0.00204560102705  
 OBS            298
       0.01592784077358
       0.01024710611973
       1.00000000000000
 297 299 -1
obdef
loc3d
        4.89650463462054              0.68965598658767            806.96582031250000     -1
kind
     28     
    68400          153925     
        0.00204942122395  
 OBS            299
       0.01168991922246
       0.01019555627872
       1.00000000000000
 298 300 -1
obdef
loc3d
        4.90117724149658              0.69117926561099            769.23168945312500     -1
kind
     28     
    68400          153925     
        0.00203911125574  
 OBS            300
       0.00203027542943
       0.01049457170006
       1.00000000000000
 299 -1 -1
obdef
loc3d
        4.91058697772938              0.69047364022544            228.45222473144531     -1
kind
     28     
    68400          153925     
        0.00209891434001  
