 obs_sequence
obs_kind_definitions
       4
    25          LAND_SFC_U_WIND_COMPONENT   
    26          LAND_SFC_V_WIND_COMPONENT   
    27          LAND_SFC_TEMPERATURE   
    28          LAND_SFC_SPECIFIC_HUMIDITY   
  num_copies:            2  num_qc:            1
 num_obs:       300  max_num_obs:       300
observations
truth
QC radar
  first:            1  last:       300
 OBS            1
       3.69332986979575
      -0.15463244433976
       1.00000000000000
 -1 2 -1
obdef
loc3d
        4.90540352515539              0.69194112440599            606.33142089843750     -1
kind
     25     
    63900          153925     
       12.25000000000000  
 OBS            2
       7.51420928422083
       1.44994661016178
       1.00000000000000
 1 3 -1
obdef
loc3d
        4.94546412681761              0.68348353984884             17.75631332397461     -1
kind
     25     
    63900          153925     
       12.25000000000000  
 OBS            3
       4.77833815947327
       0.34347947599545
       1.00000000000000
 2 4 -1
obdef
loc3d
        4.94660974174000              0.67744857875853             29.35406684875488     -1
kind
     25     
    63900          153925     
       12.25000000000000  
 OBS            4
       0.77948946079301
       1.72584925496537
       1.00000000000000
 3 5 -1
obdef
loc3d
        4.94648126630843              0.68652865419204             54.82812500000000     -1
kind
     25     
    63900          153925     
       12.25000000000000  
 OBS            5
       0.48195389251114
      -1.28424833626134
       1.00000000000000
 4 6 -1
obdef
loc3d
        4.94445426011379              0.68507566758975             62.61011505126953     -1
kind
     25     
    63900          153925     
       12.25000000000000  
 OBS            6
       3.61362142554087
       1.61565864770025
       1.00000000000000
 5 7 -1
obdef
loc3d
        4.94602055174578              0.68752162087271            134.15721130371091     -1
kind
     25     
    63900          153925     
       12.25000000000000  
 OBS            7
      -4.00272364834477
      -1.32165666846558
       1.00000000000000
 6 8 -1
obdef
loc3d
        4.94603912728501              0.67254511985829             35.00297546386719     -1
kind
     25     
    63900          153925     
       12.25000000000000  
 OBS            8
       0.22498330316645
       3.98673848709703
       1.00000000000000
 7 9 -1
obdef
loc3d
        4.95877904994953              0.67986585977255             17.04111671447754     -1
kind
     25     
    63900          153925     
       12.25000000000000  
 OBS            9
       4.70683394785203
       2.66138863281091
       1.00000000000000
 8 10 -1
obdef
loc3d
        4.93958042817759              0.69095160998657            226.13127136230469     -1
kind
     25     
    63900          153925     
       12.25000000000000  
 OBS            10
       4.51680755262736
       2.91894344383779
       1.00000000000000
 9 11 -1
obdef
loc3d
        4.95756313665553              0.69181797222864             89.84997558593750     -1
kind
     25     
    63900          153925     
       12.25000000000000  
 OBS            11
      -4.03333183871445
       1.46107542750366
       1.00000000000000
 10 12 -1
obdef
loc3d
        4.94078657111844              0.67409210989409             60.81152343750000     -1
kind
     25     
    63900          153925     
       12.25000000000000  
 OBS            12
       1.75030780441640
       2.61918408960562
       1.00000000000000
 11 13 -1
obdef
loc3d
        4.95557846691255              0.67267262139613              1.00000000000000     -1
kind
     25     
    63900          153925     
       12.25000000000000  
 OBS            13
       2.76619814714390
       2.53553363156554
       1.00000000000000
 12 14 -1
obdef
loc3d
        4.93193348448080              0.68856418981073            106.00000000000000     -1
kind
     25     
    63900          153925     
       12.25000000000000  
 OBS            14
       9.03868498060976
       4.03739959355807
       1.00000000000000
 13 15 -1
obdef
loc3d
        4.89970838141578              0.68765245249877            785.09423828125000     -1
kind
     25     
    63900          153925     
       12.25000000000000  
 OBS            15
       0.17509797214099
       1.40546566278268
       1.00000000000000
 14 16 -1
obdef
loc3d
        4.95026814558372              0.68993059237416             93.11567687988281     -1
kind
     25     
    63900          153925     
       12.25000000000000  
 OBS            16
       2.80743080339827
       2.40213176720910
       1.00000000000000
 15 17 -1
obdef
loc3d
        4.94174512165160              0.68484635226999            116.56585693359381     -1
kind
     25     
    63900          153925     
       12.25000000000000  
 OBS            17
       3.48796643335299
       3.37701325203723
       1.00000000000000
 16 18 -1
obdef
loc3d
        4.95420735021482              0.68473663912788             15.00000000000000     -1
kind
     25     
    63900          153925     
       12.25000000000000  
 OBS            18
       2.89493594699801
       2.22343154930623
       1.00000000000000
 17 19 -1
obdef
loc3d
        4.93477042118681              0.68310638816012            118.89588928222661     -1
kind
     25     
    63900          153925     
       12.25000000000000  
 OBS            19
      -2.51398516580713
       1.03842625588752
       1.00000000000000
 18 20 -1
obdef
loc3d
        4.93795631029682              0.68276407673392            144.94107055664060     -1
kind
     25     
    63900          153925     
       12.25000000000000  
 OBS            20
       0.64746811162808
       1.84948596725408
       1.00000000000000
 19 21 -1
obdef
loc3d
        4.94001671685736              0.68064929967652             43.67281723022461     -1
kind
     25     
    63900          153925     
       12.25000000000000  
 OBS            21
       3.59444588277752
       2.10947034879036
       1.00000000000000
 20 22 -1
obdef
loc3d
        4.94058460161740              0.67807181314514             70.17810058593750     -1
kind
     25     
    63900          153925     
       12.25000000000000  
 OBS            22
       5.87584934660342
       3.19825489453163
       1.00000000000000
 21 23 -1
obdef
loc3d
        4.95423295419494              0.68033176843505              3.71636104583740     -1
kind
     25     
    63900          153925     
       12.25000000000000  
 OBS            23
      -4.37665126754992
      -4.10491804626653
       1.00000000000000
 22 24 -1
obdef
loc3d
        4.94926894458696              0.66642585587446             10.91526031494141     -1
kind
     25     
    63900          153925     
       12.25000000000000  
 OBS            24
      -1.14720263889493
       3.56951683878809
       1.00000000000000
 23 25 -1
obdef
loc3d
        4.96223480186848              0.66700036066835              5.00000000000000     -1
kind
     25     
    63900          153925     
       12.25000000000000  
 OBS            25
       5.29345822102393
       3.30249604912489
       1.00000000000000
 24 26 -1
obdef
loc3d
        4.95546148971009              0.67729393735082              6.17724800109863     -1
kind
     25     
    63900          153925     
       12.25000000000000  
 OBS            26
       6.67783913157319
       1.29124967473478
       1.00000000000000
 25 27 -1
obdef
loc3d
        4.92652723985629              0.69051382381431            146.04148864746091     -1
kind
     25     
    63900          153925     
       12.25000000000000  
 OBS            27
       2.78719950775018
       2.54347106002630
       1.00000000000000
 26 28 -1
obdef
loc3d
        4.96366005344362              0.66920346185787              6.00000000000000     -1
kind
     25     
    63900          153925     
       12.25000000000000  
 OBS            28
      -0.31981580125255
      -0.07785721205483
       1.00000000000000
 27 29 -1
obdef
loc3d
        4.97052949833720              0.66907739847133              8.84140872955322     -1
kind
     25     
    63900          153925     
       12.25000000000000  
 OBS            29
       1.34454316043784
       2.50563948240625
       1.00000000000000
 28 30 -1
obdef
loc3d
        4.95245337490985              0.69269329908122            116.45774841308589     -1
kind
     25     
    63900          153925     
       12.25000000000000  
 OBS            30
      -1.02077783828167
       2.56451114249209
       1.00000000000000
 29 31 -1
obdef
loc3d
        4.94885353278042              0.69277717633329            144.09075927734381     -1
kind
     25     
    63900          153925     
       12.25000000000000  
 OBS            31
       2.46880394510565
       2.35926866200098
       1.00000000000000
 30 32 -1
obdef
loc3d
        4.94336975041274              0.69009669144632            168.92642211914060     -1
kind
     25     
    63900          153925     
       12.25000000000000  
 OBS            32
       3.58663014498260
       1.94026819335781
       1.00000000000000
 31 33 -1
obdef
loc3d
        4.93556788041953              0.67027828664670             15.00000000000000     -1
kind
     25     
    63900          153925     
       12.25000000000000  
 OBS            33
       4.50419314368789
       2.93690147109504
       1.00000000000000
 32 34 -1
obdef
loc3d
        4.94033180527593              0.67113295277478             15.00000000000000     -1
kind
     25     
    63900          153925     
       12.25000000000000  
 OBS            34
       1.60472686039428
      -1.38124478758335
       1.00000000000000
 33 35 -1
obdef
loc3d
        4.94303858410231              0.67245219021673             45.31371688842773     -1
kind
     25     
    63900          153925     
       12.25000000000000  
 OBS            35
      -1.51412210876559
       0.09830817909685
       1.00000000000000
 34 36 -1
obdef
loc3d
        4.94353452184302              0.67563108019985             33.40631103515625     -1
kind
     25     
    63900          153925     
       12.25000000000000  
 OBS            36
       1.59698247558313
       0.54792353031781
       1.00000000000000
 35 37 -1
obdef
loc3d
        4.94374389829480              0.67833415521310             29.86422538757324     -1
kind
     25     
    63900          153925     
       12.25000000000000  
 OBS            37
       2.01834523923823
       2.49502385697869
       1.00000000000000
 36 38 -1
obdef
loc3d
        4.94273365028682              0.68737244152012            176.80966186523440     -1
kind
     25     
    63900          153925     
       12.25000000000000  
 OBS            38
      -0.48720600335633
       1.79428826120300
       1.00000000000000
 37 39 -1
obdef
loc3d
        4.92701506510552              0.68724654189208            235.55827331542969     -1
kind
     25     
    63900          153925     
       12.25000000000000  
 OBS            39
       2.59841113229569
       2.25868497951455
       1.00000000000000
 38 40 -1
obdef
loc3d
        4.93770287749180              0.68559892863867            149.84144592285159     -1
kind
     25     
    63900          153925     
       12.25000000000000  
 OBS            40
       4.06114729002636
       1.42742748054480
       1.00000000000000
 39 41 -1
obdef
loc3d
        4.92849072850511              0.69275166570057            196.64169311523440     -1
kind
     25     
    63900          153925     
       12.25000000000000  
 OBS            41
       0.82358042564451
      -3.09422092802655
       1.00000000000000
 40 42 -1
obdef
loc3d
        4.94704606827608              0.66890083993760             30.00000000000000     -1
kind
     25     
    63900          153925     
       12.25000000000000  
 OBS            42
       0.70816478299295
       2.07543721914250
       1.00000000000000
 41 43 -1
obdef
loc3d
        4.93215285315783              0.69272179551745            405.54205322265619     -1
kind
     25     
    63900          153925     
       12.25000000000000  
 OBS            43
       4.84408517271114
       1.99487424733773
       1.00000000000000
 42 44 -1
obdef
loc3d
        4.93041137291484              0.68610286792166             95.01055908203125     -1
kind
     25     
    63900          153925     
       12.25000000000000  
 OBS            44
       8.94172369628367
       2.84882030355908
       1.00000000000000
 43 45 -1
obdef
loc3d
        4.94340662813579              0.66912283370227             30.00000000000000     -1
kind
     25     
    63900          153925     
       12.25000000000000  
 OBS            45
      -2.41011399144212
       2.69324281413427
       1.00000000000000
 44 46 -1
obdef
loc3d
        4.94246051140049              0.69284522685509            232.15176391601560     -1
kind
     25     
    63900          153925     
       12.25000000000000  
 OBS            46
       5.09727979624675
       2.03013912920864
       1.00000000000000
 45 47 -1
obdef
loc3d
        4.94897278262263              0.68784055253573             58.60614395141602     -1
kind
     25     
    63900          153925     
       12.25000000000000  
 OBS            47
       4.69199974529721
       1.72714296268133
       1.00000000000000
 46 48 -1
obdef
loc3d
        4.94541527617556              0.68071005727643             33.77826690673828     -1
kind
     25     
    63900          153925     
       12.25000000000000  
 OBS            48
      -0.65849704665195
       2.31437977053429
       1.00000000000000
 47 49 -1
obdef
loc3d
        4.93748800785195              0.67296050504062             44.45593643188477     -1
kind
     25     
    63900          153925     
       12.25000000000000  
 OBS            49
       5.38239389385244
       3.13001447680091
       1.00000000000000
 48 50 -1
obdef
loc3d
        4.93696530791536              0.69256666762304            156.90283203125000     -1
kind
     25     
    63900          153925     
       12.25000000000000  
 OBS            50
       2.23737257749009
       0.80648788484080
       1.00000000000000
 49 51 -1
obdef
loc3d
        4.92145179475246              0.69276808226809            165.77503967285159     -1
kind
     25     
    63900          153925     
       12.25000000000000  
 OBS            51
       1.08952206870466
       2.63354436636306
       1.00000000000000
 50 52 -1
obdef
loc3d
        4.93950672299123              0.68813471885857            177.40441894531250     -1
kind
     25     
    63900          153925     
       12.25000000000000  
 OBS            52
       4.86074612788785
       2.55763646709575
       1.00000000000000
 51 53 -1
obdef
loc3d
        4.93611382531472              0.68823817566222            173.73840332031250     -1
kind
     25     
    63900          153925     
       12.25000000000000  
 OBS            53
       1.07011225926227
       2.38845755897202
       1.00000000000000
 52 54 -1
obdef
loc3d
        4.94685988234341              0.69028594514941            170.37097167968750     -1
kind
     25     
    63900          153925     
       12.25000000000000  
 OBS            54
       4.89661278643226
       2.10186989308343
       1.00000000000000
 53 55 -1
obdef
loc3d
        4.93440797857224              0.69076858072881            137.08886718750000     -1
kind
     25     
    63900          153925     
       12.25000000000000  
 OBS            55
       0.78521320099508
       2.00684014897679
       1.00000000000000
 54 56 -1
obdef
loc3d
        4.93397023736678              0.68569719666510            120.48287200927730     -1
kind
     25     
    63900          153925     
       12.25000000000000  
 OBS            56
       4.47275670561224
       3.94639450698973
       1.00000000000000
 55 57 -1
obdef
loc3d
        4.96098036034072              0.67790128169477             17.24609375000000     -1
kind
     25     
    63900          153925     
       12.25000000000000  
 OBS            57
       0.21527095561680
       3.73005007350725
       1.00000000000000
 56 58 -1
obdef
loc3d
        4.95746178551042              0.68576241061300             17.20619201660156     -1
kind
     25     
    63900          153925     
       12.25000000000000  
 OBS            58
       6.11205819012366
      -2.91605356458016
       1.00000000000000
 57 59 -1
obdef
loc3d
        4.96821528454312              0.66626811336639              8.93466186523438     -1
kind
     25     
    63900          153925     
       12.25000000000000  
 OBS            59
       2.80195702683904
       4.05639073715872
       1.00000000000000
 58 60 -1
obdef
loc3d
        4.95821139545160              0.68356985009176             15.00000000000000     -1
kind
     25     
    63900          153925     
       12.25000000000000  
 OBS            60
       5.24566499465651
       3.00647268927325
       1.00000000000000
 59 61 -1
obdef
loc3d
        4.95929084301108              0.67289450711582              9.91464328765869     -1
kind
     25     
    63900          153925     
       12.25000000000000  
 OBS            61
       4.32012002452855
       3.34860950442458
       1.00000000000000
 60 62 -1
obdef
loc3d
        4.95884231318174              0.67566319569297             12.79061889648438     -1
kind
     25     
    63900          153925     
       12.25000000000000  
 OBS            62
       0.95365182828303
       4.28307341900841
       1.00000000000000
 61 63 -1
obdef
loc3d
        4.96068172506451              0.68176493518182             14.00000000000000     -1
kind
     25     
    63900          153925     
       12.25000000000000  
 OBS            63
       4.80743455423016
       4.22017772783000
       1.00000000000000
 62 64 -1
obdef
loc3d
        4.96044430349621              0.68522255501691             15.00000000000000     -1
kind
     25     
    63900          153925     
       12.25000000000000  
 OBS            64
       6.73321384428793
       3.99386848525753
       1.00000000000000
 63 65 -1
obdef
loc3d
        4.95653505007277              0.68174821287482             15.07347202301025     -1
kind
     25     
    63900          153925     
       12.25000000000000  
 OBS            65
      -2.43550611457540
       3.04597241540588
       1.00000000000000
 64 66 -1
obdef
loc3d
        4.96521948188739              0.66389255790081              6.10258388519287     -1
kind
     25     
    63900          153925     
       12.25000000000000  
 OBS            66
      -0.00079851863715
       1.81124928013566
       1.00000000000000
 65 67 -1
obdef
loc3d
        4.96720461139216              0.67033432936439             12.91210937500000     -1
kind
     25     
    63900          153925     
       12.25000000000000  
 OBS            67
       1.97732087695231
       3.57535898749275
       1.00000000000000
 66 68 -1
obdef
loc3d
        4.96018888249816              0.68814255256013             15.00000000000000     -1
kind
     25     
    63900          153925     
       12.25000000000000  
 OBS            68
       3.61942783641380
       1.94237923334581
       1.00000000000000
 67 69 -1
obdef
loc3d
        4.95410557213704              0.69029785801799             54.42578125000000     -1
kind
     25     
    63900          153925     
       12.25000000000000  
 OBS            69
       5.03868060620884
       2.82911207327199
       1.00000000000000
 68 70 -1
obdef
loc3d
        4.95508230192316              0.68705689194968              9.08530712127686     -1
kind
     25     
    63900          153925     
       12.25000000000000  
 OBS            70
       4.06432803047770
       3.52862623707171
       1.00000000000000
 69 71 -1
obdef
loc3d
        4.89659470219302              0.68517541625982            824.84875488281250     -1
kind
     25     
    63900          153925     
       12.25000000000000  
 OBS            71
       8.76038522436100
       3.14970941499313
       1.00000000000000
 70 72 -1
obdef
loc3d
        4.89719607397323              0.69286120068011            493.76440429687500     -1
kind
     25     
    63900          153925     
       12.25000000000000  
 OBS            72
      -3.20959418115087
      -1.43592585071956
       1.00000000000000
 71 73 -1
obdef
loc3d
        4.91562721585699              0.69268557315466            290.85858154296881     -1
kind
     25     
    63900          153925     
       12.25000000000000  
 OBS            73
       1.90487931667014
       3.17876011671037
       1.00000000000000
 72 74 -1
obdef
loc3d
        4.89650463462054              0.68965598658767            806.96582031250000     -1
kind
     25     
    63900          153925     
       12.25000000000000  
 OBS            74
      -2.89578365632941
       2.37532397697192
       1.00000000000000
 73 75 -1
obdef
loc3d
        4.90117724149658              0.69117926561099            769.23168945312500     -1
kind
     25     
    63900          153925     
       12.25000000000000  
 OBS            75
       1.82872633929725
       1.56483232085405
       1.00000000000000
 74 76 -1
obdef
loc3d
        4.91058697772938              0.69047364022544            228.45222473144531     -1
kind
     25     
    63900          153925     
       12.25000000000000  
 OBS            76
      -4.40442331336578
       0.80793593937053
       1.00000000000000
 75 77 -1
obdef
loc3d
        4.90540352515539              0.69194112440599            606.33142089843750     -1
kind
     26     
    63900          153925     
       12.25000000000000  
 OBS            77
       2.29866459235533
       2.88105852741604
       1.00000000000000
 76 78 -1
obdef
loc3d
        4.94546412681761              0.68348353984884             17.75631332397461     -1
kind
     26     
    63900          153925     
       12.25000000000000  
 OBS            78
       4.19857119318860
       0.23977496128307
       1.00000000000000
 77 79 -1
obdef
loc3d
        4.94660974174000              0.67744857875853             29.35406684875488     -1
kind
     26     
    63900          153925     
       12.25000000000000  
 OBS            79
      -3.10636311494460
      -0.02313247690507
       1.00000000000000
 78 80 -1
obdef
loc3d
        4.94648126630843              0.68652865419204             54.82812500000000     -1
kind
     26     
    63900          153925     
       12.25000000000000  
 OBS            80
       3.89909057236012
       0.94034315019319
       1.00000000000000
 79 81 -1
obdef
loc3d
        4.94445426011379              0.68507566758975             62.61011505126953     -1
kind
     26     
    63900          153925     
       12.25000000000000  
 OBS            81
      -0.47292062120129
      -0.50045685596603
       1.00000000000000
 80 82 -1
obdef
loc3d
        4.94602055174578              0.68752162087271            134.15721130371091     -1
kind
     26     
    63900          153925     
       12.25000000000000  
 OBS            82
       2.01687595531431
       0.76830138358799
       1.00000000000000
 81 83 -1
obdef
loc3d
        4.94603912728501              0.67254511985829             35.00297546386719     -1
kind
     26     
    63900          153925     
       12.25000000000000  
 OBS            83
       1.47075779432953
       0.31338065439340
       1.00000000000000
 82 84 -1
obdef
loc3d
        4.95877904994953              0.67986585977255             17.04111671447754     -1
kind
     26     
    63900          153925     
       12.25000000000000  
 OBS            84
      -0.52810532801345
      -0.56001438061678
       1.00000000000000
 83 85 -1
obdef
loc3d
        4.93958042817759              0.69095160998657            226.13127136230469     -1
kind
     26     
    63900          153925     
       12.25000000000000  
 OBS            85
      -2.26437768684064
      -0.92104524883930
       1.00000000000000
 84 86 -1
obdef
loc3d
        4.95756313665553              0.69181797222864             89.84997558593750     -1
kind
     26     
    63900          153925     
       12.25000000000000  
 OBS            86
       1.81868894579671
       1.20243492817552
       1.00000000000000
 85 87 -1
obdef
loc3d
        4.94078657111844              0.67409210989409             60.81152343750000     -1
kind
     26     
    63900          153925     
       12.25000000000000  
 OBS            87
      -2.72120438801364
      -1.69742419148838
       1.00000000000000
 86 88 -1
obdef
loc3d
        4.95557846691255              0.67267262139613              1.00000000000000     -1
kind
     26     
    63900          153925     
       12.25000000000000  
 OBS            88
      -1.89930967570983
      -0.12216143960047
       1.00000000000000
 87 89 -1
obdef
loc3d
        4.93193348448080              0.68856418981073            106.00000000000000     -1
kind
     26     
    63900          153925     
       12.25000000000000  
 OBS            89
       1.14321227575127
       0.06425560880697
       1.00000000000000
 88 90 -1
obdef
loc3d
        4.89970838141578              0.68765245249877            785.09423828125000     -1
kind
     26     
    63900          153925     
       12.25000000000000  
 OBS            90
      -5.00671884095435
      -0.52196086817806
       1.00000000000000
 89 91 -1
obdef
loc3d
        4.95026814558372              0.68993059237416             93.11567687988281     -1
kind
     26     
    63900          153925     
       12.25000000000000  
 OBS            91
      -0.53890127963688
      -1.33955074379784
       1.00000000000000
 90 92 -1
obdef
loc3d
        4.94174512165160              0.68484635226999            116.56585693359381     -1
kind
     26     
    63900          153925     
       12.25000000000000  
 OBS            92
      -2.56916826683903
      -0.14195314675227
       1.00000000000000
 91 93 -1
obdef
loc3d
        4.95420735021482              0.68473663912788             15.00000000000000     -1
kind
     26     
    63900          153925     
       12.25000000000000  
 OBS            93
      -6.63888587469666
      -0.45673745154513
       1.00000000000000
 92 94 -1
obdef
loc3d
        4.93477042118681              0.68310638816012            118.89588928222661     -1
kind
     26     
    63900          153925     
       12.25000000000000  
 OBS            94
       3.07118846651837
       2.07462334035368
       1.00000000000000
 93 95 -1
obdef
loc3d
        4.93795631029682              0.68276407673392            144.94107055664060     -1
kind
     26     
    63900          153925     
       12.25000000000000  
 OBS            95
       3.90624190062848
       0.87895464263309
       1.00000000000000
 94 96 -1
obdef
loc3d
        4.94001671685736              0.68064929967652             43.67281723022461     -1
kind
     26     
    63900          153925     
       12.25000000000000  
 OBS            96
       1.13659645961527
       0.43323137667647
       1.00000000000000
 95 97 -1
obdef
loc3d
        4.94058460161740              0.67807181314514             70.17810058593750     -1
kind
     26     
    63900          153925     
       12.25000000000000  
 OBS            97
       0.30900934907330
      -1.74174027052529
       1.00000000000000
 96 98 -1
obdef
loc3d
        4.95423295419494              0.68033176843505              3.71636104583740     -1
kind
     26     
    63900          153925     
       12.25000000000000  
 OBS            98
       0.93446005694400
       0.25229716226186
       1.00000000000000
 97 99 -1
obdef
loc3d
        4.94926894458696              0.66642585587446             10.91526031494141     -1
kind
     26     
    63900          153925     
       12.25000000000000  
 OBS            99
       0.45424639457023
       1.45992845358031
       1.00000000000000
 98 100 -1
obdef
loc3d
        4.96223480186848              0.66700036066835              5.00000000000000     -1
kind
     26     
    63900          153925     
       12.25000000000000  
 OBS            100
       1.97078239477792
      -0.08555078978198
       1.00000000000000
 99 101 -1
obdef
loc3d
        4.95546148971009              0.67729393735082              6.17724800109863     -1
kind
     26     
    63900          153925     
       12.25000000000000  
 OBS            101
      -3.76508721595855
      -0.50369386660655
       1.00000000000000
 100 102 -1
obdef
loc3d
        4.92652723985629              0.69051382381431            146.04148864746091     -1
kind
     26     
    63900          153925     
       12.25000000000000  
 OBS            102
      -0.46162583090220
       0.47275470927566
       1.00000000000000
 101 103 -1
obdef
loc3d
        4.96366005344362              0.66920346185787              6.00000000000000     -1
kind
     26     
    63900          153925     
       12.25000000000000  
 OBS            103
       2.17233872624424
       5.52232152674559
       1.00000000000000
 102 104 -1
obdef
loc3d
        4.97052949833720              0.66907739847133              8.84140872955322     -1
kind
     26     
    63900          153925     
       12.25000000000000  
 OBS            104
      -1.56372526666680
      -1.32857417850786
       1.00000000000000
 103 105 -1
obdef
loc3d
        4.95245337490985              0.69269329908122            116.45774841308589     -1
kind
     26     
    63900          153925     
       12.25000000000000  
 OBS            105
      -2.62578248128086
      -1.45391312519666
       1.00000000000000
 104 106 -1
obdef
loc3d
        4.94885353278042              0.69277717633329            144.09075927734381     -1
kind
     26     
    63900          153925     
       12.25000000000000  
 OBS            106
      -1.22475613288964
      -0.32791586907350
       1.00000000000000
 105 107 -1
obdef
loc3d
        4.94336975041274              0.69009669144632            168.92642211914060     -1
kind
     26     
    63900          153925     
       12.25000000000000  
 OBS            107
       0.56390449573636
       1.59894838317260
       1.00000000000000
 106 108 -1
obdef
loc3d
        4.93556788041953              0.67027828664670             15.00000000000000     -1
kind
     26     
    63900          153925     
       12.25000000000000  
 OBS            108
       1.82765767309472
       1.68021581145074
       1.00000000000000
 107 109 -1
obdef
loc3d
        4.94033180527593              0.67113295277478             15.00000000000000     -1
kind
     26     
    63900          153925     
       12.25000000000000  
 OBS            109
       4.75505490404570
      -0.06732968812732
       1.00000000000000
 108 110 -1
obdef
loc3d
        4.94303858410231              0.67245219021673             45.31371688842773     -1
kind
     26     
    63900          153925     
       12.25000000000000  
 OBS            110
      -2.10365442410190
      -0.18681303521286
       1.00000000000000
 109 111 -1
obdef
loc3d
        4.94353452184302              0.67563108019985             33.40631103515625     -1
kind
     26     
    63900          153925     
       12.25000000000000  
 OBS            111
      -1.63220028688178
       0.26672658678119
       1.00000000000000
 110 112 -1
obdef
loc3d
        4.94374389829480              0.67833415521310             29.86422538757324     -1
kind
     26     
    63900          153925     
       12.25000000000000  
 OBS            112
       3.09355463632466
       1.51245971858520
       1.00000000000000
 111 113 -1
obdef
loc3d
        4.94273365028682              0.68737244152012            176.80966186523440     -1
kind
     26     
    63900          153925     
       12.25000000000000  
 OBS            113
       0.94734341166166
      -0.76749576484024
       1.00000000000000
 112 114 -1
obdef
loc3d
        4.92701506510552              0.68724654189208            235.55827331542969     -1
kind
     26     
    63900          153925     
       12.25000000000000  
 OBS            114
      -1.11565770958603
      -0.91647393783344
       1.00000000000000
 113 115 -1
obdef
loc3d
        4.93770287749180              0.68559892863867            149.84144592285159     -1
kind
     26     
    63900          153925     
       12.25000000000000  
 OBS            115
      -2.51093098084992
      -0.66491316937262
       1.00000000000000
 114 116 -1
obdef
loc3d
        4.92849072850511              0.69275166570057            196.64169311523440     -1
kind
     26     
    63900          153925     
       12.25000000000000  
 OBS            116
      -0.37525041490631
      -0.44159067063515
       1.00000000000000
 115 117 -1
obdef
loc3d
        4.94704606827608              0.66890083993760             30.00000000000000     -1
kind
     26     
    63900          153925     
       12.25000000000000  
 OBS            117
      -3.65848444017247
      -0.59512548773586
       1.00000000000000
 116 118 -1
obdef
loc3d
        4.93215285315783              0.69272179551745            405.54205322265619     -1
kind
     26     
    63900          153925     
       12.25000000000000  
 OBS            118
      -2.10054855734065
      -0.69227656073452
       1.00000000000000
 117 119 -1
obdef
loc3d
        4.93041137291484              0.68610286792166             95.01055908203125     -1
kind
     26     
    63900          153925     
       12.25000000000000  
 OBS            119
       0.08036610878112
       1.44132245000747
       1.00000000000000
 118 120 -1
obdef
loc3d
        4.94340662813579              0.66912283370227             30.00000000000000     -1
kind
     26     
    63900          153925     
       12.25000000000000  
 OBS            120
      -2.10113276545246
      -1.03729076174508
       1.00000000000000
 119 121 -1
obdef
loc3d
        4.94246051140049              0.69284522685509            232.15176391601560     -1
kind
     26     
    63900          153925     
       12.25000000000000  
 OBS            121
       0.70733237791985
       1.13559730471705
       1.00000000000000
 120 122 -1
obdef
loc3d
        4.94897278262263              0.68784055253573             58.60614395141602     -1
kind
     26     
    63900          153925     
       12.25000000000000  
 OBS            122
       0.96640684838775
       1.23424852210489
       1.00000000000000
 121 123 -1
obdef
loc3d
        4.94541527617556              0.68071005727643             33.77826690673828     -1
kind
     26     
    63900          153925     
       12.25000000000000  
 OBS            123
      -1.89146165876709
       0.19264823023041
       1.00000000000000
 122 124 -1
obdef
loc3d
        4.93748800785195              0.67296050504062             44.45593643188477     -1
kind
     26     
    63900          153925     
       12.25000000000000  
 OBS            124
      -1.38891643938371
      -0.07839409134259
       1.00000000000000
 123 125 -1
obdef
loc3d
        4.93696530791536              0.69256666762304            156.90283203125000     -1
kind
     26     
    63900          153925     
       12.25000000000000  
 OBS            125
       1.26573477637829
      -0.93303953200247
       1.00000000000000
 124 126 -1
obdef
loc3d
        4.92145179475246              0.69276808226809            165.77503967285159     -1
kind
     26     
    63900          153925     
       12.25000000000000  
 OBS            126
       4.89356775422409
       0.70438642846629
       1.00000000000000
 125 127 -1
obdef
loc3d
        4.93950672299123              0.68813471885857            177.40441894531250     -1
kind
     26     
    63900          153925     
       12.25000000000000  
 OBS            127
       1.43396151047602
       0.24096753491114
       1.00000000000000
 126 128 -1
obdef
loc3d
        4.93611382531472              0.68823817566222            173.73840332031250     -1
kind
     26     
    63900          153925     
       12.25000000000000  
 OBS            128
      -3.24250385843705
      -1.58687305587957
       1.00000000000000
 127 129 -1
obdef
loc3d
        4.94685988234341              0.69028594514941            170.37097167968750     -1
kind
     26     
    63900          153925     
       12.25000000000000  
 OBS            129
       6.83360487995131
      -0.77048371528786
       1.00000000000000
 128 130 -1
obdef
loc3d
        4.93440797857224              0.69076858072881            137.08886718750000     -1
kind
     26     
    63900          153925     
       12.25000000000000  
 OBS            130
      -4.65188818180721
      -0.77605346838409
       1.00000000000000
 129 131 -1
obdef
loc3d
        4.93397023736678              0.68569719666510            120.48287200927730     -1
kind
     26     
    63900          153925     
       12.25000000000000  
 OBS            131
      -1.21218247915795
       1.33524668752568
       1.00000000000000
 130 132 -1
obdef
loc3d
        4.96098036034072              0.67790128169477             17.24609375000000     -1
kind
     26     
    63900          153925     
       12.25000000000000  
 OBS            132
      -3.90632541784390
      -0.14632558519961
       1.00000000000000
 131 133 -1
obdef
loc3d
        4.95746178551042              0.68576241061300             17.20619201660156     -1
kind
     26     
    63900          153925     
       12.25000000000000  
 OBS            133
       1.77582566589093
       0.87132358874852
       1.00000000000000
 132 134 -1
obdef
loc3d
        4.96821528454312              0.66626811336639              8.93466186523438     -1
kind
     26     
    63900          153925     
       12.25000000000000  
 OBS            134
       0.60198795103049
       0.09641620232716
       1.00000000000000
 133 135 -1
obdef
loc3d
        4.95821139545160              0.68356985009176             15.00000000000000     -1
kind
     26     
    63900          153925     
       12.25000000000000  
 OBS            135
       2.19690527693660
      -0.54765753761699
       1.00000000000000
 134 136 -1
obdef
loc3d
        4.95929084301108              0.67289450711582              9.91464328765869     -1
kind
     26     
    63900          153925     
       12.25000000000000  
 OBS            136
       2.88065530781845
      -0.12714995179528
       1.00000000000000
 135 137 -1
obdef
loc3d
        4.95884231318174              0.67566319569297             12.79061889648438     -1
kind
     26     
    63900          153925     
       12.25000000000000  
 OBS            137
       3.07299778459185
      -0.01345633826165
       1.00000000000000
 136 138 -1
obdef
loc3d
        4.96068172506451              0.68176493518182             14.00000000000000     -1
kind
     26     
    63900          153925     
       12.25000000000000  
 OBS            138
       3.46511074664048
      -0.18394527906898
       1.00000000000000
 137 139 -1
obdef
loc3d
        4.96044430349621              0.68522255501691             15.00000000000000     -1
kind
     26     
    63900          153925     
       12.25000000000000  
 OBS            139
       1.42802325473037
      -0.02834008340986
       1.00000000000000
 138 140 -1
obdef
loc3d
        4.95653505007277              0.68174821287482             15.07347202301025     -1
kind
     26     
    63900          153925     
       12.25000000000000  
 OBS            140
       3.35032175256874
       2.94746556903141
       1.00000000000000
 139 141 -1
obdef
loc3d
        4.96521948188739              0.66389255790081              6.10258388519287     -1
kind
     26     
    63900          153925     
       12.25000000000000  
 OBS            141
       2.49625285224120
       2.74763388116430
       1.00000000000000
 140 142 -1
obdef
loc3d
        4.96720461139216              0.67033432936439             12.91210937500000     -1
kind
     26     
    63900          153925     
       12.25000000000000  
 OBS            142
      -7.11285870953850
      -0.70086906686942
       1.00000000000000
 141 143 -1
obdef
loc3d
        4.96018888249816              0.68814255256013             15.00000000000000     -1
kind
     26     
    63900          153925     
       12.25000000000000  
 OBS            143
       0.00229165756221
       0.79295864676173
       1.00000000000000
 142 144 -1
obdef
loc3d
        4.95410557213704              0.69029785801799             54.42578125000000     -1
kind
     26     
    63900          153925     
       12.25000000000000  
 OBS            144
       0.56412612869936
       0.49079501227721
       1.00000000000000
 143 145 -1
obdef
loc3d
        4.95508230192316              0.68705689194968              9.08530712127686     -1
kind
     26     
    63900          153925     
       12.25000000000000  
 OBS            145
       0.50727598541044
       1.49742116526437
       1.00000000000000
 144 146 -1
obdef
loc3d
        4.89659470219302              0.68517541625982            824.84875488281250     -1
kind
     26     
    63900          153925     
       12.25000000000000  
 OBS            146
       1.55320468838327
       1.21545406116320
       1.00000000000000
 145 147 -1
obdef
loc3d
        4.89719607397323              0.69286120068011            493.76440429687500     -1
kind
     26     
    63900          153925     
       12.25000000000000  
 OBS            147
      -2.33436722612891
      -0.44340062324995
       1.00000000000000
 146 148 -1
obdef
loc3d
        4.91562721585699              0.69268557315466            290.85858154296881     -1
kind
     26     
    63900          153925     
       12.25000000000000  
 OBS            148
       3.67407696996780
      -0.26425460344482
       1.00000000000000
 147 149 -1
obdef
loc3d
        4.89650463462054              0.68965598658767            806.96582031250000     -1
kind
     26     
    63900          153925     
       12.25000000000000  
 OBS            149
      -3.25295191594166
      -0.24680760811610
       1.00000000000000
 148 150 -1
obdef
loc3d
        4.90117724149658              0.69117926561099            769.23168945312500     -1
kind
     26     
    63900          153925     
       12.25000000000000  
 OBS            150
      -4.84048299909233
       0.44786625929286
       1.00000000000000
 149 151 -1
obdef
loc3d
        4.91058697772938              0.69047364022544            228.45222473144531     -1
kind
     26     
    63900          153925     
       12.25000000000000  
 OBS            151
     298.15018425287911
     297.25125194333299
       1.00000000000000
 150 152 -1
obdef
loc3d
        4.90540352515539              0.69194112440599            606.33142089843750     -1
kind
     27     
    63900          153925     
        6.25000000000000  
 OBS            152
     305.30570337896262
     304.10163016287601
       1.00000000000000
 151 153 -1
obdef
loc3d
        4.94546412681761              0.68348353984884             17.75631332397461     -1
kind
     27     
    63900          153925     
        6.25000000000000  
 OBS            153
     305.08568535908853
     303.73761957236502
       1.00000000000000
 152 154 -1
obdef
loc3d
        4.94660974174000              0.67744857875853             29.35406684875488     -1
kind
     27     
    63900          153925     
        6.25000000000000  
 OBS            154
     303.78428020628405
     303.45291445658103
       1.00000000000000
 153 155 -1
obdef
loc3d
        4.94648126630843              0.68652865419204             54.82812500000000     -1
kind
     27     
    63900          153925     
        6.25000000000000  
 OBS            155
     301.84332784979910
     301.26286715961498
       1.00000000000000
 154 156 -1
obdef
loc3d
        4.94445426011379              0.68507566758975             62.61011505126953     -1
kind
     27     
    63900          153925     
        6.25000000000000  
 OBS            156
     300.07876507046797
     301.33509272637099
       1.00000000000000
 155 157 -1
obdef
loc3d
        4.94602055174578              0.68752162087271            134.15721130371091     -1
kind
     27     
    63900          153925     
        6.25000000000000  
 OBS            157
     301.73235084143892
     302.80997303544598
       1.00000000000000
 156 158 -1
obdef
loc3d
        4.94603912728501              0.67254511985829             35.00297546386719     -1
kind
     27     
    63900          153925     
        6.25000000000000  
 OBS            158
     306.59431086803687
     305.51532440968299
       1.00000000000000
 157 159 -1
obdef
loc3d
        4.95877904994953              0.67986585977255             17.04111671447754     -1
kind
     27     
    63900          153925     
        6.25000000000000  
 OBS            159
     303.77276536473727
     302.97916050239701
       1.00000000000000
 158 160 -1
obdef
loc3d
        4.93958042817759              0.69095160998657            226.13127136230469     -1
kind
     27     
    63900          153925     
        6.25000000000000  
 OBS            160
     301.37685312551758
     302.73006559659700
       1.00000000000000
 159 161 -1
obdef
loc3d
        4.95756313665553              0.69181797222864             89.84997558593750     -1
kind
     27     
    63900          153925     
        6.25000000000000  
 OBS            161
     305.04207045339285
     304.94219216070201
       1.00000000000000
 160 162 -1
obdef
loc3d
        4.94078657111844              0.67409210989409             60.81152343750000     -1
kind
     27     
    63900          153925     
        6.25000000000000  
 OBS            162
     306.08120900585237
     305.92933909203100
       1.00000000000000
 161 163 -1
obdef
loc3d
        4.95557846691255              0.67267262139613              1.00000000000000     -1
kind
     27     
    63900          153925     
        6.25000000000000  
 OBS            163
     302.93275573168222
     303.68948647156600
       1.00000000000000
 162 164 -1
obdef
loc3d
        4.93193348448080              0.68856418981073            106.00000000000000     -1
kind
     27     
    63900          153925     
        6.25000000000000  
 OBS            164
     299.09103780540659
     298.98985187545497
       1.00000000000000
 163 165 -1
obdef
loc3d
        4.89970838141578              0.68765245249877            785.09423828125000     -1
kind
     27     
    63900          153925     
        6.25000000000000  
 OBS            165
     302.37045353232429
     301.72689711600401
       1.00000000000000
 164 166 -1
obdef
loc3d
        4.95026814558372              0.68993059237416             93.11567687988281     -1
kind
     27     
    63900          153925     
        6.25000000000000  
 OBS            166
     303.68141546895248
     302.46674424717799
       1.00000000000000
 165 167 -1
obdef
loc3d
        4.94174512165160              0.68484635226999            116.56585693359381     -1
kind
     27     
    63900          153925     
        6.25000000000000  
 OBS            167
     302.94711776351249
     303.63114375623701
       1.00000000000000
 166 168 -1
obdef
loc3d
        4.95420735021482              0.68473663912788             15.00000000000000     -1
kind
     27     
    63900          153925     
        6.25000000000000  
 OBS            168
     302.70607986252321
     304.04576035301000
       1.00000000000000
 167 169 -1
obdef
loc3d
        4.93477042118681              0.68310638816012            118.89588928222661     -1
kind
     27     
    63900          153925     
        6.25000000000000  
 OBS            169
     304.31122976137863
     303.30000859086499
       1.00000000000000
 168 170 -1
obdef
loc3d
        4.93795631029682              0.68276407673392            144.94107055664060     -1
kind
     27     
    63900          153925     
        6.25000000000000  
 OBS            170
     303.13242379234316
     303.94296120154701
       1.00000000000000
 169 171 -1
obdef
loc3d
        4.94001671685736              0.68064929967652             43.67281723022461     -1
kind
     27     
    63900          153925     
        6.25000000000000  
 OBS            171
     306.13219081374262
     304.54542782391599
       1.00000000000000
 170 172 -1
obdef
loc3d
        4.94058460161740              0.67807181314514             70.17810058593750     -1
kind
     27     
    63900          153925     
        6.25000000000000  
 OBS            172
     304.13110821479586
     303.77359042931300
       1.00000000000000
 171 173 -1
obdef
loc3d
        4.95423295419494              0.68033176843505              3.71636104583740     -1
kind
     27     
    63900          153925     
        6.25000000000000  
 OBS            173
     304.73642612492881
     304.63870350261902
       1.00000000000000
 172 174 -1
obdef
loc3d
        4.94926894458696              0.66642585587446             10.91526031494141     -1
kind
     27     
    63900          153925     
        6.25000000000000  
 OBS            174
     307.16285618982886
     306.33543524562799
       1.00000000000000
 173 175 -1
obdef
loc3d
        4.96223480186848              0.66700036066835              5.00000000000000     -1
kind
     27     
    63900          153925     
        6.25000000000000  
 OBS            175
     305.53713397141757
     305.07517025644501
       1.00000000000000
 174 176 -1
obdef
loc3d
        4.95546148971009              0.67729393735082              6.17724800109863     -1
kind
     27     
    63900          153925     
        6.25000000000000  
 OBS            176
     303.72543282816054
     303.30297118143397
       1.00000000000000
 175 177 -1
obdef
loc3d
        4.92652723985629              0.69051382381431            146.04148864746091     -1
kind
     27     
    63900          153925     
        6.25000000000000  
 OBS            177
     302.97445629489920
     305.46775166889802
       1.00000000000000
 176 178 -1
obdef
loc3d
        4.96366005344362              0.66920346185787              6.00000000000000     -1
kind
     27     
    63900          153925     
        6.25000000000000  
 OBS            178
     302.90693084321833
     303.05746607134000
       1.00000000000000
 177 179 -1
obdef
loc3d
        4.97052949833720              0.66907739847133              8.84140872955322     -1
kind
     27     
    63900          153925     
        6.25000000000000  
 OBS            179
     303.33123372500739
     302.60600254938299
       1.00000000000000
 178 180 -1
obdef
loc3d
        4.95245337490985              0.69269329908122            116.45774841308589     -1
kind
     27     
    63900          153925     
        6.25000000000000  
 OBS            180
     301.14668649071439
     301.99626731791199
       1.00000000000000
 179 181 -1
obdef
loc3d
        4.94885353278042              0.69277717633329            144.09075927734381     -1
kind
     27     
    63900          153925     
        6.25000000000000  
 OBS            181
     304.77279189275890
     302.79919188588099
       1.00000000000000
 180 182 -1
obdef
loc3d
        4.94336975041274              0.69009669144632            168.92642211914060     -1
kind
     27     
    63900          153925     
        6.25000000000000  
 OBS            182
     305.46221374817304
     305.90800383857402
       1.00000000000000
 181 183 -1
obdef
loc3d
        4.93556788041953              0.67027828664670             15.00000000000000     -1
kind
     27     
    63900          153925     
        6.25000000000000  
 OBS            183
     307.48718523899674
     306.12170174090699
       1.00000000000000
 182 184 -1
obdef
loc3d
        4.94033180527593              0.67113295277478             15.00000000000000     -1
kind
     27     
    63900          153925     
        6.25000000000000  
 OBS            184
     304.21924482738342
     304.15197472889099
       1.00000000000000
 183 185 -1
obdef
loc3d
        4.94303858410231              0.67245219021673             45.31371688842773     -1
kind
     27     
    63900          153925     
        6.25000000000000  
 OBS            185
     301.67393493339364
     303.92713894389601
       1.00000000000000
 184 186 -1
obdef
loc3d
        4.94353452184302              0.67563108019985             33.40631103515625     -1
kind
     27     
    63900          153925     
        6.25000000000000  
 OBS            186
     303.46243207265690
     302.83840279903598
       1.00000000000000
 185 187 -1
obdef
loc3d
        4.94374389829480              0.67833415521310             29.86422538757324     -1
kind
     27     
    63900          153925     
        6.25000000000000  
 OBS            187
     300.85616533779063
     301.15958821295402
       1.00000000000000
 186 188 -1
obdef
loc3d
        4.94273365028682              0.68737244152012            176.80966186523440     -1
kind
     27     
    63900          153925     
        6.25000000000000  
 OBS            188
     300.43109398711550
     301.03704013167999
       1.00000000000000
 187 189 -1
obdef
loc3d
        4.92701506510552              0.68724654189208            235.55827331542969     -1
kind
     27     
    63900          153925     
        6.25000000000000  
 OBS            189
     301.43884295954069
     302.11157638627901
       1.00000000000000
 188 190 -1
obdef
loc3d
        4.93770287749180              0.68559892863867            149.84144592285159     -1
kind
     27     
    63900          153925     
        6.25000000000000  
 OBS            190
     303.23568202552514
     302.76720729303798
       1.00000000000000
 189 191 -1
obdef
loc3d
        4.92849072850511              0.69275166570057            196.64169311523440     -1
kind
     27     
    63900          153925     
        6.25000000000000  
 OBS            191
     303.89913678983129
     304.42405783197199
       1.00000000000000
 190 192 -1
obdef
loc3d
        4.94704606827608              0.66890083993760             30.00000000000000     -1
kind
     27     
    63900          153925     
        6.25000000000000  
 OBS            192
     299.60249141794293
     300.97835808516402
       1.00000000000000
 191 193 -1
obdef
loc3d
        4.93215285315783              0.69272179551745            405.54205322265619     -1
kind
     27     
    63900          153925     
        6.25000000000000  
 OBS            193
     302.72149596469393
     303.73585659189700
       1.00000000000000
 192 194 -1
obdef
loc3d
        4.93041137291484              0.68610286792166             95.01055908203125     -1
kind
     27     
    63900          153925     
        6.25000000000000  
 OBS            194
     307.05002299604888
     306.32348942303400
       1.00000000000000
 193 195 -1
obdef
loc3d
        4.94340662813579              0.66912283370227             30.00000000000000     -1
kind
     27     
    63900          153925     
        6.25000000000000  
 OBS            195
     303.14926469641136
     302.31131384093499
       1.00000000000000
 194 196 -1
obdef
loc3d
        4.94246051140049              0.69284522685509            232.15176391601560     -1
kind
     27     
    63900          153925     
        6.25000000000000  
 OBS            196
     300.93938851454106
     301.95503620788998
       1.00000000000000
 195 197 -1
obdef
loc3d
        4.94897278262263              0.68784055253573             58.60614395141602     -1
kind
     27     
    63900          153925     
        6.25000000000000  
 OBS            197
     302.50735470994624
     303.05383761093799
       1.00000000000000
 196 198 -1
obdef
loc3d
        4.94541527617556              0.68071005727643             33.77826690673828     -1
kind
     27     
    63900          153925     
        6.25000000000000  
 OBS            198
     305.65943379185194
     305.64795492762403
       1.00000000000000
 197 199 -1
obdef
loc3d
        4.93748800785195              0.67296050504062             44.45593643188477     -1
kind
     27     
    63900          153925     
        6.25000000000000  
 OBS            199
     303.47902530332840
     302.97007364712903
       1.00000000000000
 198 200 -1
obdef
loc3d
        4.93696530791536              0.69256666762304            156.90283203125000     -1
kind
     27     
    63900          153925     
        6.25000000000000  
 OBS            200
     303.38132684406395
     302.78313087662798
       1.00000000000000
 199 201 -1
obdef
loc3d
        4.92145179475246              0.69276808226809            165.77503967285159     -1
kind
     27     
    63900          153925     
        6.25000000000000  
 OBS            201
     304.07474533154777
     302.94455025195799
       1.00000000000000
 200 202 -1
obdef
loc3d
        4.93950672299123              0.68813471885857            177.40441894531250     -1
kind
     27     
    63900          153925     
        6.25000000000000  
 OBS            202
     301.16602861498927
     301.95668875448803
       1.00000000000000
 201 203 -1
obdef
loc3d
        4.93611382531472              0.68823817566222            173.73840332031250     -1
kind
     27     
    63900          153925     
        6.25000000000000  
 OBS            203
     301.69765096875039
     302.53454852694603
       1.00000000000000
 202 204 -1
obdef
loc3d
        4.94685988234341              0.69028594514941            170.37097167968750     -1
kind
     27     
    63900          153925     
        6.25000000000000  
 OBS            204
     303.75177682836659
     303.09867478583800
       1.00000000000000
 203 205 -1
obdef
loc3d
        4.93440797857224              0.69076858072881            137.08886718750000     -1
kind
     27     
    63900          153925     
        6.25000000000000  
 OBS            205
     301.89163928273712
     302.25256841981098
       1.00000000000000
 204 206 -1
obdef
loc3d
        4.93397023736678              0.68569719666510            120.48287200927730     -1
kind
     27     
    63900          153925     
        6.25000000000000  
 OBS            206
     304.04531201347726
     306.02222964854002
       1.00000000000000
 205 207 -1
obdef
loc3d
        4.96098036034072              0.67790128169477             17.24609375000000     -1
kind
     27     
    63900          153925     
        6.25000000000000  
 OBS            207
     304.82658088518258
     304.09525968019199
       1.00000000000000
 206 208 -1
obdef
loc3d
        4.95746178551042              0.68576241061300             17.20619201660156     -1
kind
     27     
    63900          153925     
        6.25000000000000  
 OBS            208
     298.83644975870118
     299.63958312334699
       1.00000000000000
 207 209 -1
obdef
loc3d
        4.96821528454312              0.66626811336639              8.93466186523438     -1
kind
     27     
    63900          153925     
        6.25000000000000  
 OBS            209
     306.38759797097816
     304.95603746852498
       1.00000000000000
 208 210 -1
obdef
loc3d
        4.95821139545160              0.68356985009176             15.00000000000000     -1
kind
     27     
    63900          153925     
        6.25000000000000  
 OBS            210
     305.52284542545738
     305.39011189651200
       1.00000000000000
 209 211 -1
obdef
loc3d
        4.95929084301108              0.67289450711582              9.91464328765869     -1
kind
     27     
    63900          153925     
        6.25000000000000  
 OBS            211
     305.50546331820516
     304.15669759407700
       1.00000000000000
 210 212 -1
obdef
loc3d
        4.95884231318174              0.67566319569297             12.79061889648438     -1
kind
     27     
    63900          153925     
        6.25000000000000  
 OBS            212
     304.94888637748790
     306.07660738326899
       1.00000000000000
 211 213 -1
obdef
loc3d
        4.96068172506451              0.68176493518182             14.00000000000000     -1
kind
     27     
    63900          153925     
        6.25000000000000  
 OBS            213
     307.22353103365924
     305.04758530231300
       1.00000000000000
 212 214 -1
obdef
loc3d
        4.96044430349621              0.68522255501691             15.00000000000000     -1
kind
     27     
    63900          153925     
        6.25000000000000  
 OBS            214
     304.94799945504064
     304.28201306252600
       1.00000000000000
 213 215 -1
obdef
loc3d
        4.95653505007277              0.68174821287482             15.07347202301025     -1
kind
     27     
    63900          153925     
        6.25000000000000  
 OBS            215
     307.06577042410669
     306.07406035410997
       1.00000000000000
 214 216 -1
obdef
loc3d
        4.96521948188739              0.66389255790081              6.10258388519287     -1
kind
     27     
    63900          153925     
        6.25000000000000  
 OBS            216
     307.17740813818136
     306.90433788944301
       1.00000000000000
 215 217 -1
obdef
loc3d
        4.96720461139216              0.67033432936439             12.91210937500000     -1
kind
     27     
    63900          153925     
        6.25000000000000  
 OBS            217
     304.46215661605066
     304.08125163687703
       1.00000000000000
 216 218 -1
obdef
loc3d
        4.96018888249816              0.68814255256013             15.00000000000000     -1
kind
     27     
    63900          153925     
        6.25000000000000  
 OBS            218
     301.41638137850191
     301.54065214328699
       1.00000000000000
 217 219 -1
obdef
loc3d
        4.95410557213704              0.69029785801799             54.42578125000000     -1
kind
     27     
    63900          153925     
        6.25000000000000  
 OBS            219
     301.62519113258270
     302.84129933733402
       1.00000000000000
 218 220 -1
obdef
loc3d
        4.95508230192316              0.68705689194968              9.08530712127686     -1
kind
     27     
    63900          153925     
        6.25000000000000  
 OBS            220
     299.08328969193678
     299.22251693692499
       1.00000000000000
 219 221 -1
obdef
loc3d
        4.89659470219302              0.68517541625982            824.84875488281250     -1
kind
     27     
    63900          153925     
        6.25000000000000  
 OBS            221
     300.95894804638317
     299.75320040045301
       1.00000000000000
 220 222 -1
obdef
loc3d
        4.89719607397323              0.69286120068011            493.76440429687500     -1
kind
     27     
    63900          153925     
        6.25000000000000  
 OBS            222
     302.72078096905216
     300.76223395751401
       1.00000000000000
 221 223 -1
obdef
loc3d
        4.91562721585699              0.69268557315466            290.85858154296881     -1
kind
     27     
    63900          153925     
        6.25000000000000  
 OBS            223
     298.13007705671265
     297.89191607667300
       1.00000000000000
 222 224 -1
obdef
loc3d
        4.89650463462054              0.68965598658767            806.96582031250000     -1
kind
     27     
    63900          153925     
        6.25000000000000  
 OBS            224
     297.51333973187309
     297.94679320494203
       1.00000000000000
 223 225 -1
obdef
loc3d
        4.90117724149658              0.69117926561099            769.23168945312500     -1
kind
     27     
    63900          153925     
        6.25000000000000  
 OBS            225
     303.96381886215892
     303.58344820177302
       1.00000000000000
 224 226 -1
obdef
loc3d
        4.91058697772938              0.69047364022544            228.45222473144531     -1
kind
     27     
    63900          153925     
        6.25000000000000  
 OBS            226
       0.01229671729384
       0.01088089748901
       1.00000000000000
 225 227 -1
obdef
loc3d
        4.90540352515539              0.69194112440599            606.33142089843750     -1
kind
     28     
    63900          153925     
        0.00217617949780  
 OBS            227
       0.01190787862736
       0.01195921497235
       1.00000000000000
 226 228 -1
obdef
loc3d
        4.94546412681761              0.68348353984884             17.75631332397461     -1
kind
     28     
    63900          153925     
        0.00239184299447  
 OBS            228
       0.02120786467085
       0.01270516234073
       1.00000000000000
 227 229 -1
obdef
loc3d
        4.94660974174000              0.67744857875853             29.35406684875488     -1
kind
     28     
    63900          153925     
        0.00254103246815  
 OBS            229
       0.03818875115699
       0.01141855590864
       1.00000000000000
 228 230 -1
obdef
loc3d
        4.94648126630843              0.68652865419204             54.82812500000000     -1
kind
     28     
    63900          153925     
        0.00228371118173  
 OBS            230
       0.01418244300390
       0.01273178851129
       1.00000000000000
 229 231 -1
obdef
loc3d
        4.94445426011379              0.68507566758975             62.61011505126953     -1
kind
     28     
    63900          153925     
        0.00254635770226  
 OBS            231
       0.00700739750931
       0.01156520381369
       1.00000000000000
 230 232 -1
obdef
loc3d
        4.94602055174578              0.68752162087271            134.15721130371091     -1
kind
     28     
    63900          153925     
        0.00231304076274  
 OBS            232
       0.02193647868183
       0.01211910539307
       1.00000000000000
 231 233 -1
obdef
loc3d
        4.94603912728501              0.67254511985829             35.00297546386719     -1
kind
     28     
    63900          153925     
        0.00242382107861  
 OBS            233
       0.02035431189356
       0.01072905210030
       1.00000000000000
 232 234 -1
obdef
loc3d
        4.95877904994953              0.67986585977255             17.04111671447754     -1
kind
     28     
    63900          153925     
        0.00214581042006  
 OBS            234
       0.02746319068455
       0.00978242550806
       1.00000000000000
 233 235 -1
obdef
loc3d
        4.93958042817759              0.69095160998657            226.13127136230469     -1
kind
     28     
    63900          153925     
        0.00195648510161  
 OBS            235
       0.02310020070276
       0.01008559358468
       1.00000000000000
 234 236 -1
obdef
loc3d
        4.95756313665553              0.69181797222864             89.84997558593750     -1
kind
     28     
    63900          153925     
        0.00201711871694  
 OBS            236
       0.00068151700697
       0.01078259710909
       1.00000000000000
 235 237 -1
obdef
loc3d
        4.94078657111844              0.67409210989409             60.81152343750000     -1
kind
     28     
    63900          153925     
        0.00215651942182  
 OBS            237
       0.00492946769267
       0.01041946044288
       1.00000000000000
 236 238 -1
obdef
loc3d
        4.95557846691255              0.67267262139613              1.00000000000000     -1
kind
     28     
    63900          153925     
        0.00208389208858  
 OBS            238
       0.00873425771780
       0.01074044909296
       1.00000000000000
 237 239 -1
obdef
loc3d
        4.93193348448080              0.68856418981073            106.00000000000000     -1
kind
     28     
    63900          153925     
        0.00214808981859  
 OBS            239
       0.00000000000000
       0.01042596267248
       1.00000000000000
 238 240 -1
obdef
loc3d
        4.89970838141578              0.68765245249877            785.09423828125000     -1
kind
     28     
    63900          153925     
        0.00208519253450  
 OBS            240
       0.00000000000000
       0.01060316674716
       1.00000000000000
 239 241 -1
obdef
loc3d
        4.95026814558372              0.68993059237416             93.11567687988281     -1
kind
     28     
    63900          153925     
        0.00212063334943  
 OBS            241
       0.00565881655131
       0.01174093219991
       1.00000000000000
 240 242 -1
obdef
loc3d
        4.94174512165160              0.68484635226999            116.56585693359381     -1
kind
     28     
    63900          153925     
        0.00234818643998  
 OBS            242
       0.01770120489159
       0.01211529098693
       1.00000000000000
 241 243 -1
obdef
loc3d
        4.95420735021482              0.68473663912788             15.00000000000000     -1
kind
     28     
    63900          153925     
        0.00242305819739  
 OBS            243
       0.00000000000000
       0.01107288359010
       1.00000000000000
 242 244 -1
obdef
loc3d
        4.93477042118681              0.68310638816012            118.89588928222661     -1
kind
     28     
    63900          153925     
        0.00221457671802  
 OBS            244
       0.00000000000000
       0.01158671099134
       1.00000000000000
 243 245 -1
obdef
loc3d
        4.93795631029682              0.68276407673392            144.94107055664060     -1
kind
     28     
    63900          153925     
        0.00231734219827  
 OBS            245
       0.00723306068825
       0.01193770307076
       1.00000000000000
 244 246 -1
obdef
loc3d
        4.94001671685736              0.68064929967652             43.67281723022461     -1
kind
     28     
    63900          153925     
        0.00238754061415  
 OBS            246
       0.01916402367575
       0.01175503695786
       1.00000000000000
 245 247 -1
obdef
loc3d
        4.94058460161740              0.67807181314514             70.17810058593750     -1
kind
     28     
    63900          153925     
        0.00235100739157  
 OBS            247
       0.00695935534335
       0.01268435324022
       1.00000000000000
 246 248 -1
obdef
loc3d
        4.95423295419494              0.68033176843505              3.71636104583740     -1
kind
     28     
    63900          153925     
        0.00253687064804  
 OBS            248
       0.00716595704215
       0.01335074345247
       1.00000000000000
 247 249 -1
obdef
loc3d
        4.94926894458696              0.66642585587446             10.91526031494141     -1
kind
     28     
    63900          153925     
        0.00267014869049  
 OBS            249
       0.03027289923317
       0.01118936632683
       1.00000000000000
 248 250 -1
obdef
loc3d
        4.96223480186848              0.66700036066835              5.00000000000000     -1
kind
     28     
    63900          153925     
        0.00223787326537  
 OBS            250
       0.01464381512769
       0.01068501274781
       1.00000000000000
 249 251 -1
obdef
loc3d
        4.95546148971009              0.67729393735082              6.17724800109863     -1
kind
     28     
    63900          153925     
        0.00213700254956  
 OBS            251
       0.00564574749776
       0.00919464633602
       1.00000000000000
 250 252 -1
obdef
loc3d
        4.92652723985629              0.69051382381431            146.04148864746091     -1
kind
     28     
    63900          153925     
        0.00183892926720  
 OBS            252
       0.00732642736099
       0.01137810828851
       1.00000000000000
 251 253 -1
obdef
loc3d
        4.96366005344362              0.66920346185787              6.00000000000000     -1
kind
     28     
    63900          153925     
        0.00227562165770  
 OBS            253
       0.02399001078241
       0.01501040070303
       1.00000000000000
 252 254 -1
obdef
loc3d
        4.97052949833720              0.66907739847133              8.84140872955322     -1
kind
     28     
    63900          153925     
        0.00300208014061  
 OBS            254
       0.02318104993989
       0.00969564841257
       1.00000000000000
 253 255 -1
obdef
loc3d
        4.95245337490985              0.69269329908122            116.45774841308589     -1
kind
     28     
    63900          153925     
        0.00193912968251  
 OBS            255
       0.02102641966056
       0.00931599697160
       1.00000000000000
 254 256 -1
obdef
loc3d
        4.94885353278042              0.69277717633329            144.09075927734381     -1
kind
     28     
    63900          153925     
        0.00186319939432  
 OBS            256
       0.00318070303943
       0.01026650734928
       1.00000000000000
 255 257 -1
obdef
loc3d
        4.94336975041274              0.69009669144632            168.92642211914060     -1
kind
     28     
    63900          153925     
        0.00205330146986  
 OBS            257
       0.03328897297483
       0.01171445905205
       1.00000000000000
 256 258 -1
obdef
loc3d
        4.93556788041953              0.67027828664670             15.00000000000000     -1
kind
     28     
    63900          153925     
        0.00234289181041  
 OBS            258
       0.00000000000000
       0.01051991116261
       1.00000000000000
 257 259 -1
obdef
loc3d
        4.94033180527593              0.67113295277478             15.00000000000000     -1
kind
     28     
    63900          153925     
        0.00210398223252  
 OBS            259
       0.00808929991934
       0.01118952523592
       1.00000000000000
 258 260 -1
obdef
loc3d
        4.94303858410231              0.67245219021673             45.31371688842773     -1
kind
     28     
    63900          153925     
        0.00223790504718  
 OBS            260
       0.01635353788574
       0.01152853637795
       1.00000000000000
 259 261 -1
obdef
loc3d
        4.94353452184302              0.67563108019985             33.40631103515625     -1
kind
     28     
    63900          153925     
        0.00230570727559  
 OBS            261
       0.02129271692602
       0.01247075826091
       1.00000000000000
 260 262 -1
obdef
loc3d
        4.94374389829480              0.67833415521310             29.86422538757324     -1
kind
     28     
    63900          153925     
        0.00249415165218  
 OBS            262
       0.01815621632409
       0.01159991300946
       1.00000000000000
 261 263 -1
obdef
loc3d
        4.94273365028682              0.68737244152012            176.80966186523440     -1
kind
     28     
    63900          153925     
        0.00231998260189  
 OBS            263
       0.00322789230997
       0.01149614191037
       1.00000000000000
 262 264 -1
obdef
loc3d
        4.92701506510552              0.68724654189208            235.55827331542969     -1
kind
     28     
    63900          153925     
        0.00229922838207  
 OBS            264
       0.01261245927376
       0.01154384814767
       1.00000000000000
 263 265 -1
obdef
loc3d
        4.93770287749180              0.68559892863867            149.84144592285159     -1
kind
     28     
    63900          153925     
        0.00230876962953  
 OBS            265
       0.02092288892808
       0.00854141481623
       1.00000000000000
 264 266 -1
obdef
loc3d
        4.92849072850511              0.69275166570057            196.64169311523440     -1
kind
     28     
    63900          153925     
        0.00170828296325  
 OBS            266
       0.01422579903263
       0.01175446924369
       1.00000000000000
 265 267 -1
obdef
loc3d
        4.94704606827608              0.66890083993760             30.00000000000000     -1
kind
     28     
    63900          153925     
        0.00235089384874  
 OBS            267
       0.00596366026837
       0.00840965404480
       1.00000000000000
 266 268 -1
obdef
loc3d
        4.93215285315783              0.69272179551745            405.54205322265619     -1
kind
     28     
    63900          153925     
        0.00168193080896  
 OBS            268
       0.00000000000000
       0.01142765966384
       1.00000000000000
 267 269 -1
obdef
loc3d
        4.93041137291484              0.68610286792166             95.01055908203125     -1
kind
     28     
    63900          153925     
        0.00228553193277  
 OBS            269
       0.01244168609971
       0.01048193893870
       1.00000000000000
 268 270 -1
obdef
loc3d
        4.94340662813579              0.66912283370227             30.00000000000000     -1
kind
     28     
    63900          153925     
        0.00209638778774  
 OBS            270
       0.02772340825514
       0.00875432800089
       1.00000000000000
 269 271 -1
obdef
loc3d
        4.94246051140049              0.69284522685509            232.15176391601560     -1
kind
     28     
    63900          153925     
        0.00175086560018  
 OBS            271
       0.00933865558645
       0.01180513619810
       1.00000000000000
 270 272 -1
obdef
loc3d
        4.94897278262263              0.68784055253573             58.60614395141602     -1
kind
     28     
    63900          153925     
        0.00236102723962  
 OBS            272
       0.01922680526158
       0.01268427847078
       1.00000000000000
 271 273 -1
obdef
loc3d
        4.94541527617556              0.68071005727643             33.77826690673828     -1
kind
     28     
    63900          153925     
        0.00253685569416  
 OBS            273
       0.00810080595379
       0.01149911651833
       1.00000000000000
 272 274 -1
obdef
loc3d
        4.93748800785195              0.67296050504062             44.45593643188477     -1
kind
     28     
    63900          153925     
        0.00229982330367  
 OBS            274
       0.00471679448669
       0.00856664308959
       1.00000000000000
 273 275 -1
obdef
loc3d
        4.93696530791536              0.69256666762304            156.90283203125000     -1
kind
     28     
    63900          153925     
        0.00171332861792  
 OBS            275
       0.00331322357596
       0.00895175318878
       1.00000000000000
 274 276 -1
obdef
loc3d
        4.92145179475246              0.69276808226809            165.77503967285159     -1
kind
     28     
    63900          153925     
        0.00179035063776  
 OBS            276
       0.00000000000000
       0.01119867931970
       1.00000000000000
 275 277 -1
obdef
loc3d
        4.93950672299123              0.68813471885857            177.40441894531250     -1
kind
     28     
    63900          153925     
        0.00223973586394  
 OBS            277
       0.01945113802697
       0.01097898042528
       1.00000000000000
 276 278 -1
obdef
loc3d
        4.93611382531472              0.68823817566222            173.73840332031250     -1
kind
     28     
    63900          153925     
        0.00219579608506  
 OBS            278
       0.01494671662708
       0.01016236327095
       1.00000000000000
 277 279 -1
obdef
loc3d
        4.94685988234341              0.69028594514941            170.37097167968750     -1
kind
     28     
    63900          153925     
        0.00203247265419  
 OBS            279
       0.00536706133237
       0.00986732985104
       1.00000000000000
 278 280 -1
obdef
loc3d
        4.93440797857224              0.69076858072881            137.08886718750000     -1
kind
     28     
    63900          153925     
        0.00197346597021  
 OBS            280
       0.01563989480221
       0.01134936616432
       1.00000000000000
 279 281 -1
obdef
loc3d
        4.93397023736678              0.68569719666510            120.48287200927730     -1
kind
     28     
    63900          153925     
        0.00226987323286  
 OBS            281
       0.00984343083599
       0.00982135154232
       1.00000000000000
 280 282 -1
obdef
loc3d
        4.96098036034072              0.67790128169477             17.24609375000000     -1
kind
     28     
    63900          153925     
        0.00196427030846  
 OBS            282
       0.00677200624956
       0.01157095586526
       1.00000000000000
 281 283 -1
obdef
loc3d
        4.95746178551042              0.68576241061300             17.20619201660156     -1
kind
     28     
    63900          153925     
        0.00231419117305  
 OBS            283
       0.01005768988638
       0.01592938282119
       1.00000000000000
 282 284 -1
obdef
loc3d
        4.96821528454312              0.66626811336639              8.93466186523438     -1
kind
     28     
    63900          153925     
        0.00318587656424  
 OBS            284
       0.01035210163167
       0.01121249723234
       1.00000000000000
 283 285 -1
obdef
loc3d
        4.95821139545160              0.68356985009176             15.00000000000000     -1
kind
     28     
    63900          153925     
        0.00224249944647  
 OBS            285
       0.01353226950644
       0.01094639738653
       1.00000000000000
 284 286 -1
obdef
loc3d
        4.95929084301108              0.67289450711582              9.91464328765869     -1
kind
     28     
    63900          153925     
        0.00218927947731  
 OBS            286
       0.01575138495400
       0.01143596247748
       1.00000000000000
 285 287 -1
obdef
loc3d
        4.95884231318174              0.67566319569297             12.79061889648438     -1
kind
     28     
    63900          153925     
        0.00228719249550  
 OBS            287
       0.00088845037334
       0.01059225908337
       1.00000000000000
 286 288 -1
obdef
loc3d
        4.96068172506451              0.68176493518182             14.00000000000000     -1
kind
     28     
    63900          153925     
        0.00211845181667  
 OBS            288
       0.02365505321483
       0.01087256258688
       1.00000000000000
 287 289 -1
obdef
loc3d
        4.96044430349621              0.68522255501691             15.00000000000000     -1
kind
     28     
    63900          153925     
        0.00217451251738  
 OBS            289
       0.00777069047887
       0.01177431218115
       1.00000000000000
 288 290 -1
obdef
loc3d
        4.95653505007277              0.68174821287482             15.07347202301025     -1
kind
     28     
    63900          153925     
        0.00235486243623  
 OBS            290
       0.00093678336118
       0.01059228190066
       1.00000000000000
 289 291 -1
obdef
loc3d
        4.96521948188739              0.66389255790081              6.10258388519287     -1
kind
     28     
    63900          153925     
        0.00211845638013  
 OBS            291
       0.00294658495721
       0.01105651806801
       1.00000000000000
 290 292 -1
obdef
loc3d
        4.96720461139216              0.67033432936439             12.91210937500000     -1
kind
     28     
    63900          153925     
        0.00221130361360  
 OBS            292
       0.01208464380698
       0.01149120712108
       1.00000000000000
 291 293 -1
obdef
loc3d
        4.96018888249816              0.68814255256013             15.00000000000000     -1
kind
     28     
    63900          153925     
        0.00229824142422  
 OBS            293
       0.01912201429571
       0.01092018619735
       1.00000000000000
 292 294 -1
obdef
loc3d
        4.95410557213704              0.69029785801799             54.42578125000000     -1
kind
     28     
    63900          153925     
        0.00218403723947  
 OBS            294
       0.00317810440742
       0.01243397685836
       1.00000000000000
 293 295 -1
obdef
loc3d
        4.95508230192316              0.68705689194968              9.08530712127686     -1
kind
     28     
    63900          153925     
        0.00248679537167  
 OBS            295
       0.01528735448328
       0.00988432248290
       1.00000000000000
 294 296 -1
obdef
loc3d
        4.89659470219302              0.68517541625982            824.84875488281250     -1
kind
     28     
    63900          153925     
        0.00197686449658  
 OBS            296
       0.00000000000000
       0.01040900581654
       1.00000000000000
 295 297 -1
obdef
loc3d
        4.89719607397323              0.69286120068011            493.76440429687500     -1
kind
     28     
    63900          153925     
        0.00208180116331  
 OBS            297
       0.02829478633141
       0.01002269265207
       1.00000000000000
 296 298 -1
obdef
loc3d
        4.91562721585699              0.69268557315466            290.85858154296881     -1
kind
     28     
    63900          153925     
        0.00200453853041  
 OBS            298
       0.00768837633355
       0.01069470963915
       1.00000000000000
 297 299 -1
obdef
loc3d
        4.89650463462054              0.68965598658767            806.96582031250000     -1
kind
     28     
    63900          153925     
        0.00213894192783  
 OBS            299
       0.00018340113819
       0.01053807501565
       1.00000000000000
 298 300 -1
obdef
loc3d
        4.90117724149658              0.69117926561099            769.23168945312500     -1
kind
     28     
    63900          153925     
        0.00210761500313  
 OBS            300
       0.00324560329950
       0.01070025521361
       1.00000000000000
 299 -1 -1
obdef
loc3d
        4.91058697772938              0.69047364022544            228.45222473144531     -1
kind
     28     
    63900          153925     
        0.00214005104272  
