 obs_sequence
obs_kind_definitions
       4
    25          LAND_SFC_U_WIND_COMPONENT   
    26          LAND_SFC_V_WIND_COMPONENT   
    27          LAND_SFC_TEMPERATURE   
    28          LAND_SFC_SPECIFIC_HUMIDITY   
  num_copies:            2  num_qc:            1
 num_obs:       300  max_num_obs:       300
observations
truth
QC radar
  first:            1  last:       300
 OBS            1
       0.01252980283249
      -0.73274031461626
       1.00000000000000
 -1 2 -1
obdef
loc3d
        4.90540352515539              0.69194112440599            606.33142089843750     -1
kind
     25     
    54000          153925     
       12.25000000000000  
 OBS            2
       4.37830733595108
       1.19326154468764
       1.00000000000000
 1 3 -1
obdef
loc3d
        4.94546412681761              0.68348353984884             17.75631332397461     -1
kind
     25     
    54000          153925     
       12.25000000000000  
 OBS            3
       4.83149786417287
       1.70554607216030
       1.00000000000000
 2 4 -1
obdef
loc3d
        4.94660974174000              0.67744857875853             29.35406684875488     -1
kind
     25     
    54000          153925     
       12.25000000000000  
 OBS            4
       3.13283577722212
       1.79664727656830
       1.00000000000000
 3 5 -1
obdef
loc3d
        4.94648126630843              0.68652865419204             54.82812500000000     -1
kind
     25     
    54000          153925     
       12.25000000000000  
 OBS            5
       7.33198300806158
       0.44890226923237
       1.00000000000000
 4 6 -1
obdef
loc3d
        4.94445426011379              0.68507566758975             62.61011505126953     -1
kind
     25     
    54000          153925     
       12.25000000000000  
 OBS            6
       4.42418063634435
       2.12704044953151
       1.00000000000000
 5 7 -1
obdef
loc3d
        4.94602055174578              0.68752162087271            134.15721130371091     -1
kind
     25     
    54000          153925     
       12.25000000000000  
 OBS            7
      -1.31344823471088
       2.22910310037804
       1.00000000000000
 6 8 -1
obdef
loc3d
        4.94603912728501              0.67254511985829             35.00297546386719     -1
kind
     25     
    54000          153925     
       12.25000000000000  
 OBS            8
      -0.44833992978210
       2.43990936930399
       1.00000000000000
 7 9 -1
obdef
loc3d
        4.95877904994953              0.67986585977255             17.04111671447754     -1
kind
     25     
    54000          153925     
       12.25000000000000  
 OBS            9
       7.52687879639156
       3.01752088369626
       1.00000000000000
 8 10 -1
obdef
loc3d
        4.93958042817759              0.69095160998657            226.13127136230469     -1
kind
     25     
    54000          153925     
       12.25000000000000  
 OBS            10
       3.54387958329791
       3.05796656749729
       1.00000000000000
 9 11 -1
obdef
loc3d
        4.95756313665553              0.69181797222864             89.84997558593750     -1
kind
     25     
    54000          153925     
       12.25000000000000  
 OBS            11
      -1.75119534933253
       1.42843811893760
       1.00000000000000
 10 12 -1
obdef
loc3d
        4.94078657111844              0.67409210989409             60.81152343750000     -1
kind
     25     
    54000          153925     
       12.25000000000000  
 OBS            12
      -1.44737425331937
       2.39845691847054
       1.00000000000000
 11 13 -1
obdef
loc3d
        4.95557846691255              0.67267262139613              1.00000000000000     -1
kind
     25     
    54000          153925     
       12.25000000000000  
 OBS            13
       2.17359163366748
       2.55657646753867
       1.00000000000000
 12 14 -1
obdef
loc3d
        4.93193348448080              0.68856418981073            106.00000000000000     -1
kind
     25     
    54000          153925     
       12.25000000000000  
 OBS            14
       3.58638847503403
       2.38648930345324
       1.00000000000000
 13 15 -1
obdef
loc3d
        4.89970838141578              0.68765245249877            785.09423828125000     -1
kind
     25     
    54000          153925     
       12.25000000000000  
 OBS            15
       2.59427128069587
       2.75808649599081
       1.00000000000000
 14 16 -1
obdef
loc3d
        4.95026814558372              0.68993059237416             93.11567687988281     -1
kind
     25     
    54000          153925     
       12.25000000000000  
 OBS            16
      -0.88614505992377
       1.36746614673632
       1.00000000000000
 15 17 -1
obdef
loc3d
        4.94174512165160              0.68484635226999            116.56585693359381     -1
kind
     25     
    54000          153925     
       12.25000000000000  
 OBS            17
       1.38894038277160
       2.53469929711137
       1.00000000000000
 16 18 -1
obdef
loc3d
        4.95420735021482              0.68473663912788             15.00000000000000     -1
kind
     25     
    54000          153925     
       12.25000000000000  
 OBS            18
       5.32391919060685
       1.85366569624349
       1.00000000000000
 17 19 -1
obdef
loc3d
        4.93477042118681              0.68310638816012            118.89588928222661     -1
kind
     25     
    54000          153925     
       12.25000000000000  
 OBS            19
       2.43598679798140
       1.81046954988282
       1.00000000000000
 18 20 -1
obdef
loc3d
        4.93795631029682              0.68276407673392            144.94107055664060     -1
kind
     25     
    54000          153925     
       12.25000000000000  
 OBS            20
      -5.11724151203081
       0.84538221844795
       1.00000000000000
 19 21 -1
obdef
loc3d
        4.94001671685736              0.68064929967652             43.67281723022461     -1
kind
     25     
    54000          153925     
       12.25000000000000  
 OBS            21
       0.95774956433399
       1.54922682439480
       1.00000000000000
 20 22 -1
obdef
loc3d
        4.94058460161740              0.67807181314514             70.17810058593750     -1
kind
     25     
    54000          153925     
       12.25000000000000  
 OBS            22
      -1.56551820019221
       2.91286858561843
       1.00000000000000
 21 23 -1
obdef
loc3d
        4.95423295419494              0.68033176843505              3.71636104583740     -1
kind
     25     
    54000          153925     
       12.25000000000000  
 OBS            23
       3.19777035780248
       2.38987464730484
       1.00000000000000
 22 24 -1
obdef
loc3d
        4.94926894458696              0.66642585587446             10.91526031494141     -1
kind
     25     
    54000          153925     
       12.25000000000000  
 OBS            24
      -0.88514682219416
       3.60162984219727
       1.00000000000000
 23 25 -1
obdef
loc3d
        4.96223480186848              0.66700036066835              5.00000000000000     -1
kind
     25     
    54000          153925     
       12.25000000000000  
 OBS            25
       0.09036516605262
       2.54393036918465
       1.00000000000000
 24 26 -1
obdef
loc3d
        4.95546148971009              0.67729393735082              6.17724800109863     -1
kind
     25     
    54000          153925     
       12.25000000000000  
 OBS            26
       2.36297859909143
       1.51585216876903
       1.00000000000000
 25 27 -1
obdef
loc3d
        4.92652723985629              0.69051382381431            146.04148864746091     -1
kind
     25     
    54000          153925     
       12.25000000000000  
 OBS            27
       8.18267975457658
       2.92398810105282
       1.00000000000000
 26 28 -1
obdef
loc3d
        4.96366005344362              0.66920346185787              6.00000000000000     -1
kind
     25     
    54000          153925     
       12.25000000000000  
 OBS            28
       4.91152123725515
       2.55024973357482
       1.00000000000000
 27 29 -1
obdef
loc3d
        4.97052949833720              0.66907739847133              8.84140872955322     -1
kind
     25     
    54000          153925     
       12.25000000000000  
 OBS            29
      -0.27770848070640
       1.98566021256535
       1.00000000000000
 28 30 -1
obdef
loc3d
        4.93505853489354              0.69035668900909            163.38452148437500     -1
kind
     25     
    54000          153925     
       12.25000000000000  
 OBS            30
      -0.56890556006564
       0.96729106570107
       1.00000000000000
 29 31 -1
obdef
loc3d
        4.93979773523841              0.67259214116167             45.00000000000000     -1
kind
     25     
    54000          153925     
       12.25000000000000  
 OBS            31
       6.64090888148601
       2.10959119053085
       1.00000000000000
 30 32 -1
obdef
loc3d
        4.92901815402419              0.68818595396932            126.56063842773440     -1
kind
     25     
    54000          153925     
       12.25000000000000  
 OBS            32
       4.94511703465833
       2.19906530547243
       1.00000000000000
 31 33 -1
obdef
loc3d
        4.92864050752959              0.68988490592333            360.09008789062500     -1
kind
     25     
    54000          153925     
       12.25000000000000  
 OBS            33
       0.77968924255724
       2.76546850824592
       1.00000000000000
 32 34 -1
obdef
loc3d
        4.94071794293451              0.68880476183725            173.77728271484381     -1
kind
     25     
    54000          153925     
       12.25000000000000  
 OBS            34
      -2.61694381778893
       1.49391113069716
       1.00000000000000
 33 35 -1
obdef
loc3d
        4.94475069255349              0.67936922784321             17.10044860839844     -1
kind
     25     
    54000          153925     
       12.25000000000000  
 OBS            35
       2.19454009420659
       2.98625201641712
       1.00000000000000
 34 36 -1
obdef
loc3d
        4.93040524362615              0.68956958577383            472.38653564453119     -1
kind
     25     
    54000          153925     
       12.25000000000000  
 OBS            36
       3.11718674126966
       1.65494472542083
       1.00000000000000
 35 37 -1
obdef
loc3d
        4.93438788521233              0.68743777381223            157.39462280273440     -1
kind
     25     
    54000          153925     
       12.25000000000000  
 OBS            37
       1.62319698481334
       2.30691537281628
       1.00000000000000
 36 38 -1
obdef
loc3d
        4.93003537520636              0.69083454089469            382.75677490234381     -1
kind
     25     
    54000          153925     
       12.25000000000000  
 OBS            38
      -2.78039217766573
       2.20129613748124
       1.00000000000000
 37 39 -1
obdef
loc3d
        4.94262489165251              0.68702513034102            130.29710388183591     -1
kind
     25     
    54000          153925     
       12.25000000000000  
 OBS            39
      -3.23350336253746
       2.38962538825780
       1.00000000000000
 38 40 -1
obdef
loc3d
        4.93100113789334              0.68653549583784             94.66114807128906     -1
kind
     25     
    54000          153925     
       12.25000000000000  
 OBS            40
       1.98400027164583
       2.20193893363617
       1.00000000000000
 39 41 -1
obdef
loc3d
        4.94000002935902              0.67612888350011             59.69976806640625     -1
kind
     25     
    54000          153925     
       12.25000000000000  
 OBS            41
       1.75389477643621
       3.12985990162373
       1.00000000000000
 40 42 -1
obdef
loc3d
        4.94231604692662              0.69077376274482            190.83442687988281     -1
kind
     25     
    54000          153925     
       12.25000000000000  
 OBS            42
       7.42161858519825
       2.04039003719917
       1.00000000000000
 41 43 -1
obdef
loc3d
        4.93554247635603              0.69268257167582            131.09960937500000     -1
kind
     25     
    54000          153925     
       12.25000000000000  
 OBS            43
       4.10861547895614
       1.17450107315518
       1.00000000000000
 42 44 -1
obdef
loc3d
        4.94069913477896              0.68279864123905            131.77731323242190     -1
kind
     25     
    54000          153925     
       12.25000000000000  
 OBS            44
      -1.22840996083236
       0.74666363914429
       1.00000000000000
 43 45 -1
obdef
loc3d
        4.94367854378329              0.67420565331297             56.55799865722656     -1
kind
     25     
    54000          153925     
       12.25000000000000  
 OBS            45
       6.61999237583411
       2.36902728119186
       1.00000000000000
 44 46 -1
obdef
loc3d
        4.93814984943932              0.67457436016830             39.55386734008789     -1
kind
     25     
    54000          153925     
       12.25000000000000  
 OBS            46
       5.73387085221759
       1.48834203585243
       1.00000000000000
 45 47 -1
obdef
loc3d
        4.94253566982520              0.68065092526894             48.56933593750000     -1
kind
     25     
    54000          153925     
       12.25000000000000  
 OBS            47
      -1.17515769262338
       1.76988024999606
       1.00000000000000
 46 48 -1
obdef
loc3d
        4.93593154408741              0.68080949477360             85.35743713378906     -1
kind
     25     
    54000          153925     
       12.25000000000000  
 OBS            48
       1.16254447665442
       2.79519670533834
       1.00000000000000
 47 49 -1
obdef
loc3d
        4.94758068519446              0.69282395273635            179.51908874511719     -1
kind
     25     
    54000          153925     
       12.25000000000000  
 OBS            49
      -0.19016511417738
       1.16385735629534
       1.00000000000000
 48 50 -1
obdef
loc3d
        4.93541634697774              0.67261831698898             21.54207611083984     -1
kind
     25     
    54000          153925     
       12.25000000000000  
 OBS            50
       1.81069952263124
       2.18387771560720
       1.00000000000000
 49 51 -1
obdef
loc3d
        4.93342752395137              0.68533697059699            120.48287200927730     -1
kind
     25     
    54000          153925     
       12.25000000000000  
 OBS            51
       3.85731207554520
       1.53622241061260
       1.00000000000000
 50 52 -1
obdef
loc3d
        4.92811551620144              0.69141391763145            189.00242614746091     -1
kind
     25     
    54000          153925     
       12.25000000000000  
 OBS            52
       0.53549123520584
       1.48714654784678
       1.00000000000000
 51 53 -1
obdef
loc3d
        4.94328780634786              0.67761918906629             21.61136627197266     -1
kind
     25     
    54000          153925     
       12.25000000000000  
 OBS            53
       7.10459073718280
       2.37765459277495
       1.00000000000000
 52 54 -1
obdef
loc3d
        4.93617130041664              0.68578341426755            199.41349792480469     -1
kind
     25     
    54000          153925     
       12.25000000000000  
 OBS            54
       3.78810448952067
       1.50908658258443
       1.00000000000000
 53 55 -1
obdef
loc3d
        4.94488890698391              0.68151038983677             42.34177017211914     -1
kind
     25     
    54000          153925     
       12.25000000000000  
 OBS            55
       4.13145521111719
       1.38795381262063
       1.00000000000000
 54 56 -1
obdef
loc3d
        4.94610769319308              0.67540343249948             44.88281250000000     -1
kind
     25     
    54000          153925     
       12.25000000000000  
 OBS            56
       1.55239288013283
       3.05331896224423
       1.00000000000000
 55 57 -1
obdef
loc3d
        4.93098289428918              0.69278368564599            411.59194946289062     -1
kind
     25     
    54000          153925     
       12.25000000000000  
 OBS            57
       2.11102852802247
       1.77701693202090
       1.00000000000000
 56 58 -1
obdef
loc3d
        4.93746284305807              0.67295620864423             44.45593643188477     -1
kind
     25     
    54000          153925     
       12.25000000000000  
 OBS            58
      -0.72298159877128
       2.64003297190692
       1.00000000000000
 57 59 -1
obdef
loc3d
        4.93742549337872              0.68866580079864            241.84100341796881     -1
kind
     25     
    54000          153925     
       12.25000000000000  
 OBS            59
       1.92440055597568
       1.39078120173742
       1.00000000000000
 58 60 -1
obdef
loc3d
        4.94310367286119              0.67063823067780             37.30942153930664     -1
kind
     25     
    54000          153925     
       12.25000000000000  
 OBS            60
       3.52290958321913
       2.79392221387074
       1.00000000000000
 59 61 -1
obdef
loc3d
        4.94312354358950              0.69286317278749            201.84664916992190     -1
kind
     25     
    54000          153925     
       12.25000000000000  
 OBS            61
       3.46316501075612
       2.45032650497074
       1.00000000000000
 60 62 -1
obdef
loc3d
        4.93202293942753              0.69056809921756            124.38476562500000     -1
kind
     25     
    54000          153925     
       12.25000000000000  
 OBS            62
       1.70975290582642
       2.36307696178834
       1.00000000000000
 61 63 -1
obdef
loc3d
        4.93852899085493              0.69282303339671            210.85327148437500     -1
kind
     25     
    54000          153925     
       12.25000000000000  
 OBS            63
      -1.37871978208435
       2.01075030155547
       1.00000000000000
 62 64 -1
obdef
loc3d
        4.93925110381924              0.68654477021234            169.40324401855469     -1
kind
     25     
    54000          153925     
       12.25000000000000  
 OBS            64
       8.32589250415787
       2.38039621821626
       1.00000000000000
 63 65 -1
obdef
loc3d
        4.94561300163474              0.69021407942450            101.67103576660161     -1
kind
     25     
    54000          153925     
       12.25000000000000  
 OBS            65
       2.34705668756925
       1.79834727288081
       1.00000000000000
 64 66 -1
obdef
loc3d
        4.94677761419795              0.66921213830349             30.00000000000000     -1
kind
     25     
    54000          153925     
       12.25000000000000  
 OBS            66
       0.84119610459580
       1.09155551887771
       1.00000000000000
 65 67 -1
obdef
loc3d
        4.91464000802058              0.69220313236118            256.98049926757812     -1
kind
     25     
    54000          153925     
       12.25000000000000  
 OBS            67
      -4.15617248073503
       0.37208095577727
       1.00000000000000
 66 68 -1
obdef
loc3d
        4.91222840493483              0.69213090540308            311.66015625000000     -1
kind
     25     
    54000          153925     
       12.25000000000000  
 OBS            68
       7.00354929665385
       2.35659160964641
       1.00000000000000
 67 69 -1
obdef
loc3d
        4.90319820253832              0.69077085029214            558.21520996093750     -1
kind
     25     
    54000          153925     
       12.25000000000000  
 OBS            69
       5.43003021376639
      -1.63929462845187
       1.00000000000000
 68 70 -1
obdef
loc3d
        4.90548367400941              0.68961427180382            340.45385742187500     -1
kind
     25     
    54000          153925     
       12.25000000000000  
 OBS            70
       0.39039093632733
       1.35099805022649
       1.00000000000000
 69 71 -1
obdef
loc3d
        4.90182808691748              0.69286665451088            711.58941650390625     -1
kind
     25     
    54000          153925     
       12.25000000000000  
 OBS            71
       1.07182069386279
       2.14225504272867
       1.00000000000000
 70 72 -1
obdef
loc3d
        4.92199514385413              0.69211089395115            185.84292602539060     -1
kind
     25     
    54000          153925     
       12.25000000000000  
 OBS            72
       1.76714795252516
       0.56540912366366
       1.00000000000000
 71 73 -1
obdef
loc3d
        4.91709198426003              0.69266703903771            205.88345336914060     -1
kind
     25     
    54000          153925     
       12.25000000000000  
 OBS            73
      -1.06297133260344
       0.84928787244978
       1.00000000000000
 72 74 -1
obdef
loc3d
        4.91305125126208              0.69031483822850            320.48217773437500     -1
kind
     25     
    54000          153925     
       12.25000000000000  
 OBS            74
      -3.26895005124007
      -0.69907619752145
       1.00000000000000
 73 75 -1
obdef
loc3d
        4.90918301095293              0.69233086407935            229.95614624023440     -1
kind
     25     
    54000          153925     
       12.25000000000000  
 OBS            75
       4.32272593246920
       2.19009622442869
       1.00000000000000
 74 76 -1
obdef
loc3d
        4.90002894620424              0.69031812013417            840.25653076171875     -1
kind
     25     
    54000          153925     
       12.25000000000000  
 OBS            76
       0.59969699626384
       1.73694716169405
       1.00000000000000
 75 77 -1
obdef
loc3d
        4.90540352515539              0.69194112440599            606.33142089843750     -1
kind
     26     
    54000          153925     
       12.25000000000000  
 OBS            77
       0.26615823968572
      -0.36864560419173
       1.00000000000000
 76 78 -1
obdef
loc3d
        4.94546412681761              0.68348353984884             17.75631332397461     -1
kind
     26     
    54000          153925     
       12.25000000000000  
 OBS            78
      -2.31590434517966
      -0.87777271699813
       1.00000000000000
 77 79 -1
obdef
loc3d
        4.94660974174000              0.67744857875853             29.35406684875488     -1
kind
     26     
    54000          153925     
       12.25000000000000  
 OBS            79
       2.62844893749784
      -0.60286660177404
       1.00000000000000
 78 80 -1
obdef
loc3d
        4.94648126630843              0.68652865419204             54.82812500000000     -1
kind
     26     
    54000          153925     
       12.25000000000000  
 OBS            80
      -1.49453199071681
      -0.71876747131449
       1.00000000000000
 79 81 -1
obdef
loc3d
        4.94445426011379              0.68507566758975             62.61011505126953     -1
kind
     26     
    54000          153925     
       12.25000000000000  
 OBS            81
      -0.17621358816709
      -0.47410758259914
       1.00000000000000
 80 82 -1
obdef
loc3d
        4.94602055174578              0.68752162087271            134.15721130371091     -1
kind
     26     
    54000          153925     
       12.25000000000000  
 OBS            82
      -0.09987307744895
      -0.78637512549010
       1.00000000000000
 81 83 -1
obdef
loc3d
        4.94603912728501              0.67254511985829             35.00297546386719     -1
kind
     26     
    54000          153925     
       12.25000000000000  
 OBS            83
       3.56932236190733
      -0.40343658696587
       1.00000000000000
 82 84 -1
obdef
loc3d
        4.95877904994953              0.67986585977255             17.04111671447754     -1
kind
     26     
    54000          153925     
       12.25000000000000  
 OBS            84
      -0.99497943426071
      -1.95982676859673
       1.00000000000000
 83 85 -1
obdef
loc3d
        4.93958042817759              0.69095160998657            226.13127136230469     -1
kind
     26     
    54000          153925     
       12.25000000000000  
 OBS            85
       2.03009630859203
      -0.15288616508344
       1.00000000000000
 84 86 -1
obdef
loc3d
        4.95756313665553              0.69181797222864             89.84997558593750     -1
kind
     26     
    54000          153925     
       12.25000000000000  
 OBS            86
       2.47661925769609
      -0.44350822806202
       1.00000000000000
 85 87 -1
obdef
loc3d
        4.94078657111844              0.67409210989409             60.81152343750000     -1
kind
     26     
    54000          153925     
       12.25000000000000  
 OBS            87
      -1.22725071302689
      -0.47464537259783
       1.00000000000000
 86 88 -1
obdef
loc3d
        4.95557846691255              0.67267262139613              1.00000000000000     -1
kind
     26     
    54000          153925     
       12.25000000000000  
 OBS            88
      -0.01725716471863
      -0.87199824001759
       1.00000000000000
 87 89 -1
obdef
loc3d
        4.93193348448080              0.68856418981073            106.00000000000000     -1
kind
     26     
    54000          153925     
       12.25000000000000  
 OBS            89
       1.70611235837122
       1.18668718225206
       1.00000000000000
 88 90 -1
obdef
loc3d
        4.89970838141578              0.68765245249877            785.09423828125000     -1
kind
     26     
    54000          153925     
       12.25000000000000  
 OBS            90
      -0.30596635567244
      -1.11737644055943
       1.00000000000000
 89 91 -1
obdef
loc3d
        4.95026814558372              0.68993059237416             93.11567687988281     -1
kind
     26     
    54000          153925     
       12.25000000000000  
 OBS            91
      -0.41364219444596
      -0.77305218781248
       1.00000000000000
 90 92 -1
obdef
loc3d
        4.94174512165160              0.68484635226999            116.56585693359381     -1
kind
     26     
    54000          153925     
       12.25000000000000  
 OBS            92
       5.17984592426061
      -2.46858386584635
       1.00000000000000
 91 93 -1
obdef
loc3d
        4.95420735021482              0.68473663912788             15.00000000000000     -1
kind
     26     
    54000          153925     
       12.25000000000000  
 OBS            93
       3.06403615823147
      -0.86130239688616
       1.00000000000000
 92 94 -1
obdef
loc3d
        4.93477042118681              0.68310638816012            118.89588928222661     -1
kind
     26     
    54000          153925     
       12.25000000000000  
 OBS            94
      -0.39947059898268
      -0.49117941029380
       1.00000000000000
 93 95 -1
obdef
loc3d
        4.93795631029682              0.68276407673392            144.94107055664060     -1
kind
     26     
    54000          153925     
       12.25000000000000  
 OBS            95
       0.51647328300380
       1.18299850618557
       1.00000000000000
 94 96 -1
obdef
loc3d
        4.94001671685736              0.68064929967652             43.67281723022461     -1
kind
     26     
    54000          153925     
       12.25000000000000  
 OBS            96
      -0.20049848077421
      -1.51076024169947
       1.00000000000000
 95 97 -1
obdef
loc3d
        4.94058460161740              0.67807181314514             70.17810058593750     -1
kind
     26     
    54000          153925     
       12.25000000000000  
 OBS            97
       2.50077415939286
      -1.91836219287648
       1.00000000000000
 96 98 -1
obdef
loc3d
        4.95423295419494              0.68033176843505              3.71636104583740     -1
kind
     26     
    54000          153925     
       12.25000000000000  
 OBS            98
       4.41704126136728
       1.21107288161370
       1.00000000000000
 97 99 -1
obdef
loc3d
        4.94926894458696              0.66642585587446             10.91526031494141     -1
kind
     26     
    54000          153925     
       12.25000000000000  
 OBS            99
       4.02850183702934
       1.26166455657261
       1.00000000000000
 98 100 -1
obdef
loc3d
        4.96223480186848              0.66700036066835              5.00000000000000     -1
kind
     26     
    54000          153925     
       12.25000000000000  
 OBS            100
       0.34600509827253
      -0.49647675458805
       1.00000000000000
 99 101 -1
obdef
loc3d
        4.95546148971009              0.67729393735082              6.17724800109863     -1
kind
     26     
    54000          153925     
       12.25000000000000  
 OBS            101
      -4.00521928800678
      -2.18838316775874
       1.00000000000000
 100 102 -1
obdef
loc3d
        4.92652723985629              0.69051382381431            146.04148864746091     -1
kind
     26     
    54000          153925     
       12.25000000000000  
 OBS            102
       1.65405653652293
       0.53604371988767
       1.00000000000000
 101 103 -1
obdef
loc3d
        4.96366005344362              0.66920346185787              6.00000000000000     -1
kind
     26     
    54000          153925     
       12.25000000000000  
 OBS            103
       4.09622560757160
       2.21774619600918
       1.00000000000000
 102 104 -1
obdef
loc3d
        4.97052949833720              0.66907739847133              8.84140872955322     -1
kind
     26     
    54000          153925     
       12.25000000000000  
 OBS            104
      -2.39494240866957
      -1.64272672917929
       1.00000000000000
 103 105 -1
obdef
loc3d
        4.93505853489354              0.69035668900909            163.38452148437500     -1
kind
     26     
    54000          153925     
       12.25000000000000  
 OBS            105
      -1.40168743289935
      -0.95576343373064
       1.00000000000000
 104 106 -1
obdef
loc3d
        4.93979773523841              0.67259214116167             45.00000000000000     -1
kind
     26     
    54000          153925     
       12.25000000000000  
 OBS            106
       1.71379175083621
      -1.98372697199577
       1.00000000000000
 105 107 -1
obdef
loc3d
        4.92901815402419              0.68818595396932            126.56063842773440     -1
kind
     26     
    54000          153925     
       12.25000000000000  
 OBS            107
      -2.80726147134096
      -2.35826791716826
       1.00000000000000
 106 108 -1
obdef
loc3d
        4.92864050752959              0.68988490592333            360.09008789062500     -1
kind
     26     
    54000          153925     
       12.25000000000000  
 OBS            108
      -0.86797839481547
      -1.63937097967288
       1.00000000000000
 107 109 -1
obdef
loc3d
        4.94071794293451              0.68880476183725            173.77728271484381     -1
kind
     26     
    54000          153925     
       12.25000000000000  
 OBS            109
      -2.28779669098572
      -1.17197999147522
       1.00000000000000
 108 110 -1
obdef
loc3d
        4.94475069255349              0.67936922784321             17.10044860839844     -1
kind
     26     
    54000          153925     
       12.25000000000000  
 OBS            110
       4.99073190805987
      -1.32383516273072
       1.00000000000000
 109 111 -1
obdef
loc3d
        4.93040524362615              0.68956958577383            472.38653564453119     -1
kind
     26     
    54000          153925     
       12.25000000000000  
 OBS            111
      -2.54038011358308
      -1.87182581332064
       1.00000000000000
 110 112 -1
obdef
loc3d
        4.93438788521233              0.68743777381223            157.39462280273440     -1
kind
     26     
    54000          153925     
       12.25000000000000  
 OBS            112
       1.86593570553269
      -1.69569924213335
       1.00000000000000
 111 113 -1
obdef
loc3d
        4.93003537520636              0.69083454089469            382.75677490234381     -1
kind
     26     
    54000          153925     
       12.25000000000000  
 OBS            113
       3.18322122560139
      -0.83587709305613
       1.00000000000000
 112 114 -1
obdef
loc3d
        4.94262489165251              0.68702513034102            130.29710388183591     -1
kind
     26     
    54000          153925     
       12.25000000000000  
 OBS            114
      -1.68828871265509
      -1.29460498111761
       1.00000000000000
 113 115 -1
obdef
loc3d
        4.93100113789334              0.68653549583784             94.66114807128906     -1
kind
     26     
    54000          153925     
       12.25000000000000  
 OBS            115
      -2.16559834581991
      -0.55772063456067
       1.00000000000000
 114 116 -1
obdef
loc3d
        4.94000002935902              0.67612888350011             59.69976806640625     -1
kind
     26     
    54000          153925     
       12.25000000000000  
 OBS            116
       1.44665328363952
      -1.32506801113313
       1.00000000000000
 115 117 -1
obdef
loc3d
        4.94231604692662              0.69077376274482            190.83442687988281     -1
kind
     26     
    54000          153925     
       12.25000000000000  
 OBS            117
      -3.61337555126261
      -2.44910523475683
       1.00000000000000
 116 118 -1
obdef
loc3d
        4.93554247635603              0.69268257167582            131.09960937500000     -1
kind
     26     
    54000          153925     
       12.25000000000000  
 OBS            118
     -11.88989511229584
      -0.64202509731494
       1.00000000000000
 117 119 -1
obdef
loc3d
        4.94069913477896              0.68279864123905            131.77731323242190     -1
kind
     26     
    54000          153925     
       12.25000000000000  
 OBS            119
      -3.23865704808625
      -1.41207156492938
       1.00000000000000
 118 120 -1
obdef
loc3d
        4.94367854378329              0.67420565331297             56.55799865722656     -1
kind
     26     
    54000          153925     
       12.25000000000000  
 OBS            120
      -5.32625554988101
      -0.78236413859869
       1.00000000000000
 119 121 -1
obdef
loc3d
        4.93814984943932              0.67457436016830             39.55386734008789     -1
kind
     26     
    54000          153925     
       12.25000000000000  
 OBS            121
      -1.77913639246601
      -0.31344655512054
       1.00000000000000
 120 122 -1
obdef
loc3d
        4.94253566982520              0.68065092526894             48.56933593750000     -1
kind
     26     
    54000          153925     
       12.25000000000000  
 OBS            122
       5.22420991324884
      -0.28699591924849
       1.00000000000000
 121 123 -1
obdef
loc3d
        4.93593154408741              0.68080949477360             85.35743713378906     -1
kind
     26     
    54000          153925     
       12.25000000000000  
 OBS            123
      -6.53741542311069
      -1.50090129188723
       1.00000000000000
 122 124 -1
obdef
loc3d
        4.94758068519446              0.69282395273635            179.51908874511719     -1
kind
     26     
    54000          153925     
       12.25000000000000  
 OBS            124
      -1.55531921166217
      -1.87963499116717
       1.00000000000000
 123 125 -1
obdef
loc3d
        4.93541634697774              0.67261831698898             21.54207611083984     -1
kind
     26     
    54000          153925     
       12.25000000000000  
 OBS            125
      -3.54052037634223
      -1.60515712008867
       1.00000000000000
 124 126 -1
obdef
loc3d
        4.93342752395137              0.68533697059699            120.48287200927730     -1
kind
     26     
    54000          153925     
       12.25000000000000  
 OBS            126
      -2.05174444215818
      -2.63492434927332
       1.00000000000000
 125 127 -1
obdef
loc3d
        4.92811551620144              0.69141391763145            189.00242614746091     -1
kind
     26     
    54000          153925     
       12.25000000000000  
 OBS            127
      -0.27837340186408
      -0.75863385881298
       1.00000000000000
 126 128 -1
obdef
loc3d
        4.94328780634786              0.67761918906629             21.61136627197266     -1
kind
     26     
    54000          153925     
       12.25000000000000  
 OBS            128
       2.86164159883000
      -1.28302315803890
       1.00000000000000
 127 129 -1
obdef
loc3d
        4.93617130041664              0.68578341426755            199.41349792480469     -1
kind
     26     
    54000          153925     
       12.25000000000000  
 OBS            129
      -3.07629306093960
      -0.79221822344025
       1.00000000000000
 128 130 -1
obdef
loc3d
        4.94488890698391              0.68151038983677             42.34177017211914     -1
kind
     26     
    54000          153925     
       12.25000000000000  
 OBS            130
      -5.99912343521296
      -0.60853245557905
       1.00000000000000
 129 131 -1
obdef
loc3d
        4.94610769319308              0.67540343249948             44.88281250000000     -1
kind
     26     
    54000          153925     
       12.25000000000000  
 OBS            131
       0.48677461822419
      -2.17035720000471
       1.00000000000000
 130 132 -1
obdef
loc3d
        4.93098289428918              0.69278368564599            411.59194946289062     -1
kind
     26     
    54000          153925     
       12.25000000000000  
 OBS            132
       0.83301128188639
      -1.35188240606748
       1.00000000000000
 131 133 -1
obdef
loc3d
        4.93746284305807              0.67295620864423             44.45593643188477     -1
kind
     26     
    54000          153925     
       12.25000000000000  
 OBS            133
      -1.58738242826618
      -1.81601347695923
       1.00000000000000
 132 134 -1
obdef
loc3d
        4.93742549337872              0.68866580079864            241.84100341796881     -1
kind
     26     
    54000          153925     
       12.25000000000000  
 OBS            134
      -6.15255591453753
      -0.65118648420334
       1.00000000000000
 133 135 -1
obdef
loc3d
        4.94310367286119              0.67063823067780             37.30942153930664     -1
kind
     26     
    54000          153925     
       12.25000000000000  
 OBS            135
      -2.66613722683133
      -2.15732323766408
       1.00000000000000
 134 136 -1
obdef
loc3d
        4.94312354358950              0.69286317278749            201.84664916992190     -1
kind
     26     
    54000          153925     
       12.25000000000000  
 OBS            136
      -3.09473795142571
      -1.49103669158623
       1.00000000000000
 135 137 -1
obdef
loc3d
        4.93202293942753              0.69056809921756            124.38476562500000     -1
kind
     26     
    54000          153925     
       12.25000000000000  
 OBS            137
      -6.21226334290511
      -2.45062492534044
       1.00000000000000
 136 138 -1
obdef
loc3d
        4.93852899085493              0.69282303339671            210.85327148437500     -1
kind
     26     
    54000          153925     
       12.25000000000000  
 OBS            138
       0.71257457783730
      -1.40764376356788
       1.00000000000000
 137 139 -1
obdef
loc3d
        4.93925110381924              0.68654477021234            169.40324401855469     -1
kind
     26     
    54000          153925     
       12.25000000000000  
 OBS            139
      -3.88202434186059
      -1.17669312289555
       1.00000000000000
 138 140 -1
obdef
loc3d
        4.94561300163474              0.69021407942450            101.67103576660161     -1
kind
     26     
    54000          153925     
       12.25000000000000  
 OBS            140
      -1.57346254889087
      -1.04978798672195
       1.00000000000000
 139 141 -1
obdef
loc3d
        4.94677761419795              0.66921213830349             30.00000000000000     -1
kind
     26     
    54000          153925     
       12.25000000000000  
 OBS            141
       0.07549332663776
      -0.01522037331953
       1.00000000000000
 140 142 -1
obdef
loc3d
        4.91464000802058              0.69220313236118            256.98049926757812     -1
kind
     26     
    54000          153925     
       12.25000000000000  
 OBS            142
       0.21075437030950
      -0.06661282120298
       1.00000000000000
 141 143 -1
obdef
loc3d
        4.91222840493483              0.69213090540308            311.66015625000000     -1
kind
     26     
    54000          153925     
       12.25000000000000  
 OBS            143
       1.98931146955931
       0.04044915608800
       1.00000000000000
 142 144 -1
obdef
loc3d
        4.90319820253832              0.69077085029214            558.21520996093750     -1
kind
     26     
    54000          153925     
       12.25000000000000  
 OBS            144
       3.61329903016532
       0.96954243491455
       1.00000000000000
 143 145 -1
obdef
loc3d
        4.90548367400941              0.68961427180382            340.45385742187500     -1
kind
     26     
    54000          153925     
       12.25000000000000  
 OBS            145
       4.04461421379047
       0.41894237182549
       1.00000000000000
 144 146 -1
obdef
loc3d
        4.90182808691748              0.69286665451088            711.58941650390625     -1
kind
     26     
    54000          153925     
       12.25000000000000  
 OBS            146
       1.58715331863056
      -1.90272082776184
       1.00000000000000
 145 147 -1
obdef
loc3d
        4.92199514385413              0.69211089395115            185.84292602539060     -1
kind
     26     
    54000          153925     
       12.25000000000000  
 OBS            147
      -3.78171401089293
      -1.32811771199451
       1.00000000000000
 146 148 -1
obdef
loc3d
        4.91709198426003              0.69266703903771            205.88345336914060     -1
kind
     26     
    54000          153925     
       12.25000000000000  
 OBS            148
       0.78414835286122
      -0.40037735819438
       1.00000000000000
 147 149 -1
obdef
loc3d
        4.91305125126208              0.69031483822850            320.48217773437500     -1
kind
     26     
    54000          153925     
       12.25000000000000  
 OBS            149
      -3.05820063592047
      -0.26973799396506
       1.00000000000000
 148 150 -1
obdef
loc3d
        4.90918301095293              0.69233086407935            229.95614624023440     -1
kind
     26     
    54000          153925     
       12.25000000000000  
 OBS            150
       4.25479360635383
       0.93843526731728
       1.00000000000000
 149 151 -1
obdef
loc3d
        4.90002894620424              0.69031812013417            840.25653076171875     -1
kind
     26     
    54000          153925     
       12.25000000000000  
 OBS            151
     294.26386828894476
     296.25954184080399
       1.00000000000000
 150 152 -1
obdef
loc3d
        4.90540352515539              0.69194112440599            606.33142089843750     -1
kind
     27     
    54000          153925     
        6.25000000000000  
 OBS            152
     300.79583433352622
     300.72472396753398
       1.00000000000000
 151 153 -1
obdef
loc3d
        4.94546412681761              0.68348353984884             17.75631332397461     -1
kind
     27     
    54000          153925     
        6.25000000000000  
 OBS            153
     300.16692627944059
     300.90895732912099
       1.00000000000000
 152 154 -1
obdef
loc3d
        4.94660974174000              0.67744857875853             29.35406684875488     -1
kind
     27     
    54000          153925     
        6.25000000000000  
 OBS            154
     301.16794706954090
     300.84251138337299
       1.00000000000000
 153 155 -1
obdef
loc3d
        4.94648126630843              0.68652865419204             54.82812500000000     -1
kind
     27     
    54000          153925     
        6.25000000000000  
 OBS            155
     300.33998853235971
     300.66833761004199
       1.00000000000000
 154 156 -1
obdef
loc3d
        4.94445426011379              0.68507566758975             62.61011505126953     -1
kind
     27     
    54000          153925     
        6.25000000000000  
 OBS            156
     300.40786978873632
     300.29672694996901
       1.00000000000000
 155 157 -1
obdef
loc3d
        4.94602055174578              0.68752162087271            134.15721130371091     -1
kind
     27     
    54000          153925     
        6.25000000000000  
 OBS            157
     303.88473158631928
     302.04722680606500
       1.00000000000000
 156 158 -1
obdef
loc3d
        4.94603912728501              0.67254511985829             35.00297546386719     -1
kind
     27     
    54000          153925     
        6.25000000000000  
 OBS            158
     304.43757101002927
     302.26080893506997
       1.00000000000000
 157 159 -1
obdef
loc3d
        4.95877904994953              0.67986585977255             17.04111671447754     -1
kind
     27     
    54000          153925     
        6.25000000000000  
 OBS            159
     299.92166367347056
     299.21279423311398
       1.00000000000000
 158 160 -1
obdef
loc3d
        4.93958042817759              0.69095160998657            226.13127136230469     -1
kind
     27     
    54000          153925     
        6.25000000000000  
 OBS            160
     299.73345320702560
     300.01928444058098
       1.00000000000000
 159 161 -1
obdef
loc3d
        4.95756313665553              0.69181797222864             89.84997558593750     -1
kind
     27     
    54000          153925     
        6.25000000000000  
 OBS            161
     302.76595083032259
     301.75126344947103
       1.00000000000000
 160 162 -1
obdef
loc3d
        4.94078657111844              0.67409210989409             60.81152343750000     -1
kind
     27     
    54000          153925     
        6.25000000000000  
 OBS            162
     303.23122519373311
     303.03217287486001
       1.00000000000000
 161 163 -1
obdef
loc3d
        4.95557846691255              0.67267262139613              1.00000000000000     -1
kind
     27     
    54000          153925     
        6.25000000000000  
 OBS            163
     299.16413053207253
     300.38410024867602
       1.00000000000000
 162 164 -1
obdef
loc3d
        4.93193348448080              0.68856418981073            106.00000000000000     -1
kind
     27     
    54000          153925     
        6.25000000000000  
 OBS            164
     294.05219082705401
     296.16161200064602
       1.00000000000000
 163 165 -1
obdef
loc3d
        4.89970838141578              0.68765245249877            785.09423828125000     -1
kind
     27     
    54000          153925     
        6.25000000000000  
 OBS            165
     298.70321877362471
     300.20990971855099
       1.00000000000000
 164 166 -1
obdef
loc3d
        4.95026814558372              0.68993059237416             93.11567687988281     -1
kind
     27     
    54000          153925     
        6.25000000000000  
 OBS            166
     300.54085223896703
     300.66694815905902
       1.00000000000000
 165 167 -1
obdef
loc3d
        4.94174512165160              0.68484635226999            116.56585693359381     -1
kind
     27     
    54000          153925     
        6.25000000000000  
 OBS            167
     300.18273766280618
     300.87924189705700
       1.00000000000000
 166 168 -1
obdef
loc3d
        4.95420735021482              0.68473663912788             15.00000000000000     -1
kind
     27     
    54000          153925     
        6.25000000000000  
 OBS            168
     301.59405878565155
     300.82497686379003
       1.00000000000000
 167 169 -1
obdef
loc3d
        4.93477042118681              0.68310638816012            118.89588928222661     -1
kind
     27     
    54000          153925     
        6.25000000000000  
 OBS            169
     301.69011953499114
     300.53664315901398
       1.00000000000000
 168 170 -1
obdef
loc3d
        4.93795631029682              0.68276407673392            144.94107055664060     -1
kind
     27     
    54000          153925     
        6.25000000000000  
 OBS            170
     298.69925523179887
     300.58597834385699
       1.00000000000000
 169 171 -1
obdef
loc3d
        4.94001671685736              0.68064929967652             43.67281723022461     -1
kind
     27     
    54000          153925     
        6.25000000000000  
 OBS            171
     301.09889738270124
     300.76520421549202
       1.00000000000000
 170 172 -1
obdef
loc3d
        4.94058460161740              0.67807181314514             70.17810058593750     -1
kind
     27     
    54000          153925     
        6.25000000000000  
 OBS            172
     299.13837864446691
     300.99574918798697
       1.00000000000000
 171 173 -1
obdef
loc3d
        4.95423295419494              0.68033176843505              3.71636104583740     -1
kind
     27     
    54000          153925     
        6.25000000000000  
 OBS            173
     302.52577084752113
     303.56506384626800
       1.00000000000000
 172 174 -1
obdef
loc3d
        4.94926894458696              0.66642585587446             10.91526031494141     -1
kind
     27     
    54000          153925     
        6.25000000000000  
 OBS            174
     304.68943094129378
     303.60284302178201
       1.00000000000000
 173 175 -1
obdef
loc3d
        4.96223480186848              0.66700036066835              5.00000000000000     -1
kind
     27     
    54000          153925     
        6.25000000000000  
 OBS            175
     302.18223132491516
     302.28773596106402
       1.00000000000000
 174 176 -1
obdef
loc3d
        4.95546148971009              0.67729393735082              6.17724800109863     -1
kind
     27     
    54000          153925     
        6.25000000000000  
 OBS            176
     300.06973169919121
     298.83239708641298
       1.00000000000000
 175 177 -1
obdef
loc3d
        4.92652723985629              0.69051382381431            146.04148864746091     -1
kind
     27     
    54000          153925     
        6.25000000000000  
 OBS            177
     301.31209724933035
     302.64125824624801
       1.00000000000000
 176 178 -1
obdef
loc3d
        4.96366005344362              0.66920346185787              6.00000000000000     -1
kind
     27     
    54000          153925     
        6.25000000000000  
 OBS            178
     302.32225237925036
     302.21627715950802
       1.00000000000000
 177 179 -1
obdef
loc3d
        4.97052949833720              0.66907739847133              8.84140872955322     -1
kind
     27     
    54000          153925     
        6.25000000000000  
 OBS            179
     299.54923379236772
     299.29071189306200
       1.00000000000000
 178 180 -1
obdef
loc3d
        4.93505853489354              0.69035668900909            163.38452148437500     -1
kind
     27     
    54000          153925     
        6.25000000000000  
 OBS            180
     303.16457680906632
     301.96613392010897
       1.00000000000000
 179 181 -1
obdef
loc3d
        4.93979773523841              0.67259214116167             45.00000000000000     -1
kind
     27     
    54000          153925     
        6.25000000000000  
 OBS            181
     297.95656389626208
     299.03888955787500
       1.00000000000000
 180 182 -1
obdef
loc3d
        4.92901815402419              0.68818595396932            126.56063842773440     -1
kind
     27     
    54000          153925     
        6.25000000000000  
 OBS            182
     295.27521155165226
     297.00619313101600
       1.00000000000000
 181 183 -1
obdef
loc3d
        4.92864050752959              0.68988490592333            360.09008789062500     -1
kind
     27     
    54000          153925     
        6.25000000000000  
 OBS            183
     299.16022094450597
     299.81021878624199
       1.00000000000000
 182 184 -1
obdef
loc3d
        4.94071794293451              0.68880476183725            173.77728271484381     -1
kind
     27     
    54000          153925     
        6.25000000000000  
 OBS            184
     300.76210898507867
     300.48876125361699
       1.00000000000000
 183 185 -1
obdef
loc3d
        4.94475069255349              0.67936922784321             17.10044860839844     -1
kind
     27     
    54000          153925     
        6.25000000000000  
 OBS            185
     300.79590282768737
     297.34451180528600
       1.00000000000000
 184 186 -1
obdef
loc3d
        4.93040524362615              0.68956958577383            472.38653564453119     -1
kind
     27     
    54000          153925     
        6.25000000000000  
 OBS            186
     298.95203106982859
     298.48541319561201
       1.00000000000000
 185 187 -1
obdef
loc3d
        4.93438788521233              0.68743777381223            157.39462280273440     -1
kind
     27     
    54000          153925     
        6.25000000000000  
 OBS            187
     297.07022396880137
     297.04626560268599
       1.00000000000000
 186 188 -1
obdef
loc3d
        4.93003537520636              0.69083454089469            382.75677490234381     -1
kind
     27     
    54000          153925     
        6.25000000000000  
 OBS            188
     300.80245931801801
     299.97621209082502
       1.00000000000000
 187 189 -1
obdef
loc3d
        4.94262489165251              0.68702513034102            130.29710388183591     -1
kind
     27     
    54000          153925     
        6.25000000000000  
 OBS            189
     298.59224324889988
     300.19224628765897
       1.00000000000000
 188 190 -1
obdef
loc3d
        4.93100113789334              0.68653549583784             94.66114807128906     -1
kind
     27     
    54000          153925     
        6.25000000000000  
 OBS            190
     301.15603538032053
     301.81776573361202
       1.00000000000000
 189 191 -1
obdef
loc3d
        4.94000002935902              0.67612888350011             59.69976806640625     -1
kind
     27     
    54000          153925     
        6.25000000000000  
 OBS            191
     300.75967552077572
     299.46504752603499
       1.00000000000000
 190 192 -1
obdef
loc3d
        4.94231604692662              0.69077376274482            190.83442687988281     -1
kind
     27     
    54000          153925     
        6.25000000000000  
 OBS            192
     301.46154330588274
     299.29460569207401
       1.00000000000000
 191 193 -1
obdef
loc3d
        4.93554247635603              0.69268257167582            131.09960937500000     -1
kind
     27     
    54000          153925     
        6.25000000000000  
 OBS            193
     300.55509553727148
     300.65597576201401
       1.00000000000000
 192 194 -1
obdef
loc3d
        4.94069913477896              0.68279864123905            131.77731323242190     -1
kind
     27     
    54000          153925     
        6.25000000000000  
 OBS            194
     302.85912489742941
     301.90817635732498
       1.00000000000000
 193 195 -1
obdef
loc3d
        4.94367854378329              0.67420565331297             56.55799865722656     -1
kind
     27     
    54000          153925     
        6.25000000000000  
 OBS            195
     303.12222558452595
     302.08520569501798
       1.00000000000000
 194 196 -1
obdef
loc3d
        4.93814984943932              0.67457436016830             39.55386734008789     -1
kind
     27     
    54000          153925     
        6.25000000000000  
 OBS            196
     299.90153842301180
     300.19293308081501
       1.00000000000000
 195 197 -1
obdef
loc3d
        4.94253566982520              0.68065092526894             48.56933593750000     -1
kind
     27     
    54000          153925     
        6.25000000000000  
 OBS            197
     301.46324559867935
     301.04153541020003
       1.00000000000000
 196 198 -1
obdef
loc3d
        4.93593154408741              0.68080949477360             85.35743713378906     -1
kind
     27     
    54000          153925     
        6.25000000000000  
 OBS            198
     299.55117971492285
     298.67582805632799
       1.00000000000000
 197 199 -1
obdef
loc3d
        4.94758068519446              0.69282395273635            179.51908874511719     -1
kind
     27     
    54000          153925     
        6.25000000000000  
 OBS            199
     302.97225487895275
     301.57519726696501
       1.00000000000000
 198 200 -1
obdef
loc3d
        4.93541634697774              0.67261831698898             21.54207611083984     -1
kind
     27     
    54000          153925     
        6.25000000000000  
 OBS            200
     301.50324226153901
     300.29443583624800
       1.00000000000000
 199 201 -1
obdef
loc3d
        4.93342752395137              0.68533697059699            120.48287200927730     -1
kind
     27     
    54000          153925     
        6.25000000000000  
 OBS            201
     296.34799663342534
     298.39016539423500
       1.00000000000000
 200 202 -1
obdef
loc3d
        4.92811551620144              0.69141391763145            189.00242614746091     -1
kind
     27     
    54000          153925     
        6.25000000000000  
 OBS            202
     302.38987677073743
     301.18663207536201
       1.00000000000000
 201 203 -1
obdef
loc3d
        4.94328780634786              0.67761918906629             21.61136627197266     -1
kind
     27     
    54000          153925     
        6.25000000000000  
 OBS            203
     299.18955037441089
     299.49101231099502
       1.00000000000000
 202 204 -1
obdef
loc3d
        4.93617130041664              0.68578341426755            199.41349792480469     -1
kind
     27     
    54000          153925     
        6.25000000000000  
 OBS            204
     301.85074158682193
     300.35411272895101
       1.00000000000000
 203 205 -1
obdef
loc3d
        4.94488890698391              0.68151038983677             42.34177017211914     -1
kind
     27     
    54000          153925     
        6.25000000000000  
 OBS            205
     301.01965631057107
     300.64313950332797
       1.00000000000000
 204 206 -1
obdef
loc3d
        4.94610769319308              0.67540343249948             44.88281250000000     -1
kind
     27     
    54000          153925     
        6.25000000000000  
 OBS            206
     296.48977912883515
     295.96938793027101
       1.00000000000000
 205 207 -1
obdef
loc3d
        4.93098289428918              0.69278368564599            411.59194946289062     -1
kind
     27     
    54000          153925     
        6.25000000000000  
 OBS            207
     301.62707769459269
     302.38635621045302
       1.00000000000000
 206 208 -1
obdef
loc3d
        4.93746284305807              0.67295620864423             44.45593643188477     -1
kind
     27     
    54000          153925     
        6.25000000000000  
 OBS            208
     297.50303752012110
     298.74391602918598
       1.00000000000000
 207 209 -1
obdef
loc3d
        4.93742549337872              0.68866580079864            241.84100341796881     -1
kind
     27     
    54000          153925     
        6.25000000000000  
 OBS            209
     304.05690389995397
     302.80864273485201
       1.00000000000000
 208 210 -1
obdef
loc3d
        4.94310367286119              0.67063823067780             37.30942153930664     -1
kind
     27     
    54000          153925     
        6.25000000000000  
 OBS            210
     298.42808787250078
     298.74259968541298
       1.00000000000000
 209 211 -1
obdef
loc3d
        4.94312354358950              0.69286317278749            201.84664916992190     -1
kind
     27     
    54000          153925     
        6.25000000000000  
 OBS            211
     299.52160210446215
     300.08766261276099
       1.00000000000000
 210 212 -1
obdef
loc3d
        4.93202293942753              0.69056809921756            124.38476562500000     -1
kind
     27     
    54000          153925     
        6.25000000000000  
 OBS            212
     299.47354554224938
     298.74426346216700
       1.00000000000000
 211 213 -1
obdef
loc3d
        4.93852899085493              0.69282303339671            210.85327148437500     -1
kind
     27     
    54000          153925     
        6.25000000000000  
 OBS            213
     300.93784904050443
     299.99248141750098
       1.00000000000000
 212 214 -1
obdef
loc3d
        4.93925110381924              0.68654477021234            169.40324401855469     -1
kind
     27     
    54000          153925     
        6.25000000000000  
 OBS            214
     301.57131871422803
     300.20715814014898
       1.00000000000000
 213 215 -1
obdef
loc3d
        4.94561300163474              0.69021407942450            101.67103576660161     -1
kind
     27     
    54000          153925     
        6.25000000000000  
 OBS            215
     304.42854507698326
     303.79377114578602
       1.00000000000000
 214 216 -1
obdef
loc3d
        4.94677761419795              0.66921213830349             30.00000000000000     -1
kind
     27     
    54000          153925     
        6.25000000000000  
 OBS            216
     298.40768606741278
     298.15203344478300
       1.00000000000000
 215 217 -1
obdef
loc3d
        4.91464000802058              0.69220313236118            256.98049926757812     -1
kind
     27     
    54000          153925     
        6.25000000000000  
 OBS            217
     298.14523234761538
     297.85926061128100
       1.00000000000000
 216 218 -1
obdef
loc3d
        4.91222840493483              0.69213090540308            311.66015625000000     -1
kind
     27     
    54000          153925     
        6.25000000000000  
 OBS            218
     294.37164182068756
     295.28653710178003
       1.00000000000000
 217 219 -1
obdef
loc3d
        4.90319820253832              0.69077085029214            558.21520996093750     -1
kind
     27     
    54000          153925     
        6.25000000000000  
 OBS            219
     298.81957004219038
     297.97411408993901
       1.00000000000000
 218 220 -1
obdef
loc3d
        4.90548367400941              0.68961427180382            340.45385742187500     -1
kind
     27     
    54000          153925     
        6.25000000000000  
 OBS            220
     295.09045661690988
     295.39769917780899
       1.00000000000000
 219 221 -1
obdef
loc3d
        4.90182808691748              0.69286665451088            711.58941650390625     -1
kind
     27     
    54000          153925     
        6.25000000000000  
 OBS            221
     298.35533206404381
     298.81830290365400
       1.00000000000000
 220 222 -1
obdef
loc3d
        4.92199514385413              0.69211089395115            185.84292602539060     -1
kind
     27     
    54000          153925     
        6.25000000000000  
 OBS            222
     299.69312072200131
     298.14496632375102
       1.00000000000000
 221 223 -1
obdef
loc3d
        4.91709198426003              0.69266703903771            205.88345336914060     -1
kind
     27     
    54000          153925     
        6.25000000000000  
 OBS            223
     297.78765870702767
     298.34551467920699
       1.00000000000000
 222 224 -1
obdef
loc3d
        4.91305125126208              0.69031483822850            320.48217773437500     -1
kind
     27     
    54000          153925     
        6.25000000000000  
 OBS            224
     298.36727084134725
     298.30209327317300
       1.00000000000000
 223 225 -1
obdef
loc3d
        4.90918301095293              0.69233086407935            229.95614624023440     -1
kind
     27     
    54000          153925     
        6.25000000000000  
 OBS            225
     296.24842235690664
     295.33299036798797
       1.00000000000000
 224 226 -1
obdef
loc3d
        4.90002894620424              0.69031812013417            840.25653076171875     -1
kind
     27     
    54000          153925     
        6.25000000000000  
 OBS            226
       0.02664428377474
       0.01156146245212
       1.00000000000000
 225 227 -1
obdef
loc3d
        4.90540352515539              0.69194112440599            606.33142089843750     -1
kind
     28     
    54000          153925     
        0.00231229249042  
 OBS            227
       0.00665266622519
       0.01373100606232
       1.00000000000000
 226 228 -1
obdef
loc3d
        4.94546412681761              0.68348353984884             17.75631332397461     -1
kind
     28     
    54000          153925     
        0.00274620121246  
 OBS            228
       0.01900717155293
       0.01290881183243
       1.00000000000000
 227 229 -1
obdef
loc3d
        4.94660974174000              0.67744857875853             29.35406684875488     -1
kind
     28     
    54000          153925     
        0.00258176236649  
 OBS            229
       0.02047863454585
       0.01246664139195
       1.00000000000000
 228 230 -1
obdef
loc3d
        4.94648126630843              0.68652865419204             54.82812500000000     -1
kind
     28     
    54000          153925     
        0.00249332827839  
 OBS            230
       0.00000000000000
       0.01287439077394
       1.00000000000000
 229 231 -1
obdef
loc3d
        4.94445426011379              0.68507566758975             62.61011505126953     -1
kind
     28     
    54000          153925     
        0.00257487815479  
 OBS            231
       0.00638420730981
       0.01247114171929
       1.00000000000000
 230 232 -1
obdef
loc3d
        4.94602055174578              0.68752162087271            134.15721130371091     -1
kind
     28     
    54000          153925     
        0.00249422834386  
 OBS            232
       0.00908769536691
       0.01212862801943
       1.00000000000000
 231 233 -1
obdef
loc3d
        4.94603912728501              0.67254511985829             35.00297546386719     -1
kind
     28     
    54000          153925     
        0.00242572560389  
 OBS            233
       0.03242049737788
       0.01166653245104
       1.00000000000000
 232 234 -1
obdef
loc3d
        4.95877904994953              0.67986585977255             17.04111671447754     -1
kind
     28     
    54000          153925     
        0.00233330649021  
 OBS            234
       0.00808623601395
       0.01120967967339
       1.00000000000000
 233 235 -1
obdef
loc3d
        4.93958042817759              0.69095160998657            226.13127136230469     -1
kind
     28     
    54000          153925     
        0.00224193593468  
 OBS            235
       0.02485734046027
       0.01162147039679
       1.00000000000000
 234 236 -1
obdef
loc3d
        4.95756313665553              0.69181797222864             89.84997558593750     -1
kind
     28     
    54000          153925     
        0.00232429407936  
 OBS            236
       0.00264832734695
       0.01267904843752
       1.00000000000000
 235 237 -1
obdef
loc3d
        4.94078657111844              0.67409210989409             60.81152343750000     -1
kind
     28     
    54000          153925     
        0.00253580968750  
 OBS            237
       0.00798605069132
       0.01183898066617
       1.00000000000000
 236 238 -1
obdef
loc3d
        4.95557846691255              0.67267262139613              1.00000000000000     -1
kind
     28     
    54000          153925     
        0.00236779613323  
 OBS            238
       0.00856836953635
       0.01211598954361
       1.00000000000000
 237 239 -1
obdef
loc3d
        4.93193348448080              0.68856418981073            106.00000000000000     -1
kind
     28     
    54000          153925     
        0.00242319790872  
 OBS            239
       0.03871242569588
       0.01093506401529
       1.00000000000000
 238 240 -1
obdef
loc3d
        4.89970838141578              0.68765245249877            785.09423828125000     -1
kind
     28     
    54000          153925     
        0.00218701280306  
 OBS            240
       0.02171567484490
       0.01158641108675
       1.00000000000000
 239 241 -1
obdef
loc3d
        4.95026814558372              0.68993059237416             93.11567687988281     -1
kind
     28     
    54000          153925     
        0.00231728221735  
 OBS            241
       0.02602397055280
       0.01225599684171
       1.00000000000000
 240 242 -1
obdef
loc3d
        4.94174512165160              0.68484635226999            116.56585693359381     -1
kind
     28     
    54000          153925     
        0.00245119936834  
 OBS            242
       0.02281016940589
       0.01374641705646
       1.00000000000000
 241 243 -1
obdef
loc3d
        4.95420735021482              0.68473663912788             15.00000000000000     -1
kind
     28     
    54000          153925     
        0.00274928341129  
 OBS            243
       0.00255767716126
       0.01302261555132
       1.00000000000000
 242 244 -1
obdef
loc3d
        4.93477042118681              0.68310638816012            118.89588928222661     -1
kind
     28     
    54000          153925     
        0.00260452311026  
 OBS            244
       0.02965072876865
       0.01284177887126
       1.00000000000000
 243 245 -1
obdef
loc3d
        4.93795631029682              0.68276407673392            144.94107055664060     -1
kind
     28     
    54000          153925     
        0.00256835577425  
 OBS            245
       0.02376973396082
       0.01386481655098
       1.00000000000000
 244 246 -1
obdef
loc3d
        4.94001671685736              0.68064929967652             43.67281723022461     -1
kind
     28     
    54000          153925     
        0.00277296331020  
 OBS            246
       0.00707095029588
       0.01330433584003
       1.00000000000000
 245 247 -1
obdef
loc3d
        4.94058460161740              0.67807181314514             70.17810058593750     -1
kind
     28     
    54000          153925     
        0.00266086716801  
 OBS            247
       0.00000000000000
       0.01262820053582
       1.00000000000000
 246 248 -1
obdef
loc3d
        4.95423295419494              0.68033176843505              3.71636104583740     -1
kind
     28     
    54000          153925     
        0.00252564010716  
 OBS            248
       0.01738456418424
       0.01277547819653
       1.00000000000000
 247 249 -1
obdef
loc3d
        4.94926894458696              0.66642585587446             10.91526031494141     -1
kind
     28     
    54000          153925     
        0.00255509563931  
 OBS            249
       0.02967569664933
       0.01289330971615
       1.00000000000000
 248 250 -1
obdef
loc3d
        4.96223480186848              0.66700036066835              5.00000000000000     -1
kind
     28     
    54000          153925     
        0.00257866194323  
 OBS            250
       0.02082474472836
       0.01157543879962
       1.00000000000000
 249 251 -1
obdef
loc3d
        4.95546148971009              0.67729393735082              6.17724800109863     -1
kind
     28     
    54000          153925     
        0.00231508775992  
 OBS            251
       0.00482489083158
       0.01202112710223
       1.00000000000000
 250 252 -1
obdef
loc3d
        4.92652723985629              0.69051382381431            146.04148864746091     -1
kind
     28     
    54000          153925     
        0.00240422542045  
 OBS            252
       0.00000000000000
       0.01267300420279
       1.00000000000000
 251 253 -1
obdef
loc3d
        4.96366005344362              0.66920346185787              6.00000000000000     -1
kind
     28     
    54000          153925     
        0.00253460084056  
 OBS            253
       0.00663374298721
       0.01440528079090
       1.00000000000000
 252 254 -1
obdef
loc3d
        4.97052949833720              0.66907739847133              8.84140872955322     -1
kind
     28     
    54000          153925     
        0.00288105615818  
 OBS            254
       0.02201898762973
       0.01201737982220
       1.00000000000000
 253 255 -1
obdef
loc3d
        4.93505853489354              0.69035668900909            163.38452148437500     -1
kind
     28     
    54000          153925     
        0.00240347596444  
 OBS            255
       0.00319952057763
       0.01278415783215
       1.00000000000000
 254 256 -1
obdef
loc3d
        4.93979773523841              0.67259214116167             45.00000000000000     -1
kind
     28     
    54000          153925     
        0.00255683156643  
 OBS            256
       0.00267351083684
       0.01318515632016
       1.00000000000000
 255 257 -1
obdef
loc3d
        4.92901815402419              0.68818595396932            126.56063842773440     -1
kind
     28     
    54000          153925     
        0.00263703126403  
 OBS            257
       0.00821228669637
       0.01273535739520
       1.00000000000000
 256 258 -1
obdef
loc3d
        4.92864050752959              0.68988490592333            360.09008789062500     -1
kind
     28     
    54000          153925     
        0.00254707147904  
 OBS            258
       0.02039545565268
       0.01193468940561
       1.00000000000000
 257 259 -1
obdef
loc3d
        4.94071794293451              0.68880476183725            173.77728271484381     -1
kind
     28     
    54000          153925     
        0.00238693788112  
 OBS            259
       0.02646761381231
       0.01393850344034
       1.00000000000000
 258 260 -1
obdef
loc3d
        4.94475069255349              0.67936922784321             17.10044860839844     -1
kind
     28     
    54000          153925     
        0.00278770068807  
 OBS            260
       0.00591029998931
       0.01256733726123
       1.00000000000000
 259 261 -1
obdef
loc3d
        4.93040524362615              0.68956958577383            472.38653564453119     -1
kind
     28     
    54000          153925     
        0.00251346745225  
 OBS            261
       0.00671675413271
       0.01326552044311
       1.00000000000000
 260 262 -1
obdef
loc3d
        4.93438788521233              0.68743777381223            157.39462280273440     -1
kind
     28     
    54000          153925     
        0.00265310408862  
 OBS            262
       0.00164745825614
       0.01207834454914
       1.00000000000000
 261 263 -1
obdef
loc3d
        4.93003537520636              0.69083454089469            382.75677490234381     -1
kind
     28     
    54000          153925     
        0.00241566890983  
 OBS            263
       0.01818123214155
       0.01259114989917
       1.00000000000000
 262 264 -1
obdef
loc3d
        4.94262489165251              0.68702513034102            130.29710388183591     -1
kind
     28     
    54000          153925     
        0.00251822997983  
 OBS            264
       0.00562454257726
       0.01279178925030
       1.00000000000000
 263 265 -1
obdef
loc3d
        4.93100113789334              0.68653549583784             94.66114807128906     -1
kind
     28     
    54000          153925     
        0.00255835785006  
 OBS            265
       0.00705923317203
       0.01198582121248
       1.00000000000000
 264 266 -1
obdef
loc3d
        4.94000002935902              0.67612888350011             59.69976806640625     -1
kind
     28     
    54000          153925     
        0.00239716424250  
 OBS            266
       0.02563671579819
       0.01120560623967
       1.00000000000000
 265 267 -1
obdef
loc3d
        4.94231604692662              0.69077376274482            190.83442687988281     -1
kind
     28     
    54000          153925     
        0.00224112124793  
 OBS            267
       0.01135966643998
       0.01092624286815
       1.00000000000000
 266 268 -1
obdef
loc3d
        4.93554247635603              0.69268257167582            131.09960937500000     -1
kind
     28     
    54000          153925     
        0.00218524857363  
 OBS            268
       0.01380194680016
       0.01290534503678
       1.00000000000000
 267 269 -1
obdef
loc3d
        4.94069913477896              0.68279864123905            131.77731323242190     -1
kind
     28     
    54000          153925     
        0.00258106900736  
 OBS            269
       0.02156490205388
       0.01202076867253
       1.00000000000000
 268 270 -1
obdef
loc3d
        4.94367854378329              0.67420565331297             56.55799865722656     -1
kind
     28     
    54000          153925     
        0.00240415373451  
 OBS            270
       0.00103634634490
       0.01217144072315
       1.00000000000000
 269 271 -1
obdef
loc3d
        4.93814984943932              0.67457436016830             39.55386734008789     -1
kind
     28     
    54000          153925     
        0.00243428814463  
 OBS            271
       0.01620230815902
       0.01444558661945
       1.00000000000000
 270 272 -1
obdef
loc3d
        4.94253566982520              0.68065092526894             48.56933593750000     -1
kind
     28     
    54000          153925     
        0.00288911732389  
 OBS            272
       0.01053875081976
       0.01276738692184
       1.00000000000000
 271 273 -1
obdef
loc3d
        4.93593154408741              0.68080949477360             85.35743713378906     -1
kind
     28     
    54000          153925     
        0.00255347738437  
 OBS            273
       0.00000000000000
       0.00972305903963
       1.00000000000000
 272 274 -1
obdef
loc3d
        4.94758068519446              0.69282395273635            179.51908874511719     -1
kind
     28     
    54000          153925     
        0.00194461180793  
 OBS            274
       0.03706699820353
       0.01257238129740
       1.00000000000000
 273 275 -1
obdef
loc3d
        4.93541634697774              0.67261831698898             21.54207611083984     -1
kind
     28     
    54000          153925     
        0.00251447625948  
 OBS            275
       0.00831578489291
       0.01288447891651
       1.00000000000000
 274 276 -1
obdef
loc3d
        4.93342752395137              0.68533697059699            120.48287200927730     -1
kind
     28     
    54000          153925     
        0.00257689578330  
 OBS            276
       0.01666089517956
       0.01182586204958
       1.00000000000000
 275 277 -1
obdef
loc3d
        4.92811551620144              0.69141391763145            189.00242614746091     -1
kind
     28     
    54000          153925     
        0.00236517240992  
 OBS            277
       0.02314720148051
       0.01219268245308
       1.00000000000000
 276 278 -1
obdef
loc3d
        4.94328780634786              0.67761918906629             21.61136627197266     -1
kind
     28     
    54000          153925     
        0.00243853649062  
 OBS            278
       0.01777755023985
       0.01278823268324
       1.00000000000000
 277 279 -1
obdef
loc3d
        4.93617130041664              0.68578341426755            199.41349792480469     -1
kind
     28     
    54000          153925     
        0.00255764653665  
 OBS            279
       0.02231994414915
       0.01395447394304
       1.00000000000000
 278 280 -1
obdef
loc3d
        4.94488890698391              0.68151038983677             42.34177017211914     -1
kind
     28     
    54000          153925     
        0.00279089478861  
 OBS            280
       0.05137204131681
       0.01268757506682
       1.00000000000000
 279 281 -1
obdef
loc3d
        4.94610769319308              0.67540343249948             44.88281250000000     -1
kind
     28     
    54000          153925     
        0.00253751501336  
 OBS            281
       0.01265414544805
       0.01123824078386
       1.00000000000000
 280 282 -1
obdef
loc3d
        4.93098289428918              0.69278368564599            411.59194946289062     -1
kind
     28     
    54000          153925     
        0.00224764815677  
 OBS            282
       0.00000000000000
       0.01210226840711
       1.00000000000000
 281 283 -1
obdef
loc3d
        4.93746284305807              0.67295620864423             44.45593643188477     -1
kind
     28     
    54000          153925     
        0.00242045368142  
 OBS            283
       0.02496129434835
       0.01268549480143
       1.00000000000000
 282 284 -1
obdef
loc3d
        4.93742549337872              0.68866580079864            241.84100341796881     -1
kind
     28     
    54000          153925     
        0.00253709896029  
 OBS            284
       0.02086034151842
       0.01234297278678
       1.00000000000000
 283 285 -1
obdef
loc3d
        4.94310367286119              0.67063823067780             37.30942153930664     -1
kind
     28     
    54000          153925     
        0.00246859455736  
 OBS            285
       0.02585794398842
       0.01018640583735
       1.00000000000000
 284 286 -1
obdef
loc3d
        4.94312354358950              0.69286317278749            201.84664916992190     -1
kind
     28     
    54000          153925     
        0.00203728116747  
 OBS            286
       0.02249053499803
       0.01202675269228
       1.00000000000000
 285 287 -1
obdef
loc3d
        4.93202293942753              0.69056809921756            124.38476562500000     -1
kind
     28     
    54000          153925     
        0.00240535053846  
 OBS            287
       0.02312478537525
       0.01076986080005
       1.00000000000000
 286 288 -1
obdef
loc3d
        4.93852899085493              0.69282303339671            210.85327148437500     -1
kind
     28     
    54000          153925     
        0.00215397216001  
 OBS            288
       0.01774612952729
       0.01246988254443
       1.00000000000000
 287 289 -1
obdef
loc3d
        4.93925110381924              0.68654477021234            169.40324401855469     -1
kind
     28     
    54000          153925     
        0.00249397650889  
 OBS            289
       0.01680487112302
       0.01202612477048
       1.00000000000000
 288 290 -1
obdef
loc3d
        4.94561300163474              0.69021407942450            101.67103576660161     -1
kind
     28     
    54000          153925     
        0.00240522495410  
 OBS            290
       0.01184993277878
       0.01149581697352
       1.00000000000000
 289 291 -1
obdef
loc3d
        4.94677761419795              0.66921213830349             30.00000000000000     -1
kind
     28     
    54000          153925     
        0.00229916339470  
 OBS            291
       0.01414611329567
       0.01166499844845
       1.00000000000000
 290 292 -1
obdef
loc3d
        4.91464000802058              0.69220313236118            256.98049926757812     -1
kind
     28     
    54000          153925     
        0.00233299968969  
 OBS            292
       0.01968365166154
       0.01205579024293
       1.00000000000000
 291 293 -1
obdef
loc3d
        4.91222840493483              0.69213090540308            311.66015625000000     -1
kind
     28     
    54000          153925     
        0.00241115804859  
 OBS            293
       0.01837844429509
       0.01107005444660
       1.00000000000000
 292 294 -1
obdef
loc3d
        4.90319820253832              0.69077085029214            558.21520996093750     -1
kind
     28     
    54000          153925     
        0.00221401088932  
 OBS            294
       0.01315238877506
       0.01230080554364
       1.00000000000000
 293 295 -1
obdef
loc3d
        4.90548367400941              0.68961427180382            340.45385742187500     -1
kind
     28     
    54000          153925     
        0.00246016110873  
 OBS            295
       0.00662280371497
       0.01119157197143
       1.00000000000000
 294 296 -1
obdef
loc3d
        4.90182808691748              0.69286665451088            711.58941650390625     -1
kind
     28     
    54000          153925     
        0.00223831439429  
 OBS            296
       0.01117462746795
       0.01001448491016
       1.00000000000000
 295 297 -1
obdef
loc3d
        4.92199514385413              0.69211089395115            185.84292602539060     -1
kind
     28     
    54000          153925     
        0.00200289698203  
 OBS            297
       0.00000000000000
       0.01072070333980
       1.00000000000000
 296 298 -1
obdef
loc3d
        4.91709198426003              0.69266703903771            205.88345336914060     -1
kind
     28     
    54000          153925     
        0.00214414066796  
 OBS            298
       0.02871096779883
       0.01194867124257
       1.00000000000000
 297 299 -1
obdef
loc3d
        4.91305125126208              0.69031483822850            320.48217773437500     -1
kind
     28     
    54000          153925     
        0.00238973424851  
 OBS            299
       0.01011822801606
       0.01175907927512
       1.00000000000000
 298 300 -1
obdef
loc3d
        4.90918301095293              0.69233086407935            229.95614624023440     -1
kind
     28     
    54000          153925     
        0.00235181585502  
 OBS            300
       0.00016457746963
       0.01126908416165
       1.00000000000000
 299 -1 -1
obdef
loc3d
        4.90002894620424              0.69031812013417            840.25653076171875     -1
kind
     28     
    54000          153925     
        0.00225381683233  
