 obs_sequence
obs_kind_definitions
       4
    25          LAND_SFC_U_WIND_COMPONENT   
    26          LAND_SFC_V_WIND_COMPONENT   
    27          LAND_SFC_TEMPERATURE   
    28          LAND_SFC_SPECIFIC_HUMIDITY   
  num_copies:            2  num_qc:            1
 num_obs:       300  max_num_obs:       300
observations
truth
QC radar
  first:            1  last:       300
 OBS            1
      -1.13748109080030
      -1.82249517978621
       1.00000000000000
 -1 2 -1
obdef
loc3d
        4.90540352515539              0.69194112440599            606.33142089843750     -1
kind
     25     
    63000          153925     
       12.25000000000000  
 OBS            2
       3.81579520076191
       1.96550251240633
       1.00000000000000
 1 3 -1
obdef
loc3d
        4.94546412681761              0.68348353984884             17.75631332397461     -1
kind
     25     
    63000          153925     
       12.25000000000000  
 OBS            3
       4.82003417781891
       0.81508052972986
       1.00000000000000
 2 4 -1
obdef
loc3d
        4.94660974174000              0.67744857875853             29.35406684875488     -1
kind
     25     
    63000          153925     
       12.25000000000000  
 OBS            4
       2.08342548430403
       2.38614041864245
       1.00000000000000
 3 5 -1
obdef
loc3d
        4.94648126630843              0.68652865419204             54.82812500000000     -1
kind
     25     
    63000          153925     
       12.25000000000000  
 OBS            5
      -2.80857119296556
      -0.98479925594363
       1.00000000000000
 4 6 -1
obdef
loc3d
        4.94445426011379              0.68507566758975             62.61011505126953     -1
kind
     25     
    63000          153925     
       12.25000000000000  
 OBS            6
       6.49869018422197
       2.07377508382211
       1.00000000000000
 5 7 -1
obdef
loc3d
        4.94602055174578              0.68752162087271            134.15721130371091     -1
kind
     25     
    63000          153925     
       12.25000000000000  
 OBS            7
      -0.49062703868581
      -2.01320731965779
       1.00000000000000
 6 8 -1
obdef
loc3d
        4.94603912728501              0.67254511985829             35.00297546386719     -1
kind
     25     
    63000          153925     
       12.25000000000000  
 OBS            8
       3.11786275176770
       3.96148123503024
       1.00000000000000
 7 9 -1
obdef
loc3d
        4.95877904994953              0.67986585977255             17.04111671447754     -1
kind
     25     
    63000          153925     
       12.25000000000000  
 OBS            9
       3.58793557696413
       2.70758312647630
       1.00000000000000
 8 10 -1
obdef
loc3d
        4.93958042817759              0.69095160998657            226.13127136230469     -1
kind
     25     
    63000          153925     
       12.25000000000000  
 OBS            10
       3.28658547117819
       2.95223491678021
       1.00000000000000
 9 11 -1
obdef
loc3d
        4.95756313665553              0.69181797222864             89.84997558593750     -1
kind
     25     
    63000          153925     
       12.25000000000000  
 OBS            11
       3.39085473110495
       1.59354230758530
       1.00000000000000
 10 12 -1
obdef
loc3d
        4.94078657111844              0.67409210989409             60.81152343750000     -1
kind
     25     
    63000          153925     
       12.25000000000000  
 OBS            12
       4.25542367578926
       2.47126540799167
       1.00000000000000
 11 13 -1
obdef
loc3d
        4.95557846691255              0.67267262139613              1.00000000000000     -1
kind
     25     
    63000          153925     
       12.25000000000000  
 OBS            13
       3.70783155634515
       2.83027417715779
       1.00000000000000
 12 14 -1
obdef
loc3d
        4.93193348448080              0.68856418981073            106.00000000000000     -1
kind
     25     
    63000          153925     
       12.25000000000000  
 OBS            14
       2.54083761441139
       3.67725713543046
       1.00000000000000
 13 15 -1
obdef
loc3d
        4.89970838141578              0.68765245249877            785.09423828125000     -1
kind
     25     
    63000          153925     
       12.25000000000000  
 OBS            15
       1.07186983984652
       1.66685618205492
       1.00000000000000
 14 16 -1
obdef
loc3d
        4.95026814558372              0.68993059237416             93.11567687988281     -1
kind
     25     
    63000          153925     
       12.25000000000000  
 OBS            16
      -3.65455722532361
       1.67403125968317
       1.00000000000000
 15 17 -1
obdef
loc3d
        4.94174512165160              0.68484635226999            116.56585693359381     -1
kind
     25     
    63000          153925     
       12.25000000000000  
 OBS            17
       1.75580568297219
       3.39805912274842
       1.00000000000000
 16 18 -1
obdef
loc3d
        4.95420735021482              0.68473663912788             15.00000000000000     -1
kind
     25     
    63000          153925     
       12.25000000000000  
 OBS            18
       2.43042804536711
       2.30217938108702
       1.00000000000000
 17 19 -1
obdef
loc3d
        4.93477042118681              0.68310638816012            118.89588928222661     -1
kind
     25     
    63000          153925     
       12.25000000000000  
 OBS            19
      -0.02719689791288
       1.04430933088301
       1.00000000000000
 18 20 -1
obdef
loc3d
        4.93795631029682              0.68276407673392            144.94107055664060     -1
kind
     25     
    63000          153925     
       12.25000000000000  
 OBS            20
       6.26651642717052
       1.83066139241342
       1.00000000000000
 19 21 -1
obdef
loc3d
        4.94001671685736              0.68064929967652             43.67281723022461     -1
kind
     25     
    63000          153925     
       12.25000000000000  
 OBS            21
       3.65111732832796
       2.27595461775645
       1.00000000000000
 20 22 -1
obdef
loc3d
        4.94058460161740              0.67807181314514             70.17810058593750     -1
kind
     25     
    63000          153925     
       12.25000000000000  
 OBS            22
      -0.63551333219730
       3.11561756507636
       1.00000000000000
 21 23 -1
obdef
loc3d
        4.95423295419494              0.68033176843505              3.71636104583740     -1
kind
     25     
    63000          153925     
       12.25000000000000  
 OBS            23
      -6.29431707796407
      -4.29685877671488
       1.00000000000000
 22 24 -1
obdef
loc3d
        4.94926894458696              0.66642585587446             10.91526031494141     -1
kind
     25     
    63000          153925     
       12.25000000000000  
 OBS            24
      -0.24676505914565
       3.63286795391765
       1.00000000000000
 23 25 -1
obdef
loc3d
        4.96223480186848              0.66700036066835              5.00000000000000     -1
kind
     25     
    63000          153925     
       12.25000000000000  
 OBS            25
       7.22904276275967
       3.28740812351462
       1.00000000000000
 24 26 -1
obdef
loc3d
        4.95546148971009              0.67729393735082              6.17724800109863     -1
kind
     25     
    63000          153925     
       12.25000000000000  
 OBS            26
       2.20396994521072
       1.07172495874964
       1.00000000000000
 25 27 -1
obdef
loc3d
        4.92652723985629              0.69051382381431            146.04148864746091     -1
kind
     25     
    63000          153925     
       12.25000000000000  
 OBS            27
       7.96612700899106
       2.46480006065454
       1.00000000000000
 26 28 -1
obdef
loc3d
        4.96366005344362              0.66920346185787              6.00000000000000     -1
kind
     25     
    63000          153925     
       12.25000000000000  
 OBS            28
       1.31757955063966
      -0.36418002122785
       1.00000000000000
 27 29 -1
obdef
loc3d
        4.97052949833720              0.66907739847133              8.84140872955322     -1
kind
     25     
    63000          153925     
       12.25000000000000  
 OBS            29
       2.16661008534057
       2.41980514401577
       1.00000000000000
 28 30 -1
obdef
loc3d
        4.93505853489354              0.69035668900909            163.38452148437500     -1
kind
     25     
    63000          153925     
       12.25000000000000  
 OBS            30
       0.62066141377503
       1.67232208435884
       1.00000000000000
 29 31 -1
obdef
loc3d
        4.93979773523841              0.67259214116167             45.00000000000000     -1
kind
     25     
    63000          153925     
       12.25000000000000  
 OBS            31
      -0.91864667480810
       2.27139786577843
       1.00000000000000
 30 32 -1
obdef
loc3d
        4.92901815402419              0.68818595396932            126.56063842773440     -1
kind
     25     
    63000          153925     
       12.25000000000000  
 OBS            32
       5.64207277573897
       2.08640970549659
       1.00000000000000
 31 33 -1
obdef
loc3d
        4.92864050752959              0.68988490592333            360.09008789062500     -1
kind
     25     
    63000          153925     
       12.25000000000000  
 OBS            33
       3.95921190168517
       2.33121795541699
       1.00000000000000
 32 34 -1
obdef
loc3d
        4.94071794293451              0.68880476183725            173.77728271484381     -1
kind
     25     
    63000          153925     
       12.25000000000000  
 OBS            34
       4.39908109473149
       1.89365106177798
       1.00000000000000
 33 35 -1
obdef
loc3d
        4.94475069255349              0.67936922784321             17.10044860839844     -1
kind
     25     
    63000          153925     
       12.25000000000000  
 OBS            35
      -0.15065270131358
       2.92864928892664
       1.00000000000000
 34 36 -1
obdef
loc3d
        4.93040524362615              0.68956958577383            472.38653564453119     -1
kind
     25     
    63000          153925     
       12.25000000000000  
 OBS            36
      -2.11514320903150
       2.47411902588955
       1.00000000000000
 35 37 -1
obdef
loc3d
        4.93438788521233              0.68743777381223            157.39462280273440     -1
kind
     25     
    63000          153925     
       12.25000000000000  
 OBS            37
       2.96976857725908
       2.32654124574952
       1.00000000000000
 36 38 -1
obdef
loc3d
        4.93003537520636              0.69083454089469            382.75677490234381     -1
kind
     25     
    63000          153925     
       12.25000000000000  
 OBS            38
       0.99459088113798
       3.03178232265562
       1.00000000000000
 37 39 -1
obdef
loc3d
        4.94262489165251              0.68702513034102            130.29710388183591     -1
kind
     25     
    63000          153925     
       12.25000000000000  
 OBS            39
      -2.60488680696629
       1.96127049243370
       1.00000000000000
 38 40 -1
obdef
loc3d
        4.93100113789334              0.68653549583784             94.66114807128906     -1
kind
     25     
    63000          153925     
       12.25000000000000  
 OBS            40
       5.89483371596882
       2.36460995434757
       1.00000000000000
 39 41 -1
obdef
loc3d
        4.94000002935902              0.67612888350011             59.69976806640625     -1
kind
     25     
    63000          153925     
       12.25000000000000  
 OBS            41
       6.03115133381136
       2.56227875523463
       1.00000000000000
 40 42 -1
obdef
loc3d
        4.94231604692662              0.69077376274482            190.83442687988281     -1
kind
     25     
    63000          153925     
       12.25000000000000  
 OBS            42
       1.05499010070311
       2.70286104589308
       1.00000000000000
 41 43 -1
obdef
loc3d
        4.93554247635603              0.69268257167582            131.09960937500000     -1
kind
     25     
    63000          153925     
       12.25000000000000  
 OBS            43
       2.32409987380883
       2.39191219073220
       1.00000000000000
 42 44 -1
obdef
loc3d
        4.94069913477896              0.68279864123905            131.77731323242190     -1
kind
     25     
    63000          153925     
       12.25000000000000  
 OBS            44
      -5.62863364265102
      -0.35574647331021
       1.00000000000000
 43 45 -1
obdef
loc3d
        4.94367854378329              0.67420565331297             56.55799865722656     -1
kind
     25     
    63000          153925     
       12.25000000000000  
 OBS            45
       1.46886189419583
       3.33947095110928
       1.00000000000000
 44 46 -1
obdef
loc3d
        4.93814984943932              0.67457436016830             39.55386734008789     -1
kind
     25     
    63000          153925     
       12.25000000000000  
 OBS            46
       5.84478768197667
       1.16791268547133
       1.00000000000000
 45 47 -1
obdef
loc3d
        4.94253566982520              0.68065092526894             48.56933593750000     -1
kind
     25     
    63000          153925     
       12.25000000000000  
 OBS            47
       0.99234661680726
       0.98062333394688
       1.00000000000000
 46 48 -1
obdef
loc3d
        4.93593154408741              0.68080949477360             85.35743713378906     -1
kind
     25     
    63000          153925     
       12.25000000000000  
 OBS            48
       3.72317109811083
       2.41969418646095
       1.00000000000000
 47 49 -1
obdef
loc3d
        4.94758068519446              0.69282395273635            179.51908874511719     -1
kind
     25     
    63000          153925     
       12.25000000000000  
 OBS            49
      -0.25606906229447
       1.74795243382603
       1.00000000000000
 48 50 -1
obdef
loc3d
        4.93541634697774              0.67261831698898             21.54207611083984     -1
kind
     25     
    63000          153925     
       12.25000000000000  
 OBS            50
       1.80441977516636
       2.29970185659495
       1.00000000000000
 49 51 -1
obdef
loc3d
        4.93342752395137              0.68533697059699            120.48287200927730     -1
kind
     25     
    63000          153925     
       12.25000000000000  
 OBS            51
       0.06195587716017
       1.25854681271230
       1.00000000000000
 50 52 -1
obdef
loc3d
        4.92811551620144              0.69141391763145            189.00242614746091     -1
kind
     25     
    63000          153925     
       12.25000000000000  
 OBS            52
       5.23324223366030
       1.51761340650537
       1.00000000000000
 51 53 -1
obdef
loc3d
        4.94328780634786              0.67761918906629             21.61136627197266     -1
kind
     25     
    63000          153925     
       12.25000000000000  
 OBS            53
       2.36278063028335
       2.22543525720348
       1.00000000000000
 52 54 -1
obdef
loc3d
        4.93617130041664              0.68578341426755            199.41349792480469     -1
kind
     25     
    63000          153925     
       12.25000000000000  
 OBS            54
       4.46356657135517
       1.57098924848021
       1.00000000000000
 53 55 -1
obdef
loc3d
        4.94488890698391              0.68151038983677             42.34177017211914     -1
kind
     25     
    63000          153925     
       12.25000000000000  
 OBS            55
      -4.27400405960510
      -3.64906454431115
       1.00000000000000
 54 56 -1
obdef
loc3d
        4.94610769319308              0.67540343249948             44.88281250000000     -1
kind
     25     
    63000          153925     
       12.25000000000000  
 OBS            56
       7.50292678540518
       2.77161035869144
       1.00000000000000
 55 57 -1
obdef
loc3d
        4.93098289428918              0.69278368564599            411.59194946289062     -1
kind
     25     
    63000          153925     
       12.25000000000000  
 OBS            57
       6.19889847944401
       2.73261893565735
       1.00000000000000
 56 58 -1
obdef
loc3d
        4.93746284305807              0.67295620864423             44.45593643188477     -1
kind
     25     
    63000          153925     
       12.25000000000000  
 OBS            58
       6.42824330818122
       2.86580689073754
       1.00000000000000
 57 59 -1
obdef
loc3d
        4.93742549337872              0.68866580079864            241.84100341796881     -1
kind
     25     
    63000          153925     
       12.25000000000000  
 OBS            59
       5.31627371866727
       2.23109347444213
       1.00000000000000
 58 60 -1
obdef
loc3d
        4.94310367286119              0.67063823067780             37.30942153930664     -1
kind
     25     
    63000          153925     
       12.25000000000000  
 OBS            60
      -0.75222307037690
       2.43214915169850
       1.00000000000000
 59 61 -1
obdef
loc3d
        4.94312354358950              0.69286317278749            201.84664916992190     -1
kind
     25     
    63000          153925     
       12.25000000000000  
 OBS            61
      -1.74705891840524
       2.31987455095357
       1.00000000000000
 60 62 -1
obdef
loc3d
        4.93202293942753              0.69056809921756            124.38476562500000     -1
kind
     25     
    63000          153925     
       12.25000000000000  
 OBS            62
       6.40530517648045
       2.05849217759413
       1.00000000000000
 61 63 -1
obdef
loc3d
        4.93852899085493              0.69282303339671            210.85327148437500     -1
kind
     25     
    63000          153925     
       12.25000000000000  
 OBS            63
       4.91580503057278
       1.36340163956426
       1.00000000000000
 62 64 -1
obdef
loc3d
        4.93925110381924              0.68654477021234            169.40324401855469     -1
kind
     25     
    63000          153925     
       12.25000000000000  
 OBS            64
       4.10042272426488
       1.87279791610055
       1.00000000000000
 63 65 -1
obdef
loc3d
        4.94561300163474              0.69021407942450            101.67103576660161     -1
kind
     25     
    63000          153925     
       12.25000000000000  
 OBS            65
      -0.87888222077857
      -2.72387781747408
       1.00000000000000
 64 66 -1
obdef
loc3d
        4.94677761419795              0.66921213830349             30.00000000000000     -1
kind
     25     
    63000          153925     
       12.25000000000000  
 OBS            66
       0.18969872205706
      -0.84554339695815
       1.00000000000000
 65 67 -1
obdef
loc3d
        4.91464000802058              0.69220313236118            256.98049926757812     -1
kind
     25     
    63000          153925     
       12.25000000000000  
 OBS            67
      -0.79739675950135
       0.10257326636908
       1.00000000000000
 66 68 -1
obdef
loc3d
        4.91222840493483              0.69213090540308            311.66015625000000     -1
kind
     25     
    63000          153925     
       12.25000000000000  
 OBS            68
      -4.06971002939817
       2.41507742277868
       1.00000000000000
 67 69 -1
obdef
loc3d
        4.90319820253832              0.69077085029214            558.21520996093750     -1
kind
     25     
    63000          153925     
       12.25000000000000  
 OBS            69
      -2.91770738216758
      -1.93884693292122
       1.00000000000000
 68 70 -1
obdef
loc3d
        4.90548367400941              0.68961427180382            340.45385742187500     -1
kind
     25     
    63000          153925     
       12.25000000000000  
 OBS            70
       1.15489844324385
       3.15078024858090
       1.00000000000000
 69 71 -1
obdef
loc3d
        4.90182808691748              0.69286665451088            711.58941650390625     -1
kind
     25     
    63000          153925     
       12.25000000000000  
 OBS            71
      -0.74736774014582
       1.41911578572794
       1.00000000000000
 70 72 -1
obdef
loc3d
        4.92199514385413              0.69211089395115            185.84292602539060     -1
kind
     25     
    63000          153925     
       12.25000000000000  
 OBS            72
      -4.04736332926765
      -0.27480457045379
       1.00000000000000
 71 73 -1
obdef
loc3d
        4.91709198426003              0.69266703903771            205.88345336914060     -1
kind
     25     
    63000          153925     
       12.25000000000000  
 OBS            73
       4.99135104094219
       1.11221067909306
       1.00000000000000
 72 74 -1
obdef
loc3d
        4.91305125126208              0.69031483822850            320.48217773437500     -1
kind
     25     
    63000          153925     
       12.25000000000000  
 OBS            74
      -8.00618204534728
       0.90974675962414
       1.00000000000000
 73 75 -1
obdef
loc3d
        4.90918301095293              0.69233086407935            229.95614624023440     -1
kind
     25     
    63000          153925     
       12.25000000000000  
 OBS            75
       5.22174705956163
       3.35696400203329
       1.00000000000000
 74 76 -1
obdef
loc3d
        4.90002894620424              0.69031812013417            840.25653076171875     -1
kind
     25     
    63000          153925     
       12.25000000000000  
 OBS            76
       1.80728121115627
       0.69152761746674
       1.00000000000000
 75 77 -1
obdef
loc3d
        4.90540352515539              0.69194112440599            606.33142089843750     -1
kind
     26     
    63000          153925     
       12.25000000000000  
 OBS            77
       8.09954988857856
       2.14708364137634
       1.00000000000000
 76 78 -1
obdef
loc3d
        4.94546412681761              0.68348353984884             17.75631332397461     -1
kind
     26     
    63000          153925     
       12.25000000000000  
 OBS            78
      -0.59799301711709
      -0.04455042830406
       1.00000000000000
 77 79 -1
obdef
loc3d
        4.94660974174000              0.67744857875853             29.35406684875488     -1
kind
     26     
    63000          153925     
       12.25000000000000  
 OBS            79
      -1.28513533553428
       0.23284420699809
       1.00000000000000
 78 80 -1
obdef
loc3d
        4.94648126630843              0.68652865419204             54.82812500000000     -1
kind
     26     
    63000          153925     
       12.25000000000000  
 OBS            80
       0.60248017233559
       1.70251724448568
       1.00000000000000
 79 81 -1
obdef
loc3d
        4.94445426011379              0.68507566758975             62.61011505126953     -1
kind
     26     
    63000          153925     
       12.25000000000000  
 OBS            81
       4.24478084604356
       2.18865162299759
       1.00000000000000
 80 82 -1
obdef
loc3d
        4.94602055174578              0.68752162087271            134.15721130371091     -1
kind
     26     
    63000          153925     
       12.25000000000000  
 OBS            82
      -1.29852061800367
       0.67556572826674
       1.00000000000000
 81 83 -1
obdef
loc3d
        4.94603912728501              0.67254511985829             35.00297546386719     -1
kind
     26     
    63000          153925     
       12.25000000000000  
 OBS            83
       2.61121040676512
       0.07869766490829
       1.00000000000000
 82 84 -1
obdef
loc3d
        4.95877904994953              0.67986585977255             17.04111671447754     -1
kind
     26     
    63000          153925     
       12.25000000000000  
 OBS            84
       2.16743142814959
      -0.96001444172579
       1.00000000000000
 83 85 -1
obdef
loc3d
        4.93958042817759              0.69095160998657            226.13127136230469     -1
kind
     26     
    63000          153925     
       12.25000000000000  
 OBS            85
      -4.46286463610381
      -0.73329440207709
       1.00000000000000
 84 86 -1
obdef
loc3d
        4.95756313665553              0.69181797222864             89.84997558593750     -1
kind
     26     
    63000          153925     
       12.25000000000000  
 OBS            86
      -1.13876512947469
       0.94515441328755
       1.00000000000000
 85 87 -1
obdef
loc3d
        4.94078657111844              0.67409210989409             60.81152343750000     -1
kind
     26     
    63000          153925     
       12.25000000000000  
 OBS            87
      -1.22637231834257
      -1.89029039393678
       1.00000000000000
 86 88 -1
obdef
loc3d
        4.95557846691255              0.67267262139613              1.00000000000000     -1
kind
     26     
    63000          153925     
       12.25000000000000  
 OBS            88
       1.21447983189989
      -0.07805240461843
       1.00000000000000
 87 89 -1
obdef
loc3d
        4.93193348448080              0.68856418981073            106.00000000000000     -1
kind
     26     
    63000          153925     
       12.25000000000000  
 OBS            89
       2.82639861487078
       1.02896016997242
       1.00000000000000
 88 90 -1
obdef
loc3d
        4.89970838141578              0.68765245249877            785.09423828125000     -1
kind
     26     
    63000          153925     
       12.25000000000000  
 OBS            90
      -3.72911752391673
      -0.91670678222877
       1.00000000000000
 89 91 -1
obdef
loc3d
        4.95026814558372              0.68993059237416             93.11567687988281     -1
kind
     26     
    63000          153925     
       12.25000000000000  
 OBS            91
       0.23777732512125
      -0.02025072089536
       1.00000000000000
 90 92 -1
obdef
loc3d
        4.94174512165160              0.68484635226999            116.56585693359381     -1
kind
     26     
    63000          153925     
       12.25000000000000  
 OBS            92
      -2.99600129067849
      -0.46347801209563
       1.00000000000000
 91 93 -1
obdef
loc3d
        4.95420735021482              0.68473663912788             15.00000000000000     -1
kind
     26     
    63000          153925     
       12.25000000000000  
 OBS            93
       4.71013021010798
       0.44987259152869
       1.00000000000000
 92 94 -1
obdef
loc3d
        4.93477042118681              0.68310638816012            118.89588928222661     -1
kind
     26     
    63000          153925     
       12.25000000000000  
 OBS            94
       2.38709340113475
       1.46618197527256
       1.00000000000000
 93 95 -1
obdef
loc3d
        4.93795631029682              0.68276407673392            144.94107055664060     -1
kind
     26     
    63000          153925     
       12.25000000000000  
 OBS            95
      -4.00310855748972
       0.81570199471965
       1.00000000000000
 94 96 -1
obdef
loc3d
        4.94001671685736              0.68064929967652             43.67281723022461     -1
kind
     26     
    63000          153925     
       12.25000000000000  
 OBS            96
      -3.02534959151139
       0.06651697550352
       1.00000000000000
 95 97 -1
obdef
loc3d
        4.94058460161740              0.67807181314514             70.17810058593750     -1
kind
     26     
    63000          153925     
       12.25000000000000  
 OBS            97
      -1.49067681705915
      -1.91255829344875
       1.00000000000000
 96 98 -1
obdef
loc3d
        4.95423295419494              0.68033176843505              3.71636104583740     -1
kind
     26     
    63000          153925     
       12.25000000000000  
 OBS            98
       1.57334083186083
       0.16610436682418
       1.00000000000000
 97 99 -1
obdef
loc3d
        4.94926894458696              0.66642585587446             10.91526031494141     -1
kind
     26     
    63000          153925     
       12.25000000000000  
 OBS            99
       4.58206586747614
       1.28273058687947
       1.00000000000000
 98 100 -1
obdef
loc3d
        4.96223480186848              0.66700036066835              5.00000000000000     -1
kind
     26     
    63000          153925     
       12.25000000000000  
 OBS            100
      -1.20717377790380
      -0.07248168199730
       1.00000000000000
 99 101 -1
obdef
loc3d
        4.95546148971009              0.67729393735082              6.17724800109863     -1
kind
     26     
    63000          153925     
       12.25000000000000  
 OBS            101
       5.29229435780861
      -0.41395397308073
       1.00000000000000
 100 102 -1
obdef
loc3d
        4.92652723985629              0.69051382381431            146.04148864746091     -1
kind
     26     
    63000          153925     
       12.25000000000000  
 OBS            102
       1.16964035644219
       0.65593048046169
       1.00000000000000
 101 103 -1
obdef
loc3d
        4.96366005344362              0.66920346185787              6.00000000000000     -1
kind
     26     
    63000          153925     
       12.25000000000000  
 OBS            103
      -0.48270346658610
       5.28453749016148
       1.00000000000000
 102 104 -1
obdef
loc3d
        4.97052949833720              0.66907739847133              8.84140872955322     -1
kind
     26     
    63000          153925     
       12.25000000000000  
 OBS            104
       1.44596909475744
      -0.89914796992143
       1.00000000000000
 103 105 -1
obdef
loc3d
        4.93505853489354              0.69035668900909            163.38452148437500     -1
kind
     26     
    63000          153925     
       12.25000000000000  
 OBS            105
       4.68248189831313
       1.23706777862623
       1.00000000000000
 104 106 -1
obdef
loc3d
        4.93979773523841              0.67259214116167             45.00000000000000     -1
kind
     26     
    63000          153925     
       12.25000000000000  
 OBS            106
       1.81455210094542
      -0.35338917404262
       1.00000000000000
 105 107 -1
obdef
loc3d
        4.92901815402419              0.68818595396932            126.56063842773440     -1
kind
     26     
    63000          153925     
       12.25000000000000  
 OBS            107
       2.80341428257978
      -0.86003978926475
       1.00000000000000
 106 108 -1
obdef
loc3d
        4.92864050752959              0.68988490592333            360.09008789062500     -1
kind
     26     
    63000          153925     
       12.25000000000000  
 OBS            108
      -5.80000519611152
       0.67900251707215
       1.00000000000000
 107 109 -1
obdef
loc3d
        4.94071794293451              0.68880476183725            173.77728271484381     -1
kind
     26     
    63000          153925     
       12.25000000000000  
 OBS            109
       2.80525803962049
      -0.36388553540560
       1.00000000000000
 108 110 -1
obdef
loc3d
        4.94475069255349              0.67936922784321             17.10044860839844     -1
kind
     26     
    63000          153925     
       12.25000000000000  
 OBS            110
      -1.03474844504199
      -0.24287061112418
       1.00000000000000
 109 111 -1
obdef
loc3d
        4.93040524362615              0.68956958577383            472.38653564453119     -1
kind
     26     
    63000          153925     
       12.25000000000000  
 OBS            111
      -0.94493145694820
       0.51614272152923
       1.00000000000000
 110 112 -1
obdef
loc3d
        4.93438788521233              0.68743777381223            157.39462280273440     -1
kind
     26     
    63000          153925     
       12.25000000000000  
 OBS            112
       1.08135339132912
      -0.34438697466872
       1.00000000000000
 111 113 -1
obdef
loc3d
        4.93003537520636              0.69083454089469            382.75677490234381     -1
kind
     26     
    63000          153925     
       12.25000000000000  
 OBS            113
       4.20473144727157
       2.36119489358066
       1.00000000000000
 112 114 -1
obdef
loc3d
        4.94262489165251              0.68702513034102            130.29710388183591     -1
kind
     26     
    63000          153925     
       12.25000000000000  
 OBS            114
       1.89613326053240
      -1.29391454928534
       1.00000000000000
 113 115 -1
obdef
loc3d
        4.93100113789334              0.68653549583784             94.66114807128906     -1
kind
     26     
    63000          153925     
       12.25000000000000  
 OBS            115
       1.18044307379147
      -0.54306419808229
       1.00000000000000
 114 116 -1
obdef
loc3d
        4.94000002935902              0.67612888350011             59.69976806640625     -1
kind
     26     
    63000          153925     
       12.25000000000000  
 OBS            116
      -2.65236526143466
      -0.81960262498748
       1.00000000000000
 115 117 -1
obdef
loc3d
        4.94231604692662              0.69077376274482            190.83442687988281     -1
kind
     26     
    63000          153925     
       12.25000000000000  
 OBS            117
      -8.21085321233261
      -0.17085636670788
       1.00000000000000
 116 118 -1
obdef
loc3d
        4.93554247635603              0.69268257167582            131.09960937500000     -1
kind
     26     
    63000          153925     
       12.25000000000000  
 OBS            118
       3.35800068996312
       0.37210080625057
       1.00000000000000
 117 119 -1
obdef
loc3d
        4.94069913477896              0.68279864123905            131.77731323242190     -1
kind
     26     
    63000          153925     
       12.25000000000000  
 OBS            119
       1.97083411502453
      -1.50603348505298
       1.00000000000000
 118 120 -1
obdef
loc3d
        4.94367854378329              0.67420565331297             56.55799865722656     -1
kind
     26     
    63000          153925     
       12.25000000000000  
 OBS            120
       1.57932513875030
      -0.24388930478025
       1.00000000000000
 119 121 -1
obdef
loc3d
        4.93814984943932              0.67457436016830             39.55386734008789     -1
kind
     26     
    63000          153925     
       12.25000000000000  
 OBS            121
       5.21514576551316
       1.99595516456420
       1.00000000000000
 120 122 -1
obdef
loc3d
        4.94253566982520              0.68065092526894             48.56933593750000     -1
kind
     26     
    63000          153925     
       12.25000000000000  
 OBS            122
      -3.55943737622357
       1.17110219575007
       1.00000000000000
 121 123 -1
obdef
loc3d
        4.93593154408741              0.68080949477360             85.35743713378906     -1
kind
     26     
    63000          153925     
       12.25000000000000  
 OBS            123
      -5.55002215084012
      -1.46649933478096
       1.00000000000000
 122 124 -1
obdef
loc3d
        4.94758068519446              0.69282395273635            179.51908874511719     -1
kind
     26     
    63000          153925     
       12.25000000000000  
 OBS            124
      -0.96396676142447
      -1.93457768895644
       1.00000000000000
 123 125 -1
obdef
loc3d
        4.93541634697774              0.67261831698898             21.54207611083984     -1
kind
     26     
    63000          153925     
       12.25000000000000  
 OBS            125
      -3.28656349088168
      -0.56881934601781
       1.00000000000000
 124 126 -1
obdef
loc3d
        4.93342752395137              0.68533697059699            120.48287200927730     -1
kind
     26     
    63000          153925     
       12.25000000000000  
 OBS            126
      -2.15613797839254
      -0.49250410040650
       1.00000000000000
 125 127 -1
obdef
loc3d
        4.92811551620144              0.69141391763145            189.00242614746091     -1
kind
     26     
    63000          153925     
       12.25000000000000  
 OBS            127
       2.20226813291611
      -0.29475389506034
       1.00000000000000
 126 128 -1
obdef
loc3d
        4.94328780634786              0.67761918906629             21.61136627197266     -1
kind
     26     
    63000          153925     
       12.25000000000000  
 OBS            128
      -3.23921864958475
      -0.91202046846878
       1.00000000000000
 127 129 -1
obdef
loc3d
        4.93617130041664              0.68578341426755            199.41349792480469     -1
kind
     26     
    63000          153925     
       12.25000000000000  
 OBS            129
       2.74535110118698
       1.30325298559745
       1.00000000000000
 128 130 -1
obdef
loc3d
        4.94488890698391              0.68151038983677             42.34177017211914     -1
kind
     26     
    63000          153925     
       12.25000000000000  
 OBS            130
      -2.90163741560440
       1.25370252826582
       1.00000000000000
 129 131 -1
obdef
loc3d
        4.94610769319308              0.67540343249948             44.88281250000000     -1
kind
     26     
    63000          153925     
       12.25000000000000  
 OBS            131
      -1.58680929848701
      -0.57804503604232
       1.00000000000000
 130 132 -1
obdef
loc3d
        4.93098289428918              0.69278368564599            411.59194946289062     -1
kind
     26     
    63000          153925     
       12.25000000000000  
 OBS            132
      -1.96352021226236
      -0.64930789926886
       1.00000000000000
 131 133 -1
obdef
loc3d
        4.93746284305807              0.67295620864423             44.45593643188477     -1
kind
     26     
    63000          153925     
       12.25000000000000  
 OBS            133
      -3.02010557312762
       0.32776770639982
       1.00000000000000
 132 134 -1
obdef
loc3d
        4.93742549337872              0.68866580079864            241.84100341796881     -1
kind
     26     
    63000          153925     
       12.25000000000000  
 OBS            134
       4.77262767705977
       2.20306858728513
       1.00000000000000
 133 135 -1
obdef
loc3d
        4.94310367286119              0.67063823067780             37.30942153930664     -1
kind
     26     
    63000          153925     
       12.25000000000000  
 OBS            135
      -1.54997442014193
      -0.99689767805020
       1.00000000000000
 134 136 -1
obdef
loc3d
        4.94312354358950              0.69286317278749            201.84664916992190     -1
kind
     26     
    63000          153925     
       12.25000000000000  
 OBS            136
       1.05147840196211
      -0.58669927011901
       1.00000000000000
 135 137 -1
obdef
loc3d
        4.93202293942753              0.69056809921756            124.38476562500000     -1
kind
     26     
    63000          153925     
       12.25000000000000  
 OBS            137
      -1.36468524694390
      -0.75773815017360
       1.00000000000000
 136 138 -1
obdef
loc3d
        4.93852899085493              0.69282303339671            210.85327148437500     -1
kind
     26     
    63000          153925     
       12.25000000000000  
 OBS            138
      -3.12619039642713
       1.21990170884725
       1.00000000000000
 137 139 -1
obdef
loc3d
        4.93925110381924              0.68654477021234            169.40324401855469     -1
kind
     26     
    63000          153925     
       12.25000000000000  
 OBS            139
      -5.81038501946545
      -1.37922218724747
       1.00000000000000
 138 140 -1
obdef
loc3d
        4.94561300163474              0.69021407942450            101.67103576660161     -1
kind
     26     
    63000          153925     
       12.25000000000000  
 OBS            140
      -2.51530855524134
      -1.11877385198077
       1.00000000000000
 139 141 -1
obdef
loc3d
        4.94677761419795              0.66921213830349             30.00000000000000     -1
kind
     26     
    63000          153925     
       12.25000000000000  
 OBS            141
       0.25995922938031
       1.56123829528592
       1.00000000000000
 140 142 -1
obdef
loc3d
        4.91464000802058              0.69220313236118            256.98049926757812     -1
kind
     26     
    63000          153925     
       12.25000000000000  
 OBS            142
       1.11486158635163
       1.02777295225214
       1.00000000000000
 141 143 -1
obdef
loc3d
        4.91222840493483              0.69213090540308            311.66015625000000     -1
kind
     26     
    63000          153925     
       12.25000000000000  
 OBS            143
       3.98625198026462
       0.71021905260062
       1.00000000000000
 142 144 -1
obdef
loc3d
        4.90319820253832              0.69077085029214            558.21520996093750     -1
kind
     26     
    63000          153925     
       12.25000000000000  
 OBS            144
       3.13143626133028
       0.33091042934490
       1.00000000000000
 143 145 -1
obdef
loc3d
        4.90548367400941              0.68961427180382            340.45385742187500     -1
kind
     26     
    63000          153925     
       12.25000000000000  
 OBS            145
       9.31206537631917
       1.15626941718550
       1.00000000000000
 144 146 -1
obdef
loc3d
        4.90182808691748              0.69286665451088            711.58941650390625     -1
kind
     26     
    63000          153925     
       12.25000000000000  
 OBS            146
      -0.66292487351770
      -1.03720409919187
       1.00000000000000
 145 147 -1
obdef
loc3d
        4.92199514385413              0.69211089395115            185.84292602539060     -1
kind
     26     
    63000          153925     
       12.25000000000000  
 OBS            147
       3.42567182229055
       0.37397056095475
       1.00000000000000
 146 148 -1
obdef
loc3d
        4.91709198426003              0.69266703903771            205.88345336914060     -1
kind
     26     
    63000          153925     
       12.25000000000000  
 OBS            148
       2.38193478421479
       0.48051770860305
       1.00000000000000
 147 149 -1
obdef
loc3d
        4.91305125126208              0.69031483822850            320.48217773437500     -1
kind
     26     
    63000          153925     
       12.25000000000000  
 OBS            149
      -2.58445235636291
       0.40202528103289
       1.00000000000000
 148 150 -1
obdef
loc3d
        4.90918301095293              0.69233086407935            229.95614624023440     -1
kind
     26     
    63000          153925     
       12.25000000000000  
 OBS            150
       3.25722088747050
       0.50683458416560
       1.00000000000000
 149 151 -1
obdef
loc3d
        4.90002894620424              0.69031812013417            840.25653076171875     -1
kind
     26     
    63000          153925     
       12.25000000000000  
 OBS            151
     296.86607083401873
     296.84951227319499
       1.00000000000000
 150 152 -1
obdef
loc3d
        4.90540352515539              0.69194112440599            606.33142089843750     -1
kind
     27     
    63000          153925     
        6.25000000000000  
 OBS            152
     302.68327944953643
     303.95033324993000
       1.00000000000000
 151 153 -1
obdef
loc3d
        4.94546412681761              0.68348353984884             17.75631332397461     -1
kind
     27     
    63000          153925     
        6.25000000000000  
 OBS            153
     303.60082722004438
     303.67614758966602
       1.00000000000000
 152 154 -1
obdef
loc3d
        4.94660974174000              0.67744857875853             29.35406684875488     -1
kind
     27     
    63000          153925     
        6.25000000000000  
 OBS            154
     303.66090749376963
     303.86002698794903
       1.00000000000000
 153 155 -1
obdef
loc3d
        4.94648126630843              0.68652865419204             54.82812500000000     -1
kind
     27     
    63000          153925     
        6.25000000000000  
 OBS            155
     303.65874848640834
     301.65160067124600
       1.00000000000000
 154 156 -1
obdef
loc3d
        4.94445426011379              0.68507566758975             62.61011505126953     -1
kind
     27     
    63000          153925     
        6.25000000000000  
 OBS            156
     301.49771086711445
     301.63550001755198
       1.00000000000000
 155 157 -1
obdef
loc3d
        4.94602055174578              0.68752162087271            134.15721130371091     -1
kind
     27     
    63000          153925     
        6.25000000000000  
 OBS            157
     303.36285870216614
     303.21016343921099
       1.00000000000000
 156 158 -1
obdef
loc3d
        4.94603912728501              0.67254511985829             35.00297546386719     -1
kind
     27     
    63000          153925     
        6.25000000000000  
 OBS            158
     305.22032116451390
     305.34876564155297
       1.00000000000000
 157 159 -1
obdef
loc3d
        4.95877904994953              0.67986585977255             17.04111671447754     -1
kind
     27     
    63000          153925     
        6.25000000000000  
 OBS            159
     302.33405645529109
     302.83625805631800
       1.00000000000000
 158 160 -1
obdef
loc3d
        4.93958042817759              0.69095160998657            226.13127136230469     -1
kind
     27     
    63000          153925     
        6.25000000000000  
 OBS            160
     302.34663271114874
     302.52256014943902
       1.00000000000000
 159 161 -1
obdef
loc3d
        4.95756313665553              0.69181797222864             89.84997558593750     -1
kind
     27     
    63000          153925     
        6.25000000000000  
 OBS            161
     305.79924398134273
     305.28747549541902
       1.00000000000000
 160 162 -1
obdef
loc3d
        4.94078657111844              0.67409210989409             60.81152343750000     -1
kind
     27     
    63000          153925     
        6.25000000000000  
 OBS            162
     307.28584257867266
     305.64062887057599
       1.00000000000000
 161 163 -1
obdef
loc3d
        4.95557846691255              0.67267262139613              1.00000000000000     -1
kind
     27     
    63000          153925     
        6.25000000000000  
 OBS            163
     303.28652399413556
     303.42646560378199
       1.00000000000000
 162 164 -1
obdef
loc3d
        4.93193348448080              0.68856418981073            106.00000000000000     -1
kind
     27     
    63000          153925     
        6.25000000000000  
 OBS            164
     299.95705031108037
     299.01624342213302
       1.00000000000000
 163 165 -1
obdef
loc3d
        4.89970838141578              0.68765245249877            785.09423828125000     -1
kind
     27     
    63000          153925     
        6.25000000000000  
 OBS            165
     303.15536145679999
     301.53565755477302
       1.00000000000000
 164 166 -1
obdef
loc3d
        4.95026814558372              0.68993059237416             93.11567687988281     -1
kind
     27     
    63000          153925     
        6.25000000000000  
 OBS            166
     302.54453499201139
     302.58569825118502
       1.00000000000000
 165 167 -1
obdef
loc3d
        4.94174512165160              0.68484635226999            116.56585693359381     -1
kind
     27     
    63000          153925     
        6.25000000000000  
 OBS            167
     303.01031408067701
     303.48609131310002
       1.00000000000000
 166 168 -1
obdef
loc3d
        4.95420735021482              0.68473663912788             15.00000000000000     -1
kind
     27     
    63000          153925     
        6.25000000000000  
 OBS            168
     304.54382031742347
     303.75253892320001
       1.00000000000000
 167 169 -1
obdef
loc3d
        4.93477042118681              0.68310638816012            118.89588928222661     -1
kind
     27     
    63000          153925     
        6.25000000000000  
 OBS            169
     302.81342719159574
     303.02994201825697
       1.00000000000000
 168 170 -1
obdef
loc3d
        4.93795631029682              0.68276407673392            144.94107055664060     -1
kind
     27     
    63000          153925     
        6.25000000000000  
 OBS            170
     304.54184623316854
     303.68208692188898
       1.00000000000000
 169 171 -1
obdef
loc3d
        4.94001671685736              0.68064929967652             43.67281723022461     -1
kind
     27     
    63000          153925     
        6.25000000000000  
 OBS            171
     305.34707613346922
     304.20444094164299
       1.00000000000000
 170 172 -1
obdef
loc3d
        4.94058460161740              0.67807181314514             70.17810058593750     -1
kind
     27     
    63000          153925     
        6.25000000000000  
 OBS            172
     303.02624483345431
     303.49251225361098
       1.00000000000000
 171 173 -1
obdef
loc3d
        4.95423295419494              0.68033176843505              3.71636104583740     -1
kind
     27     
    63000          153925     
        6.25000000000000  
 OBS            173
     304.62403868146606
     304.73151867435502
       1.00000000000000
 172 174 -1
obdef
loc3d
        4.94926894458696              0.66642585587446             10.91526031494141     -1
kind
     27     
    63000          153925     
        6.25000000000000  
 OBS            174
     305.47518247267112
     306.09805947885002
       1.00000000000000
 173 175 -1
obdef
loc3d
        4.96223480186848              0.66700036066835              5.00000000000000     -1
kind
     27     
    63000          153925     
        6.25000000000000  
 OBS            175
     305.70009601250104
     304.83682926689801
       1.00000000000000
 174 176 -1
obdef
loc3d
        4.95546148971009              0.67729393735082              6.17724800109863     -1
kind
     27     
    63000          153925     
        6.25000000000000  
 OBS            176
     302.69421762367972
     302.97228126259603
       1.00000000000000
 175 177 -1
obdef
loc3d
        4.92652723985629              0.69051382381431            146.04148864746091     -1
kind
     27     
    63000          153925     
        6.25000000000000  
 OBS            177
     304.48018160857805
     305.26969309767202
       1.00000000000000
 176 178 -1
obdef
loc3d
        4.96366005344362              0.66920346185787              6.00000000000000     -1
kind
     27     
    63000          153925     
        6.25000000000000  
 OBS            178
     302.64717149558578
     303.05114513418101
       1.00000000000000
 177 179 -1
obdef
loc3d
        4.97052949833720              0.66907739847133              8.84140872955322     -1
kind
     27     
    63000          153925     
        6.25000000000000  
 OBS            179
     302.72826523737587
     302.72441006138700
       1.00000000000000
 178 180 -1
obdef
loc3d
        4.93505853489354              0.69035668900909            163.38452148437500     -1
kind
     27     
    63000          153925     
        6.25000000000000  
 OBS            180
     305.04046608373881
     305.52943432281597
       1.00000000000000
 179 181 -1
obdef
loc3d
        4.93979773523841              0.67259214116167             45.00000000000000     -1
kind
     27     
    63000          153925     
        6.25000000000000  
 OBS            181
     302.05605424417450
     302.80880831163199
       1.00000000000000
 180 182 -1
obdef
loc3d
        4.92901815402419              0.68818595396932            126.56063842773440     -1
kind
     27     
    63000          153925     
        6.25000000000000  
 OBS            182
     301.70790061916205
     300.89579480215400
       1.00000000000000
 181 183 -1
obdef
loc3d
        4.92864050752959              0.68988490592333            360.09008789062500     -1
kind
     27     
    63000          153925     
        6.25000000000000  
 OBS            183
     302.80173986329822
     301.73964883408598
       1.00000000000000
 182 184 -1
obdef
loc3d
        4.94071794293451              0.68880476183725            173.77728271484381     -1
kind
     27     
    63000          153925     
        6.25000000000000  
 OBS            184
     301.81882613826718
     303.18279161576100
       1.00000000000000
 183 185 -1
obdef
loc3d
        4.94475069255349              0.67936922784321             17.10044860839844     -1
kind
     27     
    63000          153925     
        6.25000000000000  
 OBS            185
     300.92391432848683
     300.33532523630299
       1.00000000000000
 184 186 -1
obdef
loc3d
        4.93040524362615              0.68956958577383            472.38653564453119     -1
kind
     27     
    63000          153925     
        6.25000000000000  
 OBS            186
     305.26137488690972
     302.31951457613297
       1.00000000000000
 185 187 -1
obdef
loc3d
        4.93438788521233              0.68743777381223            157.39462280273440     -1
kind
     27     
    63000          153925     
        6.25000000000000  
 OBS            187
     300.46942745793132
     300.30935051137300
       1.00000000000000
 186 188 -1
obdef
loc3d
        4.93003537520636              0.69083454089469            382.75677490234381     -1
kind
     27     
    63000          153925     
        6.25000000000000  
 OBS            188
     303.50028480996230
     302.86492151170802
       1.00000000000000
 187 189 -1
obdef
loc3d
        4.94262489165251              0.68702513034102            130.29710388183591     -1
kind
     27     
    63000          153925     
        6.25000000000000  
 OBS            189
     303.29213532399910
     302.28436638315702
       1.00000000000000
 188 190 -1
obdef
loc3d
        4.93100113789334              0.68653549583784             94.66114807128906     -1
kind
     27     
    63000          153925     
        6.25000000000000  
 OBS            190
     303.86862150718156
     304.92640830487102
       1.00000000000000
 189 191 -1
obdef
loc3d
        4.94000002935902              0.67612888350011             59.69976806640625     -1
kind
     27     
    63000          153925     
        6.25000000000000  
 OBS            191
     304.60616167849071
     302.74479429684698
       1.00000000000000
 190 192 -1
obdef
loc3d
        4.94231604692662              0.69077376274482            190.83442687988281     -1
kind
     27     
    63000          153925     
        6.25000000000000  
 OBS            192
     304.16634030483164
     302.72610202797199
       1.00000000000000
 191 193 -1
obdef
loc3d
        4.93554247635603              0.69268257167582            131.09960937500000     -1
kind
     27     
    63000          153925     
        6.25000000000000  
 OBS            193
     302.46490877430841
     303.75176690185202
       1.00000000000000
 192 194 -1
obdef
loc3d
        4.94069913477896              0.68279864123905            131.77731323242190     -1
kind
     27     
    63000          153925     
        6.25000000000000  
 OBS            194
     301.94083971410936
     303.76886513475000
       1.00000000000000
 193 195 -1
obdef
loc3d
        4.94367854378329              0.67420565331297             56.55799865722656     -1
kind
     27     
    63000          153925     
        6.25000000000000  
 OBS            195
     306.24334181656087
     305.07314110811200
       1.00000000000000
 194 196 -1
obdef
loc3d
        4.93814984943932              0.67457436016830             39.55386734008789     -1
kind
     27     
    63000          153925     
        6.25000000000000  
 OBS            196
     302.21639969974433
     302.72453692091699
       1.00000000000000
 195 197 -1
obdef
loc3d
        4.94253566982520              0.68065092526894             48.56933593750000     -1
kind
     27     
    63000          153925     
        6.25000000000000  
 OBS            197
     301.96619344915285
     302.62891851446699
       1.00000000000000
 196 198 -1
obdef
loc3d
        4.93593154408741              0.68080949477360             85.35743713378906     -1
kind
     27     
    63000          153925     
        6.25000000000000  
 OBS            198
     302.91788940494814
     301.42980214578301
       1.00000000000000
 197 199 -1
obdef
loc3d
        4.94758068519446              0.69282395273635            179.51908874511719     -1
kind
     27     
    63000          153925     
        6.25000000000000  
 OBS            199
     303.96447305038970
     304.40884624741199
       1.00000000000000
 198 200 -1
obdef
loc3d
        4.93541634697774              0.67261831698898             21.54207611083984     -1
kind
     27     
    63000          153925     
        6.25000000000000  
 OBS            200
     301.00771925640407
     302.83745570607300
       1.00000000000000
 199 201 -1
obdef
loc3d
        4.93342752395137              0.68533697059699            120.48287200927730     -1
kind
     27     
    63000          153925     
        6.25000000000000  
 OBS            201
     301.61869672341953
     302.26642421803399
       1.00000000000000
 200 202 -1
obdef
loc3d
        4.92811551620144              0.69141391763145            189.00242614746091     -1
kind
     27     
    63000          153925     
        6.25000000000000  
 OBS            202
     304.89578846134299
     303.55004944565400
       1.00000000000000
 201 203 -1
obdef
loc3d
        4.94328780634786              0.67761918906629             21.61136627197266     -1
kind
     27     
    63000          153925     
        6.25000000000000  
 OBS            203
     298.74561757094585
     302.00724194751501
       1.00000000000000
 202 204 -1
obdef
loc3d
        4.93617130041664              0.68578341426755            199.41349792480469     -1
kind
     27     
    63000          153925     
        6.25000000000000  
 OBS            204
     301.86415261146232
     302.20926246273899
       1.00000000000000
 203 205 -1
obdef
loc3d
        4.94488890698391              0.68151038983677             42.34177017211914     -1
kind
     27     
    63000          153925     
        6.25000000000000  
 OBS            205
     299.31184927080534
     300.12602040295297
       1.00000000000000
 204 206 -1
obdef
loc3d
        4.94610769319308              0.67540343249948             44.88281250000000     -1
kind
     27     
    63000          153925     
        6.25000000000000  
 OBS            206
     300.58984278555914
     299.56021840196001
       1.00000000000000
 205 207 -1
obdef
loc3d
        4.93098289428918              0.69278368564599            411.59194946289062     -1
kind
     27     
    63000          153925     
        6.25000000000000  
 OBS            207
     306.60433226576714
     305.30310270491100
       1.00000000000000
 206 208 -1
obdef
loc3d
        4.93746284305807              0.67295620864423             44.45593643188477     -1
kind
     27     
    63000          153925     
        6.25000000000000  
 OBS            208
     300.72597172062916
     301.47089363795300
       1.00000000000000
 207 209 -1
obdef
loc3d
        4.93742549337872              0.68866580079864            241.84100341796881     -1
kind
     27     
    63000          153925     
        6.25000000000000  
 OBS            209
     306.27760755627503
     306.26195686929498
       1.00000000000000
 208 210 -1
obdef
loc3d
        4.94310367286119              0.67063823067780             37.30942153930664     -1
kind
     27     
    63000          153925     
        6.25000000000000  
 OBS            210
     301.01895304437966
     301.63424259653101
       1.00000000000000
 209 211 -1
obdef
loc3d
        4.94312354358950              0.69286317278749            201.84664916992190     -1
kind
     27     
    63000          153925     
        6.25000000000000  
 OBS            211
     303.63400775136296
     303.05641285061603
       1.00000000000000
 210 212 -1
obdef
loc3d
        4.93202293942753              0.69056809921756            124.38476562500000     -1
kind
     27     
    63000          153925     
        6.25000000000000  
 OBS            212
     300.62190888677259
     302.25974706340401
       1.00000000000000
 211 213 -1
obdef
loc3d
        4.93852899085493              0.69282303339671            210.85327148437500     -1
kind
     27     
    63000          153925     
        6.25000000000000  
 OBS            213
     302.75420957495805
     301.81257565192101
       1.00000000000000
 212 214 -1
obdef
loc3d
        4.93925110381924              0.68654477021234            169.40324401855469     -1
kind
     27     
    63000          153925     
        6.25000000000000  
 OBS            214
     302.35256385513082
     303.09182905803601
       1.00000000000000
 213 215 -1
obdef
loc3d
        4.94561300163474              0.69021407942450            101.67103576660161     -1
kind
     27     
    63000          153925     
        6.25000000000000  
 OBS            215
     305.80819622365584
     304.33161607311501
       1.00000000000000
 214 216 -1
obdef
loc3d
        4.94677761419795              0.66921213830349             30.00000000000000     -1
kind
     27     
    63000          153925     
        6.25000000000000  
 OBS            216
     300.25551240659360
     301.42868462380301
       1.00000000000000
 215 217 -1
obdef
loc3d
        4.91464000802058              0.69220313236118            256.98049926757812     -1
kind
     27     
    63000          153925     
        6.25000000000000  
 OBS            217
     301.54373351212632
     301.80467192195403
       1.00000000000000
 216 218 -1
obdef
loc3d
        4.91222840493483              0.69213090540308            311.66015625000000     -1
kind
     27     
    63000          153925     
        6.25000000000000  
 OBS            218
     297.56264858395377
     297.49909784320101
       1.00000000000000
 217 219 -1
obdef
loc3d
        4.90319820253832              0.69077085029214            558.21520996093750     -1
kind
     27     
    63000          153925     
        6.25000000000000  
 OBS            219
     300.46712981188028
     301.57846717350998
       1.00000000000000
 218 220 -1
obdef
loc3d
        4.90548367400941              0.68961427180382            340.45385742187500     -1
kind
     27     
    63000          153925     
        6.25000000000000  
 OBS            220
     298.22717052177819
     298.01195314259598
       1.00000000000000
 219 221 -1
obdef
loc3d
        4.90182808691748              0.69286665451088            711.58941650390625     -1
kind
     27     
    63000          153925     
        6.25000000000000  
 OBS            221
     303.47735478434356
     302.92390314966002
       1.00000000000000
 220 222 -1
obdef
loc3d
        4.92199514385413              0.69211089395115            185.84292602539060     -1
kind
     27     
    63000          153925     
        6.25000000000000  
 OBS            222
     303.62339074973096
     302.19108508257398
       1.00000000000000
 221 223 -1
obdef
loc3d
        4.91709198426003              0.69266703903771            205.88345336914060     -1
kind
     27     
    63000          153925     
        6.25000000000000  
 OBS            223
     302.03681990000030
     302.63037432241799
       1.00000000000000
 222 224 -1
obdef
loc3d
        4.91305125126208              0.69031483822850            320.48217773437500     -1
kind
     27     
    63000          153925     
        6.25000000000000  
 OBS            224
     300.10020526336723
     300.88508325828900
       1.00000000000000
 223 225 -1
obdef
loc3d
        4.90918301095293              0.69233086407935            229.95614624023440     -1
kind
     27     
    63000          153925     
        6.25000000000000  
 OBS            225
     296.56850883885994
     297.37386623011298
       1.00000000000000
 224 226 -1
obdef
loc3d
        4.90002894620424              0.69031812013417            840.25653076171875     -1
kind
     27     
    63000          153925     
        6.25000000000000  
 OBS            226
       0.02136427514925
       0.01115000119132
       1.00000000000000
 225 227 -1
obdef
loc3d
        4.90540352515539              0.69194112440599            606.33142089843750     -1
kind
     28     
    63000          153925     
        0.00223000023826  
 OBS            227
       0.02169902066685
       0.01200521143156
       1.00000000000000
 226 228 -1
obdef
loc3d
        4.94546412681761              0.68348353984884             17.75631332397461     -1
kind
     28     
    63000          153925     
        0.00240104228631  
 OBS            228
       0.02116275333467
       0.01261879053160
       1.00000000000000
 227 229 -1
obdef
loc3d
        4.94660974174000              0.67744857875853             29.35406684875488     -1
kind
     28     
    63000          153925     
        0.00252375810632  
 OBS            229
       0.00000000000000
       0.01155801092059
       1.00000000000000
 228 230 -1
obdef
loc3d
        4.94648126630843              0.68652865419204             54.82812500000000     -1
kind
     28     
    63000          153925     
        0.00231160218412  
 OBS            230
       0.01045490404842
       0.01236887212026
       1.00000000000000
 229 231 -1
obdef
loc3d
        4.94445426011379              0.68507566758975             62.61011505126953     -1
kind
     28     
    63000          153925     
        0.00247377442405  
 OBS            231
       0.00000000000000
       0.01181332349227
       1.00000000000000
 230 232 -1
obdef
loc3d
        4.94602055174578              0.68752162087271            134.15721130371091     -1
kind
     28     
    63000          153925     
        0.00236266469845  
 OBS            232
       0.02600115526841
       0.01221528933645
       1.00000000000000
 231 233 -1
obdef
loc3d
        4.94603912728501              0.67254511985829             35.00297546386719     -1
kind
     28     
    63000          153925     
        0.00244305786729  
 OBS            233
       0.01416422340717
       0.01067788638900
       1.00000000000000
 232 234 -1
obdef
loc3d
        4.95877904994953              0.67986585977255             17.04111671447754     -1
kind
     28     
    63000          153925     
        0.00213557727780  
 OBS            234
       0.00387821981919
       0.00982099571211
       1.00000000000000
 233 235 -1
obdef
loc3d
        4.93958042817759              0.69095160998657            226.13127136230469     -1
kind
     28     
    63000          153925     
        0.00196419914242  
 OBS            235
       0.01635363762927
       0.01005391302566
       1.00000000000000
 234 236 -1
obdef
loc3d
        4.95756313665553              0.69181797222864             89.84997558593750     -1
kind
     28     
    63000          153925     
        0.00201078260513  
 OBS            236
       0.01078303190741
       0.01075963778695
       1.00000000000000
 235 237 -1
obdef
loc3d
        4.94078657111844              0.67409210989409             60.81152343750000     -1
kind
     28     
    63000          153925     
        0.00215192755739  
 OBS            237
       0.00037453601162
       0.01042057701793
       1.00000000000000
 236 238 -1
obdef
loc3d
        4.95557846691255              0.67267262139613              1.00000000000000     -1
kind
     28     
    63000          153925     
        0.00208411540359  
 OBS            238
       0.00235152772668
       0.01082858769814
       1.00000000000000
 237 239 -1
obdef
loc3d
        4.93193348448080              0.68856418981073            106.00000000000000     -1
kind
     28     
    63000          153925     
        0.00216571753963  
 OBS            239
       0.01892236173525
       0.01032260323152
       1.00000000000000
 238 240 -1
obdef
loc3d
        4.89970838141578              0.68765245249877            785.09423828125000     -1
kind
     28     
    63000          153925     
        0.00206452064630  
 OBS            240
       0.01662943718118
       0.01069269193647
       1.00000000000000
 239 241 -1
obdef
loc3d
        4.95026814558372              0.68993059237416             93.11567687988281     -1
kind
     28     
    63000          153925     
        0.00213853838729  
 OBS            241
       0.00536711450918
       0.01173357011228
       1.00000000000000
 240 242 -1
obdef
loc3d
        4.94174512165160              0.68484635226999            116.56585693359381     -1
kind
     28     
    63000          153925     
        0.00234671402246  
 OBS            242
       0.01032474075490
       0.01213496685019
       1.00000000000000
 241 243 -1
obdef
loc3d
        4.95420735021482              0.68473663912788             15.00000000000000     -1
kind
     28     
    63000          153925     
        0.00242699337004  
 OBS            243
       0.00000000000000
       0.01121334542410
       1.00000000000000
 242 244 -1
obdef
loc3d
        4.93477042118681              0.68310638816012            118.89588928222661     -1
kind
     28     
    63000          153925     
        0.00224266908482  
 OBS            244
       0.04217358723700
       0.01168484298004
       1.00000000000000
 243 245 -1
obdef
loc3d
        4.93795631029682              0.68276407673392            144.94107055664060     -1
kind
     28     
    63000          153925     
        0.00233696859601  
 OBS            245
       0.00000000000000
       0.01218695796229
       1.00000000000000
 244 246 -1
obdef
loc3d
        4.94001671685736              0.68064929967652             43.67281723022461     -1
kind
     28     
    63000          153925     
        0.00243739159246  
 OBS            246
       0.01286943628999
       0.01174347458633
       1.00000000000000
 245 247 -1
obdef
loc3d
        4.94058460161740              0.67807181314514             70.17810058593750     -1
kind
     28     
    63000          153925     
        0.00234869491727  
 OBS            247
       0.04123776341570
       0.01278792617736
       1.00000000000000
 246 248 -1
obdef
loc3d
        4.95423295419494              0.68033176843505              3.71636104583740     -1
kind
     28     
    63000          153925     
        0.00255758523547  
 OBS            248
       0.00000000000000
       0.01308603298520
       1.00000000000000
 247 249 -1
obdef
loc3d
        4.94926894458696              0.66642585587446             10.91526031494141     -1
kind
     28     
    63000          153925     
        0.00261720659704  
 OBS            249
       0.00000000000000
       0.01145437195484
       1.00000000000000
 248 250 -1
obdef
loc3d
        4.96223480186848              0.66700036066835              5.00000000000000     -1
kind
     28     
    63000          153925     
        0.00229087439097  
 OBS            250
       0.02295032202765
       0.01046849831729
       1.00000000000000
 249 251 -1
obdef
loc3d
        4.95546148971009              0.67729393735082              6.17724800109863     -1
kind
     28     
    63000          153925     
        0.00209369966346  
 OBS            251
       0.02874245975348
       0.00941478374762
       1.00000000000000
 250 252 -1
obdef
loc3d
        4.92652723985629              0.69051382381431            146.04148864746091     -1
kind
     28     
    63000          153925     
        0.00188295674952  
 OBS            252
       0.04358119783703
       0.01163544348062
       1.00000000000000
 251 253 -1
obdef
loc3d
        4.96366005344362              0.66920346185787              6.00000000000000     -1
kind
     28     
    63000          153925     
        0.00232708869612  
 OBS            253
       0.02551119537464
       0.01512040999274
       1.00000000000000
 252 254 -1
obdef
loc3d
        4.97052949833720              0.66907739847133              8.84140872955322     -1
kind
     28     
    63000          153925     
        0.00302408199855  
 OBS            254
       0.02557627059014
       0.01038764093145
       1.00000000000000
 253 255 -1
obdef
loc3d
        4.93505853489354              0.69035668900909            163.38452148437500     -1
kind
     28     
    63000          153925     
        0.00207752818629  
 OBS            255
       0.01075916290728
       0.01133568553359
       1.00000000000000
 254 256 -1
obdef
loc3d
        4.93979773523841              0.67259214116167             45.00000000000000     -1
kind
     28     
    63000          153925     
        0.00226713710672  
 OBS            256
       0.02821658733449
       0.01083644024315
       1.00000000000000
 255 257 -1
obdef
loc3d
        4.92901815402419              0.68818595396932            126.56063842773440     -1
kind
     28     
    63000          153925     
        0.00216728804863  
 OBS            257
       0.00810338188342
       0.01010781522608
       1.00000000000000
 256 258 -1
obdef
loc3d
        4.92864050752959              0.68988490592333            360.09008789062500     -1
kind
     28     
    63000          153925     
        0.00202156304522  
 OBS            258
       0.00514939637486
       0.01114855897605
       1.00000000000000
 257 259 -1
obdef
loc3d
        4.94071794293451              0.68880476183725            173.77728271484381     -1
kind
     28     
    63000          153925     
        0.00222971179521  
 OBS            259
       0.02008907139711
       0.01246197723195
       1.00000000000000
 258 260 -1
obdef
loc3d
        4.94475069255349              0.67936922784321             17.10044860839844     -1
kind
     28     
    63000          153925     
        0.00249239544639  
 OBS            260
       0.00274636314112
       0.01043782168660
       1.00000000000000
 259 261 -1
obdef
loc3d
        4.93040524362615              0.68956958577383            472.38653564453119     -1
kind
     28     
    63000          153925     
        0.00208756433732  
 OBS            261
       0.01669727425439
       0.01131952939300
       1.00000000000000
 260 262 -1
obdef
loc3d
        4.93438788521233              0.68743777381223            157.39462280273440     -1
kind
     28     
    63000          153925     
        0.00226390587860  
 OBS            262
       0.02003221286318
       0.00952405202626
       1.00000000000000
 261 263 -1
obdef
loc3d
        4.93003537520636              0.69083454089469            382.75677490234381     -1
kind
     28     
    63000          153925     
        0.00190481040525  
 OBS            263
       0.01576581647506
       0.01174238183759
       1.00000000000000
 262 264 -1
obdef
loc3d
        4.94262489165251              0.68702513034102            130.29710388183591     -1
kind
     28     
    63000          153925     
        0.00234847636752  
 OBS            264
       0.00766033179333
       0.01141828084358
       1.00000000000000
 263 265 -1
obdef
loc3d
        4.93100113789334              0.68653549583784             94.66114807128906     -1
kind
     28     
    63000          153925     
        0.00228365616872  
 OBS            265
       0.01122416904270
       0.01168865120310
       1.00000000000000
 264 266 -1
obdef
loc3d
        4.94000002935902              0.67612888350011             59.69976806640625     -1
kind
     28     
    63000          153925     
        0.00233773024062  
 OBS            266
       0.00712475717536
       0.00986636530688
       1.00000000000000
 265 267 -1
obdef
loc3d
        4.94231604692662              0.69077376274482            190.83442687988281     -1
kind
     28     
    63000          153925     
        0.00197327306138  
 OBS            267
       0.00260179734620
       0.00853831723216
       1.00000000000000
 266 268 -1
obdef
loc3d
        4.93554247635603              0.69268257167582            131.09960937500000     -1
kind
     28     
    63000          153925     
        0.00170766344643  
 OBS            268
       0.00870059591143
       0.01168840218634
       1.00000000000000
 267 269 -1
obdef
loc3d
        4.94069913477896              0.68279864123905            131.77731323242190     -1
kind
     28     
    63000          153925     
        0.00233768043727  
 OBS            269
       0.02078061498615
       0.01187913996128
       1.00000000000000
 268 270 -1
obdef
loc3d
        4.94367854378329              0.67420565331297             56.55799865722656     -1
kind
     28     
    63000          153925     
        0.00237582799226  
 OBS            270
       0.02092364441157
       0.01133282779152
       1.00000000000000
 269 271 -1
obdef
loc3d
        4.93814984943932              0.67457436016830             39.55386734008789     -1
kind
     28     
    63000          153925     
        0.00226656555830  
 OBS            271
       0.00561618640372
       0.01305344915333
       1.00000000000000
 270 272 -1
obdef
loc3d
        4.94253566982520              0.68065092526894             48.56933593750000     -1
kind
     28     
    63000          153925     
        0.00261068983067  
 OBS            272
       0.03492304124804
       0.01172700517757
       1.00000000000000
 271 273 -1
obdef
loc3d
        4.93593154408741              0.68080949477360             85.35743713378906     -1
kind
     28     
    63000          153925     
        0.00234540103551  
 OBS            273
       0.00841814948074
       0.00929165812325
       1.00000000000000
 272 274 -1
obdef
loc3d
        4.94758068519446              0.69282395273635            179.51908874511719     -1
kind
     28     
    63000          153925     
        0.00185833162465  
 OBS            274
       0.00000000000000
       0.01218468677102
       1.00000000000000
 273 275 -1
obdef
loc3d
        4.93541634697774              0.67261831698898             21.54207611083984     -1
kind
     28     
    63000          153925     
        0.00243693735420  
 OBS            275
       0.01129634900222
       0.01135854275036
       1.00000000000000
 274 276 -1
obdef
loc3d
        4.93342752395137              0.68533697059699            120.48287200927730     -1
kind
     28     
    63000          153925     
        0.00227170855007  
 OBS            276
       0.01911727296318
       0.00920788327449
       1.00000000000000
 275 277 -1
obdef
loc3d
        4.92811551620144              0.69141391763145            189.00242614746091     -1
kind
     28     
    63000          153925     
        0.00184157665490  
 OBS            277
       0.01057423330387
       0.01208308913602
       1.00000000000000
 276 278 -1
obdef
loc3d
        4.94328780634786              0.67761918906629             21.61136627197266     -1
kind
     28     
    63000          153925     
        0.00241661782720  
 OBS            278
       0.00785519780653
       0.01136820109625
       1.00000000000000
 277 279 -1
obdef
loc3d
        4.93617130041664              0.68578341426755            199.41349792480469     -1
kind
     28     
    63000          153925     
        0.00227364021925  
 OBS            279
       0.01364692582864
       0.01296541848143
       1.00000000000000
 278 280 -1
obdef
loc3d
        4.94488890698391              0.68151038983677             42.34177017211914     -1
kind
     28     
    63000          153925     
        0.00259308369629  
 OBS            280
       0.01825443344029
       0.01366783250193
       1.00000000000000
 279 281 -1
obdef
loc3d
        4.94610769319308              0.67540343249948             44.88281250000000     -1
kind
     28     
    63000          153925     
        0.00273356650039  
 OBS            281
       0.00358578538201
       0.00850613285304
       1.00000000000000
 280 282 -1
obdef
loc3d
        4.93098289428918              0.69278368564599            411.59194946289062     -1
kind
     28     
    63000          153925     
        0.00170122657061  
 OBS            282
       0.00966220184263
       0.01163158663047
       1.00000000000000
 281 283 -1
obdef
loc3d
        4.93746284305807              0.67295620864423             44.45593643188477     -1
kind
     28     
    63000          153925     
        0.00232631732609  
 OBS            283
       0.00000000000000
       0.01117732714437
       1.00000000000000
 282 284 -1
obdef
loc3d
        4.93742549337872              0.68866580079864            241.84100341796881     -1
kind
     28     
    63000          153925     
        0.00223546542887  
 OBS            284
       0.00738831489277
       0.00973934928516
       1.00000000000000
 283 285 -1
obdef
loc3d
        4.94310367286119              0.67063823067780             37.30942153930664     -1
kind
     28     
    63000          153925     
        0.00194786985703  
 OBS            285
       0.01767618836391
       0.00894167515418
       1.00000000000000
 284 286 -1
obdef
loc3d
        4.94312354358950              0.69286317278749            201.84664916992190     -1
kind
     28     
    63000          153925     
        0.00178833503084  
 OBS            286
       0.02848765361809
       0.00986922248829
       1.00000000000000
 285 287 -1
obdef
loc3d
        4.93202293942753              0.69056809921756            124.38476562500000     -1
kind
     28     
    63000          153925     
        0.00197384449766  
 OBS            287
       0.00000000000000
       0.00905848249036
       1.00000000000000
 286 288 -1
obdef
loc3d
        4.93852899085493              0.69282303339671            210.85327148437500     -1
kind
     28     
    63000          153925     
        0.00181169649807  
 OBS            288
       0.04137443470472
       0.01153872662820
       1.00000000000000
 287 289 -1
obdef
loc3d
        4.93925110381924              0.68654477021234            169.40324401855469     -1
kind
     28     
    63000          153925     
        0.00230774532564  
 OBS            289
       0.01900614249274
       0.01030388901230
       1.00000000000000
 288 290 -1
obdef
loc3d
        4.94561300163474              0.69021407942450            101.67103576660161     -1
kind
     28     
    63000          153925     
        0.00206077780246  
 OBS            290
       0.00000000000000
       0.01174155303058
       1.00000000000000
 289 291 -1
obdef
loc3d
        4.94677761419795              0.66921213830349             30.00000000000000     -1
kind
     28     
    63000          153925     
        0.00234831060612  
 OBS            291
       0.01734958133891
       0.01044085377481
       1.00000000000000
 290 292 -1
obdef
loc3d
        4.91464000802058              0.69220313236118            256.98049926757812     -1
kind
     28     
    63000          153925     
        0.00208817075496  
 OBS            292
       0.00000000000000
       0.01060565708941
       1.00000000000000
 291 293 -1
obdef
loc3d
        4.91222840493483              0.69213090540308            311.66015625000000     -1
kind
     28     
    63000          153925     
        0.00212113141788  
 OBS            293
       0.03044869353329
       0.01053503282401
       1.00000000000000
 292 294 -1
obdef
loc3d
        4.90319820253832              0.69077085029214            558.21520996093750     -1
kind
     28     
    63000          153925     
        0.00210700656480  
 OBS            294
       0.00719130301647
       0.01114192825994
       1.00000000000000
 293 295 -1
obdef
loc3d
        4.90548367400941              0.68961427180382            340.45385742187500     -1
kind
     28     
    63000          153925     
        0.00222838565199  
 OBS            295
       0.01874804205910
       0.01067037497384
       1.00000000000000
 294 296 -1
obdef
loc3d
        4.90182808691748              0.69286665451088            711.58941650390625     -1
kind
     28     
    63000          153925     
        0.00213407499477  
 OBS            296
       0.01205965897579
       0.00883917727858
       1.00000000000000
 295 297 -1
obdef
loc3d
        4.92199514385413              0.69211089395115            185.84292602539060     -1
kind
     28     
    63000          153925     
        0.00176783545572  
 OBS            297
       0.00929761570661
       0.01010839262648
       1.00000000000000
 296 298 -1
obdef
loc3d
        4.91709198426003              0.69266703903771            205.88345336914060     -1
kind
     28     
    63000          153925     
        0.00202167852530  
 OBS            298
       0.01006466934827
       0.01056002264561
       1.00000000000000
 297 299 -1
obdef
loc3d
        4.91305125126208              0.69031483822850            320.48217773437500     -1
kind
     28     
    63000          153925     
        0.00211200452912  
 OBS            299
       0.02045186496232
       0.01078865190863
       1.00000000000000
 298 300 -1
obdef
loc3d
        4.90918301095293              0.69233086407935            229.95614624023440     -1
kind
     28     
    63000          153925     
        0.00215773038173  
 OBS            300
       0.01543903778459
       0.01059957094864
       1.00000000000000
 299 -1 -1
obdef
loc3d
        4.90002894620424              0.69031812013417            840.25653076171875     -1
kind
     28     
    63000          153925     
        0.00211991418973  
