 obs_sequence
obs_kind_definitions
       4
    25          LAND_SFC_U_WIND_COMPONENT   
    26          LAND_SFC_V_WIND_COMPONENT   
    27          LAND_SFC_TEMPERATURE   
    28          LAND_SFC_SPECIFIC_HUMIDITY   
  num_copies:            2  num_qc:            1
 num_obs:       300  max_num_obs:       300
observations
truth
QC radar
  first:            1  last:       300
 OBS            1
       2.09238401607510
       1.94017936633849
       1.00000000000000
 -1 2 -1
obdef
loc3d
        4.90540352515539              0.69194112440599            606.33142089843750     -1
kind
     25     
    69300          153925     
       12.25000000000000  
 OBS            2
      -3.13080674977531
      -2.62367388096561
       1.00000000000000
 1 3 -1
obdef
loc3d
        4.94546412681761              0.68348353984884             17.75631332397461     -1
kind
     25     
    69300          153925     
       12.25000000000000  
 OBS            3
      -1.60126436292244
      -2.33998741875369
       1.00000000000000
 2 4 -1
obdef
loc3d
        4.94660974174000              0.67744857875853             29.35406684875488     -1
kind
     25     
    69300          153925     
       12.25000000000000  
 OBS            4
      -2.89983099888800
       0.21105536276002
       1.00000000000000
 3 5 -1
obdef
loc3d
        4.94648126630843              0.68652865419204             54.82812500000000     -1
kind
     25     
    69300          153925     
       12.25000000000000  
 OBS            5
      -3.71761350360727
      -1.22298677945054
       1.00000000000000
 4 6 -1
obdef
loc3d
        4.94445426011379              0.68507566758975             62.61011505126953     -1
kind
     25     
    69300          153925     
       12.25000000000000  
 OBS            6
       5.43688102058166
       0.91902728517319
       1.00000000000000
 5 7 -1
obdef
loc3d
        4.94602055174578              0.68752162087271            134.15721130371091     -1
kind
     25     
    69300          153925     
       12.25000000000000  
 OBS            7
      -3.00993245171967
      -2.98330685333482
       1.00000000000000
 6 8 -1
obdef
loc3d
        4.94603912728501              0.67254511985829             35.00297546386719     -1
kind
     25     
    69300          153925     
       12.25000000000000  
 OBS            8
       0.44395836798386
       3.97390508738373
       1.00000000000000
 7 9 -1
obdef
loc3d
        4.95877904994953              0.67986585977255             17.04111671447754     -1
kind
     25     
    69300          153925     
       12.25000000000000  
 OBS            9
      -2.88419536483773
       2.28850444318241
       1.00000000000000
 8 10 -1
obdef
loc3d
        4.93958042817759              0.69095160998657            226.13127136230469     -1
kind
     25     
    69300          153925     
       12.25000000000000  
 OBS            10
       2.91009095362488
       1.04016987205571
       1.00000000000000
 9 11 -1
obdef
loc3d
        4.95756313665553              0.69181797222864             89.84997558593750     -1
kind
     25     
    69300          153925     
       12.25000000000000  
 OBS            11
       1.73979615415532
       0.95610414418961
       1.00000000000000
 10 12 -1
obdef
loc3d
        4.94078657111844              0.67409210989409             60.81152343750000     -1
kind
     25     
    69300          153925     
       12.25000000000000  
 OBS            12
       5.90034617396593
       2.24255302657060
       1.00000000000000
 11 13 -1
obdef
loc3d
        4.95557846691255              0.67267262139613              1.00000000000000     -1
kind
     25     
    69300          153925     
       12.25000000000000  
 OBS            13
       4.13881385037583
       1.47101433077154
       1.00000000000000
 12 14 -1
obdef
loc3d
        4.93193348448080              0.68856418981073            106.00000000000000     -1
kind
     25     
    69300          153925     
       12.25000000000000  
 OBS            14
       5.22560414007133
       2.80689690548669
       1.00000000000000
 13 15 -1
obdef
loc3d
        4.89970838141578              0.68765245249877            785.09423828125000     -1
kind
     25     
    69300          153925     
       12.25000000000000  
 OBS            15
      -2.64774403906148
      -1.52589008526836
       1.00000000000000
 14 16 -1
obdef
loc3d
        4.95026814558372              0.68993059237416             93.11567687988281     -1
kind
     25     
    69300          153925     
       12.25000000000000  
 OBS            16
       2.87224276898667
       2.29911995713387
       1.00000000000000
 15 17 -1
obdef
loc3d
        4.94174512165160              0.68484635226999            116.56585693359381     -1
kind
     25     
    69300          153925     
       12.25000000000000  
 OBS            17
       0.22649059491816
       3.05266641470644
       1.00000000000000
 16 18 -1
obdef
loc3d
        4.95420735021482              0.68473663912788             15.00000000000000     -1
kind
     25     
    69300          153925     
       12.25000000000000  
 OBS            18
      -0.58299937170912
       2.31441258389927
       1.00000000000000
 17 19 -1
obdef
loc3d
        4.93477042118681              0.68310638816012            118.89588928222661     -1
kind
     25     
    69300          153925     
       12.25000000000000  
 OBS            19
       5.01078099282632
       1.03105518358103
       1.00000000000000
 18 20 -1
obdef
loc3d
        4.93795631029682              0.68276407673392            144.94107055664060     -1
kind
     25     
    69300          153925     
       12.25000000000000  
 OBS            20
      -1.34499926802955
       2.18868859830366
       1.00000000000000
 19 21 -1
obdef
loc3d
        4.94001671685736              0.68064929967652             43.67281723022461     -1
kind
     25     
    69300          153925     
       12.25000000000000  
 OBS            21
      -3.90467240673279
       2.34438225438490
       1.00000000000000
 20 22 -1
obdef
loc3d
        4.94058460161740              0.67807181314514             70.17810058593750     -1
kind
     25     
    69300          153925     
       12.25000000000000  
 OBS            22
       0.16841599830700
       1.91496518766561
       1.00000000000000
 21 23 -1
obdef
loc3d
        4.95423295419494              0.68033176843505              3.71636104583740     -1
kind
     25     
    69300          153925     
       12.25000000000000  
 OBS            23
      -8.64416431635726
      -4.08224299302605
       1.00000000000000
 22 24 -1
obdef
loc3d
        4.94926894458696              0.66642585587446             10.91526031494141     -1
kind
     25     
    69300          153925     
       12.25000000000000  
 OBS            24
       6.96327391629753
       3.89709037378472
       1.00000000000000
 23 25 -1
obdef
loc3d
        4.96223480186848              0.66700036066835              5.00000000000000     -1
kind
     25     
    69300          153925     
       12.25000000000000  
 OBS            25
       4.24403804543876
       2.89578075433513
       1.00000000000000
 24 26 -1
obdef
loc3d
        4.95546148971009              0.67729393735082              6.17724800109863     -1
kind
     25     
    69300          153925     
       12.25000000000000  
 OBS            26
       0.84952250306053
       0.18913960252547
       1.00000000000000
 25 27 -1
obdef
loc3d
        4.92652723985629              0.69051382381431            146.04148864746091     -1
kind
     25     
    69300          153925     
       12.25000000000000  
 OBS            27
       4.67785260567884
       2.67766710275780
       1.00000000000000
 26 28 -1
obdef
loc3d
        4.96366005344362              0.66920346185787              6.00000000000000     -1
kind
     25     
    69300          153925     
       12.25000000000000  
 OBS            28
      -6.90994380125922
      -0.07323476455702
       1.00000000000000
 27 29 -1
obdef
loc3d
        4.97052949833720              0.66907739847133              8.84140872955322     -1
kind
     25     
    69300          153925     
       12.25000000000000  
 OBS            29
       1.54190871727542
       1.51112291565783
       1.00000000000000
 28 30 -1
obdef
loc3d
        4.95272465676814              0.69285338512106             17.57446289062500     -1
kind
     25     
    69300          153925     
       12.25000000000000  
 OBS            30
       1.71073518514185
       2.17893190191842
       1.00000000000000
 29 31 -1
obdef
loc3d
        4.94895487610473              0.69270373762026            144.09075927734381     -1
kind
     25     
    69300          153925     
       12.25000000000000  
 OBS            31
       1.50293744318146
       2.74506346960840
       1.00000000000000
 30 32 -1
obdef
loc3d
        4.94293085461737              0.69053117803871            168.92642211914060     -1
kind
     25     
    69300          153925     
       12.25000000000000  
 OBS            32
       3.02874263772641
      -1.87356458242264
       1.00000000000000
 31 33 -1
obdef
loc3d
        4.93556788041953              0.67027828664670             15.00000000000000     -1
kind
     25     
    69300          153925     
       12.25000000000000  
 OBS            33
      -2.33582363808401
      -3.30010460334477
       1.00000000000000
 32 34 -1
obdef
loc3d
        4.94611628544174              0.67496858055017             35.03607940673828     -1
kind
     25     
    69300          153925     
       12.25000000000000  
 OBS            34
       2.01290276598931
      -0.02769368201471
       1.00000000000000
 33 35 -1
obdef
loc3d
        4.94304709522229              0.67138694960003             45.00000000000000     -1
kind
     25     
    69300          153925     
       12.25000000000000  
 OBS            35
      -2.17386910681543
      -1.65758677348645
       1.00000000000000
 34 36 -1
obdef
loc3d
        4.94323627307922              0.67609935421143             50.91764831542969     -1
kind
     25     
    69300          153925     
       12.25000000000000  
 OBS            36
       1.23576328602549
      -0.41319965013925
       1.00000000000000
 35 37 -1
obdef
loc3d
        4.94382880471830              0.67878617658979             35.27229690551758     -1
kind
     25     
    69300          153925     
       12.25000000000000  
 OBS            37
       6.16277655449714
       2.39639706901342
       1.00000000000000
 36 38 -1
obdef
loc3d
        4.94220707390035              0.68781081917460            173.94366455078119     -1
kind
     25     
    69300          153925     
       12.25000000000000  
 OBS            38
      -4.29289721848998
      -1.14663913723439
       1.00000000000000
 37 39 -1
obdef
loc3d
        4.92755542120837              0.68675243746254            174.61849975585940     -1
kind
     25     
    69300          153925     
       12.25000000000000  
 OBS            39
       2.92193788909785
       1.46193185743200
       1.00000000000000
 38 40 -1
obdef
loc3d
        4.93770287749180              0.68559892863867            149.84144592285159     -1
kind
     25     
    69300          153925     
       12.25000000000000  
 OBS            40
       0.63557762191151
      -0.12186052326127
       1.00000000000000
 39 41 -1
obdef
loc3d
        4.92848130899840              0.69282991767383            196.64169311523440     -1
kind
     25     
    69300          153925     
       12.25000000000000  
 OBS            41
       7.58881052743651
       2.28565899466708
       1.00000000000000
 40 42 -1
obdef
loc3d
        4.94329123891126              0.66857696973652             21.80461120605469     -1
kind
     25     
    69300          153925     
       12.25000000000000  
 OBS            42
       0.70133906139532
       1.68511278106414
       1.00000000000000
 41 43 -1
obdef
loc3d
        4.93215285315783              0.69272179551745            405.54205322265619     -1
kind
     25     
    69300          153925     
       12.25000000000000  
 OBS            43
      -1.99215837805663
      -0.76334856335886
       1.00000000000000
 42 44 -1
obdef
loc3d
        4.93085954966869              0.68304429171430             90.32812500000000     -1
kind
     25     
    69300          153925     
       12.25000000000000  
 OBS            44
      -3.87498989296129
      -0.55113357075245
       1.00000000000000
 43 45 -1
obdef
loc3d
        4.93705662369825              0.67280917017713             44.45593643188477     -1
kind
     25     
    69300          153925     
       12.25000000000000  
 OBS            45
       4.74468605988066
       1.99239075081377
       1.00000000000000
 44 46 -1
obdef
loc3d
        4.94512604639754              0.69281773274108            184.54177856445310     -1
kind
     25     
    69300          153925     
       12.25000000000000  
 OBS            46
       2.54990984050025
       0.16732854921573
       1.00000000000000
 45 47 -1
obdef
loc3d
        4.94897278262263              0.68784055253573             58.60614395141602     -1
kind
     25     
    69300          153925     
       12.25000000000000  
 OBS            47
      -5.38044711635076
      -0.18515040017046
       1.00000000000000
 46 48 -1
obdef
loc3d
        4.94602769361993              0.68071046350214             21.00896453857422     -1
kind
     25     
    69300          153925     
       12.25000000000000  
 OBS            48
       2.77967222611620
       1.97330563566016
       1.00000000000000
 47 49 -1
obdef
loc3d
        4.93975094338173              0.67132086947702             44.21312713623047     -1
kind
     25     
    69300          153925     
       12.25000000000000  
 OBS            49
       2.55153000232442
       2.08348832649595
       1.00000000000000
 48 50 -1
obdef
loc3d
        4.93608481943111              0.69281990441712            165.01060485839841     -1
kind
     25     
    69300          153925     
       12.25000000000000  
 OBS            50
       2.29407116048096
       0.43580273186077
       1.00000000000000
 49 51 -1
obdef
loc3d
        4.92159319416735              0.69282443720594            292.33944702148438     -1
kind
     25     
    69300          153925     
       12.25000000000000  
 OBS            51
       1.29855591828584
       1.79587444304234
       1.00000000000000
 50 52 -1
obdef
loc3d
        4.93873881518950              0.68829597049600            229.64634704589841     -1
kind
     25     
    69300          153925     
       12.25000000000000  
 OBS            52
       6.62642757388524
       1.92472270393977
       1.00000000000000
 51 53 -1
obdef
loc3d
        4.93527083413009              0.68767784768684            170.73742675781250     -1
kind
     25     
    69300          153925     
       12.25000000000000  
 OBS            53
       2.01747920209828
       2.26831577726701
       1.00000000000000
 52 54 -1
obdef
loc3d
        4.94662113618514              0.69029960200592            170.37097167968750     -1
kind
     25     
    69300          153925     
       12.25000000000000  
 OBS            54
       5.34797701513589
       1.99009600517847
       1.00000000000000
 53 55 -1
obdef
loc3d
        4.93429249379945              0.69052021135789            149.81713867187500     -1
kind
     25     
    69300          153925     
       12.25000000000000  
 OBS            55
       3.05306054534079
      -0.92710489424488
       1.00000000000000
 54 56 -1
obdef
loc3d
        4.93269049343414              0.68556567101287            183.19726562500000     -1
kind
     25     
    69300          153925     
       12.25000000000000  
 OBS            56
       5.29252409562664
       3.52449434216546
       1.00000000000000
 55 57 -1
obdef
loc3d
        4.96102089029673              0.67774516842699             17.24609375000000     -1
kind
     25     
    69300          153925     
       12.25000000000000  
 OBS            57
       6.12030240646778
       3.83367088561397
       1.00000000000000
 56 58 -1
obdef
loc3d
        4.95766343385975              0.68587140474105             17.20619201660156     -1
kind
     25     
    69300          153925     
       12.25000000000000  
 OBS            58
       0.30635199433082
      -0.49595740216577
       1.00000000000000
 57 59 -1
obdef
loc3d
        4.96848382491262              0.66600327539335              8.93466186523438     -1
kind
     25     
    69300          153925     
       12.25000000000000  
 OBS            59
       0.09663498014443
       3.48750069131489
       1.00000000000000
 58 60 -1
obdef
loc3d
        4.95841046678131              0.68356976794003             15.00000000000000     -1
kind
     25     
    69300          153925     
       12.25000000000000  
 OBS            60
       0.52842661290243
       2.41055991448579
       1.00000000000000
 59 61 -1
obdef
loc3d
        4.95968425198686              0.67283122878530              9.91464328765869     -1
kind
     25     
    69300          153925     
       12.25000000000000  
 OBS            61
       4.46887751640258
       2.99722568714800
       1.00000000000000
 60 62 -1
obdef
loc3d
        4.95850938370535              0.67569847985950              9.09960937500000     -1
kind
     25     
    69300          153925     
       12.25000000000000  
 OBS            62
       2.75212608408659
       3.98758912639150
       1.00000000000000
 61 63 -1
obdef
loc3d
        4.96062039600501              0.68186605212913             14.00000000000000     -1
kind
     25     
    69300          153925     
       12.25000000000000  
 OBS            63
       2.43485639894702
       3.77886002007763
       1.00000000000000
 62 64 -1
obdef
loc3d
        4.96044430349621              0.68522255501691             15.00000000000000     -1
kind
     25     
    69300          153925     
       12.25000000000000  
 OBS            64
       3.03812748179759
       3.15949703958670
       1.00000000000000
 63 65 -1
obdef
loc3d
        4.95666979050607              0.68165969365477             15.07347202301025     -1
kind
     25     
    69300          153925     
       12.25000000000000  
 OBS            65
       0.95869928507308
       2.70100685652992
       1.00000000000000
 64 66 -1
obdef
loc3d
        4.96483712939352              0.66390373451953              6.00000000000000     -1
kind
     25     
    69300          153925     
       12.25000000000000  
 OBS            66
      -0.76520744263362
       2.36251363702356
       1.00000000000000
 65 67 -1
obdef
loc3d
        4.96717335385836              0.67072562238302             13.76562500000000     -1
kind
     25     
    69300          153925     
       12.25000000000000  
 OBS            67
       0.61499087217843
       3.63182080912163
       1.00000000000000
 66 68 -1
obdef
loc3d
        4.96004611966382              0.68820120365869             15.00000000000000     -1
kind
     25     
    69300          153925     
       12.25000000000000  
 OBS            68
       5.44589547182428
       0.64224294061662
       1.00000000000000
 67 69 -1
obdef
loc3d
        4.95406364445895              0.69009645468583             54.42578125000000     -1
kind
     25     
    69300          153925     
       12.25000000000000  
 OBS            69
       1.59865410938121
       2.60307754735017
       1.00000000000000
 68 70 -1
obdef
loc3d
        4.95508230192316              0.68705689194968              9.08530712127686     -1
kind
     25     
    69300          153925     
       12.25000000000000  
 OBS            70
       1.45217426655565
       3.30286765122920
       1.00000000000000
 69 71 -1
obdef
loc3d
        4.89647559039613              0.68497595921932            824.84875488281250     -1
kind
     25     
    69300          153925     
       12.25000000000000  
 OBS            71
       0.92384738037841
       2.95084326095188
       1.00000000000000
 70 72 -1
obdef
loc3d
        4.89667428721977              0.69273770557989            574.37286376953125     -1
kind
     25     
    69300          153925     
       12.25000000000000  
 OBS            72
      -4.51951107539515
      -1.15317439388409
       1.00000000000000
 71 73 -1
obdef
loc3d
        4.91583459977084              0.69278424988043            233.68589782714841     -1
kind
     25     
    69300          153925     
       12.25000000000000  
 OBS            73
      -1.22522044630096
       4.53742418945759
       1.00000000000000
 72 74 -1
obdef
loc3d
        4.90300762067971              0.68954390300676            525.03326416015625     -1
kind
     25     
    69300          153925     
       12.25000000000000  
 OBS            74
       7.22589688843065
       2.83480350346460
       1.00000000000000
 73 75 -1
obdef
loc3d
        4.90168560310748              0.69286223560483            711.58941650390625     -1
kind
     25     
    69300          153925     
       12.25000000000000  
 OBS            75
      -3.40263325223207
      -1.66613718950951
       1.00000000000000
 74 76 -1
obdef
loc3d
        4.91091515139416              0.69052501454351            199.70848083496091     -1
kind
     25     
    69300          153925     
       12.25000000000000  
 OBS            76
       0.74003755283670
       1.50787624591515
       1.00000000000000
 75 77 -1
obdef
loc3d
        4.90540352515539              0.69194112440599            606.33142089843750     -1
kind
     26     
    69300          153925     
       12.25000000000000  
 OBS            77
       1.70174910204392
      -0.35326139415336
       1.00000000000000
 76 78 -1
obdef
loc3d
        4.94546412681761              0.68348353984884             17.75631332397461     -1
kind
     26     
    69300          153925     
       12.25000000000000  
 OBS            78
       3.56673176048564
       2.19344477827173
       1.00000000000000
 77 79 -1
obdef
loc3d
        4.94660974174000              0.67744857875853             29.35406684875488     -1
kind
     26     
    69300          153925     
       12.25000000000000  
 OBS            79
      -1.90363944212844
       2.02081900294001
       1.00000000000000
 78 80 -1
obdef
loc3d
        4.94648126630843              0.68652865419204             54.82812500000000     -1
kind
     26     
    69300          153925     
       12.25000000000000  
 OBS            80
       4.50427769932527
       1.74466002279465
       1.00000000000000
 79 81 -1
obdef
loc3d
        4.94445426011379              0.68507566758975             62.61011505126953     -1
kind
     26     
    69300          153925     
       12.25000000000000  
 OBS            81
       2.80410469551050
       1.23191712911198
       1.00000000000000
 80 82 -1
obdef
loc3d
        4.94602055174578              0.68752162087271            134.15721130371091     -1
kind
     26     
    69300          153925     
       12.25000000000000  
 OBS            82
      -3.50604284747948
      -0.24360528163735
       1.00000000000000
 81 83 -1
obdef
loc3d
        4.94603912728501              0.67254511985829             35.00297546386719     -1
kind
     26     
    69300          153925     
       12.25000000000000  
 OBS            83
      -1.41783815920606
       1.12044129881459
       1.00000000000000
 82 84 -1
obdef
loc3d
        4.95877904994953              0.67986585977255             17.04111671447754     -1
kind
     26     
    69300          153925     
       12.25000000000000  
 OBS            84
      -0.76312593552274
       1.22609980301546
       1.00000000000000
 83 85 -1
obdef
loc3d
        4.93958042817759              0.69095160998657            226.13127136230469     -1
kind
     26     
    69300          153925     
       12.25000000000000  
 OBS            85
       3.01420423886742
       3.83284591839013
       1.00000000000000
 84 86 -1
obdef
loc3d
        4.95756313665553              0.69181797222864             89.84997558593750     -1
kind
     26     
    69300          153925     
       12.25000000000000  
 OBS            86
      -2.90336778487994
       0.60985397911914
       1.00000000000000
 85 87 -1
obdef
loc3d
        4.94078657111844              0.67409210989409             60.81152343750000     -1
kind
     26     
    69300          153925     
       12.25000000000000  
 OBS            87
      -2.09962519104595
      -1.08250526390301
       1.00000000000000
 86 88 -1
obdef
loc3d
        4.95557846691255              0.67267262139613              1.00000000000000     -1
kind
     26     
    69300          153925     
       12.25000000000000  
 OBS            88
       3.50131568050281
       0.61551126840001
       1.00000000000000
 87 89 -1
obdef
loc3d
        4.93193348448080              0.68856418981073            106.00000000000000     -1
kind
     26     
    69300          153925     
       12.25000000000000  
 OBS            89
       3.40476953470205
       0.16796340407532
       1.00000000000000
 88 90 -1
obdef
loc3d
        4.89970838141578              0.68765245249877            785.09423828125000     -1
kind
     26     
    69300          153925     
       12.25000000000000  
 OBS            90
       8.38969007978350
       2.82788038550666
       1.00000000000000
 89 91 -1
obdef
loc3d
        4.95026814558372              0.68993059237416             93.11567687988281     -1
kind
     26     
    69300          153925     
       12.25000000000000  
 OBS            91
       3.10924624252590
       0.84391019968981
       1.00000000000000
 90 92 -1
obdef
loc3d
        4.94174512165160              0.68484635226999            116.56585693359381     -1
kind
     26     
    69300          153925     
       12.25000000000000  
 OBS            92
       0.16444479629745
       0.43863303507745
       1.00000000000000
 91 93 -1
obdef
loc3d
        4.95420735021482              0.68473663912788             15.00000000000000     -1
kind
     26     
    69300          153925     
       12.25000000000000  
 OBS            93
       2.78636402003130
       0.61764302168141
       1.00000000000000
 92 94 -1
obdef
loc3d
        4.93477042118681              0.68310638816012            118.89588928222661     -1
kind
     26     
    69300          153925     
       12.25000000000000  
 OBS            94
       6.30414399136965
       0.33028746087135
       1.00000000000000
 93 95 -1
obdef
loc3d
        4.93795631029682              0.68276407673392            144.94107055664060     -1
kind
     26     
    69300          153925     
       12.25000000000000  
 OBS            95
       0.60965629893023
       0.67900086369112
       1.00000000000000
 94 96 -1
obdef
loc3d
        4.94001671685736              0.68064929967652             43.67281723022461     -1
kind
     26     
    69300          153925     
       12.25000000000000  
 OBS            96
       4.72865432816316
       1.07562152612288
       1.00000000000000
 95 97 -1
obdef
loc3d
        4.94058460161740              0.67807181314514             70.17810058593750     -1
kind
     26     
    69300          153925     
       12.25000000000000  
 OBS            97
      -1.74709540109578
      -0.83932352098295
       1.00000000000000
 96 98 -1
obdef
loc3d
        4.95423295419494              0.68033176843505              3.71636104583740     -1
kind
     26     
    69300          153925     
       12.25000000000000  
 OBS            98
       1.09594823427069
       2.16672094185488
       1.00000000000000
 97 99 -1
obdef
loc3d
        4.94926894458696              0.66642585587446             10.91526031494141     -1
kind
     26     
    69300          153925     
       12.25000000000000  
 OBS            99
      -2.41248651776659
      -0.32885934899553
       1.00000000000000
 98 100 -1
obdef
loc3d
        4.96223480186848              0.66700036066835              5.00000000000000     -1
kind
     26     
    69300          153925     
       12.25000000000000  
 OBS            100
      -2.58457712775927
      -0.05841597824021
       1.00000000000000
 99 101 -1
obdef
loc3d
        4.95546148971009              0.67729393735082              6.17724800109863     -1
kind
     26     
    69300          153925     
       12.25000000000000  
 OBS            101
      -0.74797109297304
       1.91887473943514
       1.00000000000000
 100 102 -1
obdef
loc3d
        4.92652723985629              0.69051382381431            146.04148864746091     -1
kind
     26     
    69300          153925     
       12.25000000000000  
 OBS            102
      -0.93637268171271
       0.90595109973280
       1.00000000000000
 101 103 -1
obdef
loc3d
        4.96366005344362              0.66920346185787              6.00000000000000     -1
kind
     26     
    69300          153925     
       12.25000000000000  
 OBS            103
       4.65787848807501
       5.83203362458129
       1.00000000000000
 102 104 -1
obdef
loc3d
        4.97052949833720              0.66907739847133              8.84140872955322     -1
kind
     26     
    69300          153925     
       12.25000000000000  
 OBS            104
      -3.00016352654729
      -1.51000349314838
       1.00000000000000
 103 105 -1
obdef
loc3d
        4.95272465676814              0.69285338512106             17.57446289062500     -1
kind
     26     
    69300          153925     
       12.25000000000000  
 OBS            105
      -5.89277290707763
      -0.49634550428522
       1.00000000000000
 104 106 -1
obdef
loc3d
        4.94895487610473              0.69270373762026            144.09075927734381     -1
kind
     26     
    69300          153925     
       12.25000000000000  
 OBS            106
       8.20809627196185
       2.22579474986554
       1.00000000000000
 105 107 -1
obdef
loc3d
        4.94293085461737              0.69053117803871            168.92642211914060     -1
kind
     26     
    69300          153925     
       12.25000000000000  
 OBS            107
       2.29158500518267
       2.04830158262859
       1.00000000000000
 106 108 -1
obdef
loc3d
        4.93556788041953              0.67027828664670             15.00000000000000     -1
kind
     26     
    69300          153925     
       12.25000000000000  
 OBS            108
       0.47188348682561
       1.29558956822083
       1.00000000000000
 107 109 -1
obdef
loc3d
        4.94611628544174              0.67496858055017             35.03607940673828     -1
kind
     26     
    69300          153925     
       12.25000000000000  
 OBS            109
      -0.42220068283940
       1.46201972009361
       1.00000000000000
 108 110 -1
obdef
loc3d
        4.94304709522229              0.67138694960003             45.00000000000000     -1
kind
     26     
    69300          153925     
       12.25000000000000  
 OBS            110
       3.27265095685879
       1.52760170272233
       1.00000000000000
 109 111 -1
obdef
loc3d
        4.94323627307922              0.67609935421143             50.91764831542969     -1
kind
     26     
    69300          153925     
       12.25000000000000  
 OBS            111
      -5.60937731644285
      -0.79106601843981
       1.00000000000000
 110 112 -1
obdef
loc3d
        4.94382880471830              0.67878617658979             35.27229690551758     -1
kind
     26     
    69300          153925     
       12.25000000000000  
 OBS            112
      -6.30305530918585
       0.96324662738378
       1.00000000000000
 111 113 -1
obdef
loc3d
        4.94220707390035              0.68781081917460            173.94366455078119     -1
kind
     26     
    69300          153925     
       12.25000000000000  
 OBS            113
      -1.42290286450244
       2.01613259573223
       1.00000000000000
 112 114 -1
obdef
loc3d
        4.92755542120837              0.68675243746254            174.61849975585940     -1
kind
     26     
    69300          153925     
       12.25000000000000  
 OBS            114
      -4.56762552571932
       0.41391155119908
       1.00000000000000
 113 115 -1
obdef
loc3d
        4.93770287749180              0.68559892863867            149.84144592285159     -1
kind
     26     
    69300          153925     
       12.25000000000000  
 OBS            115
       3.02539625533698
       0.35855783516606
       1.00000000000000
 114 116 -1
obdef
loc3d
        4.92848130899840              0.69282991767383            196.64169311523440     -1
kind
     26     
    69300          153925     
       12.25000000000000  
 OBS            116
      -1.53845800462725
       1.77733415436296
       1.00000000000000
 115 117 -1
obdef
loc3d
        4.94329123891126              0.66857696973652             21.80461120605469     -1
kind
     26     
    69300          153925     
       12.25000000000000  
 OBS            117
       4.41239757797181
       0.27499665545739
       1.00000000000000
 116 118 -1
obdef
loc3d
        4.93215285315783              0.69272179551745            405.54205322265619     -1
kind
     26     
    69300          153925     
       12.25000000000000  
 OBS            118
      -2.13155813731513
       1.48737585611745
       1.00000000000000
 117 119 -1
obdef
loc3d
        4.93085954966869              0.68304429171430             90.32812500000000     -1
kind
     26     
    69300          153925     
       12.25000000000000  
 OBS            119
       1.80331392036143
       0.96280361293217
       1.00000000000000
 118 120 -1
obdef
loc3d
        4.93705662369825              0.67280917017713             44.45593643188477     -1
kind
     26     
    69300          153925     
       12.25000000000000  
 OBS            120
       0.80420046785612
      -0.24489643405335
       1.00000000000000
 119 121 -1
obdef
loc3d
        4.94512604639754              0.69281773274108            184.54177856445310     -1
kind
     26     
    69300          153925     
       12.25000000000000  
 OBS            121
      -1.95550495793113
       2.54339200479008
       1.00000000000000
 120 122 -1
obdef
loc3d
        4.94897278262263              0.68784055253573             58.60614395141602     -1
kind
     26     
    69300          153925     
       12.25000000000000  
 OBS            122
       4.59837943730385
       1.84521604960863
       1.00000000000000
 121 123 -1
obdef
loc3d
        4.94602769361993              0.68071046350214             21.00896453857422     -1
kind
     26     
    69300          153925     
       12.25000000000000  
 OBS            123
       4.57105238036134
       2.46760214145310
       1.00000000000000
 122 124 -1
obdef
loc3d
        4.93975094338173              0.67132086947702             44.21312713623047     -1
kind
     26     
    69300          153925     
       12.25000000000000  
 OBS            124
       2.82706856780213
      -0.72703909426742
       1.00000000000000
 123 125 -1
obdef
loc3d
        4.93608481943111              0.69281990441712            165.01060485839841     -1
kind
     26     
    69300          153925     
       12.25000000000000  
 OBS            125
      -0.49264039061342
       1.75006193992095
       1.00000000000000
 124 126 -1
obdef
loc3d
        4.92159319416735              0.69282443720594            292.33944702148438     -1
kind
     26     
    69300          153925     
       12.25000000000000  
 OBS            126
       1.52123950382922
       1.25218619282719
       1.00000000000000
 125 127 -1
obdef
loc3d
        4.93873881518950              0.68829597049600            229.64634704589841     -1
kind
     26     
    69300          153925     
       12.25000000000000  
 OBS            127
       0.25208072563346
       0.03067423910503
       1.00000000000000
 126 128 -1
obdef
loc3d
        4.93527083413009              0.68767784768684            170.73742675781250     -1
kind
     26     
    69300          153925     
       12.25000000000000  
 OBS            128
       0.62179048008735
       0.02967953126317
       1.00000000000000
 127 129 -1
obdef
loc3d
        4.94662113618514              0.69029960200592            170.37097167968750     -1
kind
     26     
    69300          153925     
       12.25000000000000  
 OBS            129
       3.19425754870895
      -0.31102841746268
       1.00000000000000
 128 130 -1
obdef
loc3d
        4.93429249379945              0.69052021135789            149.81713867187500     -1
kind
     26     
    69300          153925     
       12.25000000000000  
 OBS            130
       5.91002454834483
       1.56907007366498
       1.00000000000000
 129 131 -1
obdef
loc3d
        4.93269049343414              0.68556567101287            183.19726562500000     -1
kind
     26     
    69300          153925     
       12.25000000000000  
 OBS            131
       1.19684761861304
       1.60108884712142
       1.00000000000000
 130 132 -1
obdef
loc3d
        4.96102089029673              0.67774516842699             17.24609375000000     -1
kind
     26     
    69300          153925     
       12.25000000000000  
 OBS            132
      -0.22724909326403
      -0.47796136091407
       1.00000000000000
 131 133 -1
obdef
loc3d
        4.95766343385975              0.68587140474105             17.20619201660156     -1
kind
     26     
    69300          153925     
       12.25000000000000  
 OBS            133
       7.14625732409461
       6.19089320086289
       1.00000000000000
 132 134 -1
obdef
loc3d
        4.96848382491262              0.66600327539335              8.93466186523438     -1
kind
     26     
    69300          153925     
       12.25000000000000  
 OBS            134
       0.48628380751094
       1.80550368139972
       1.00000000000000
 133 135 -1
obdef
loc3d
        4.95841046678131              0.68356976794003             15.00000000000000     -1
kind
     26     
    69300          153925     
       12.25000000000000  
 OBS            135
      -1.20607820093679
      -0.70950189645885
       1.00000000000000
 134 136 -1
obdef
loc3d
        4.95968425198686              0.67283122878530              9.91464328765869     -1
kind
     26     
    69300          153925     
       12.25000000000000  
 OBS            136
      -1.22016475743370
      -0.57564651002771
       1.00000000000000
 135 137 -1
obdef
loc3d
        4.95850938370535              0.67569847985950              9.09960937500000     -1
kind
     26     
    69300          153925     
       12.25000000000000  
 OBS            137
       0.98281754129255
       0.49797122753014
       1.00000000000000
 136 138 -1
obdef
loc3d
        4.96062039600501              0.68186605212913             14.00000000000000     -1
kind
     26     
    69300          153925     
       12.25000000000000  
 OBS            138
      -0.00290321849630
       0.11483054523557
       1.00000000000000
 137 139 -1
obdef
loc3d
        4.96044430349621              0.68522255501691             15.00000000000000     -1
kind
     26     
    69300          153925     
       12.25000000000000  
 OBS            139
       0.19982092958460
      -0.02984136768440
       1.00000000000000
 138 140 -1
obdef
loc3d
        4.95666979050607              0.68165969365477             15.07347202301025     -1
kind
     26     
    69300          153925     
       12.25000000000000  
 OBS            140
       4.09613351562513
       2.12965328049355
       1.00000000000000
 139 141 -1
obdef
loc3d
        4.96483712939352              0.66390373451953              6.00000000000000     -1
kind
     26     
    69300          153925     
       12.25000000000000  
 OBS            141
      -0.33284332618374
      -1.34094491191744
       1.00000000000000
 140 142 -1
obdef
loc3d
        4.96717335385836              0.67072562238302             13.76562500000000     -1
kind
     26     
    69300          153925     
       12.25000000000000  
 OBS            142
      -3.00308157357845
      -0.55880188288452
       1.00000000000000
 141 143 -1
obdef
loc3d
        4.96004611966382              0.68820120365869             15.00000000000000     -1
kind
     26     
    69300          153925     
       12.25000000000000  
 OBS            143
       0.45480402099952
       2.08361977755307
       1.00000000000000
 142 144 -1
obdef
loc3d
        4.95406364445895              0.69009645468583             54.42578125000000     -1
kind
     26     
    69300          153925     
       12.25000000000000  
 OBS            144
      -6.24839597587804
       0.17938526032828
       1.00000000000000
 143 145 -1
obdef
loc3d
        4.95508230192316              0.68705689194968              9.08530712127686     -1
kind
     26     
    69300          153925     
       12.25000000000000  
 OBS            145
       3.78173024525548
       1.34190402350245
       1.00000000000000
 144 146 -1
obdef
loc3d
        4.89647559039613              0.68497595921932            824.84875488281250     -1
kind
     26     
    69300          153925     
       12.25000000000000  
 OBS            146
      -1.74014196486743
       0.67797751734606
       1.00000000000000
 145 147 -1
obdef
loc3d
        4.89667428721977              0.69273770557989            574.37286376953125     -1
kind
     26     
    69300          153925     
       12.25000000000000  
 OBS            147
      -2.66634085309315
       0.02553450767137
       1.00000000000000
 146 148 -1
obdef
loc3d
        4.91583459977084              0.69278424988043            233.68589782714841     -1
kind
     26     
    69300          153925     
       12.25000000000000  
 OBS            148
       4.33576687375509
       1.02545392537784
       1.00000000000000
 147 149 -1
obdef
loc3d
        4.90300762067971              0.68954390300676            525.03326416015625     -1
kind
     26     
    69300          153925     
       12.25000000000000  
 OBS            149
       0.42246953282632
       1.64824662954455
       1.00000000000000
 148 150 -1
obdef
loc3d
        4.90168560310748              0.69286223560483            711.58941650390625     -1
kind
     26     
    69300          153925     
       12.25000000000000  
 OBS            150
       8.96076260158666
       1.26594136823759
       1.00000000000000
 149 151 -1
obdef
loc3d
        4.91091515139416              0.69052501454351            199.70848083496091     -1
kind
     26     
    69300          153925     
       12.25000000000000  
 OBS            151
     301.83104904637287
     300.88201983595400
       1.00000000000000
 150 152 -1
obdef
loc3d
        4.90540352515539              0.69194112440599            606.33142089843750     -1
kind
     27     
    69300          153925     
        6.25000000000000  
 OBS            152
     302.83142010478173
     303.06615548711397
       1.00000000000000
 151 153 -1
obdef
loc3d
        4.94546412681761              0.68348353984884             17.75631332397461     -1
kind
     27     
    69300          153925     
        6.25000000000000  
 OBS            153
     301.96832881024881
     302.62590438270001
       1.00000000000000
 152 154 -1
obdef
loc3d
        4.94660974174000              0.67744857875853             29.35406684875488     -1
kind
     27     
    69300          153925     
        6.25000000000000  
 OBS            154
     304.13633031499865
     304.52896468954998
       1.00000000000000
 153 155 -1
obdef
loc3d
        4.94648126630843              0.68652865419204             54.82812500000000     -1
kind
     27     
    69300          153925     
        6.25000000000000  
 OBS            155
     300.23271509241312
     301.78969507724003
       1.00000000000000
 154 156 -1
obdef
loc3d
        4.94445426011379              0.68507566758975             62.61011505126953     -1
kind
     27     
    69300          153925     
        6.25000000000000  
 OBS            156
     304.79502907708712
     303.49596950042599
       1.00000000000000
 155 157 -1
obdef
loc3d
        4.94602055174578              0.68752162087271            134.15721130371091     -1
kind
     27     
    69300          153925     
        6.25000000000000  
 OBS            157
     304.74813172779506
     305.17062615241701
       1.00000000000000
 156 158 -1
obdef
loc3d
        4.94603912728501              0.67254511985829             35.00297546386719     -1
kind
     27     
    69300          153925     
        6.25000000000000  
 OBS            158
     305.29442850805606
     306.10185397741799
       1.00000000000000
 157 159 -1
obdef
loc3d
        4.95877904994953              0.67986585977255             17.04111671447754     -1
kind
     27     
    69300          153925     
        6.25000000000000  
 OBS            159
     303.47638731897632
     303.65225311201999
       1.00000000000000
 158 160 -1
obdef
loc3d
        4.93958042817759              0.69095160998657            226.13127136230469     -1
kind
     27     
    69300          153925     
        6.25000000000000  
 OBS            160
     302.36612947722426
     303.13061558636599
       1.00000000000000
 159 161 -1
obdef
loc3d
        4.95756313665553              0.69181797222864             89.84997558593750     -1
kind
     27     
    69300          153925     
        6.25000000000000  
 OBS            161
     305.44530969239287
     304.70786569900901
       1.00000000000000
 160 162 -1
obdef
loc3d
        4.94078657111844              0.67409210989409             60.81152343750000     -1
kind
     27     
    69300          153925     
        6.25000000000000  
 OBS            162
     308.04003884134517
     306.88127537656402
       1.00000000000000
 161 163 -1
obdef
loc3d
        4.95557846691255              0.67267262139613              1.00000000000000     -1
kind
     27     
    69300          153925     
        6.25000000000000  
 OBS            163
     305.09931582080719
     304.75467752794498
       1.00000000000000
 162 164 -1
obdef
loc3d
        4.93193348448080              0.68856418981073            106.00000000000000     -1
kind
     27     
    69300          153925     
        6.25000000000000  
 OBS            164
     299.54406915177611
     299.89212603921800
       1.00000000000000
 163 165 -1
obdef
loc3d
        4.89970838141578              0.68765245249877            785.09423828125000     -1
kind
     27     
    69300          153925     
        6.25000000000000  
 OBS            165
     301.84614445980782
     302.73277609620999
       1.00000000000000
 164 166 -1
obdef
loc3d
        4.95026814558372              0.68993059237416             93.11567687988281     -1
kind
     27     
    69300          153925     
        6.25000000000000  
 OBS            166
     302.30965578153939
     304.30724801795998
       1.00000000000000
 165 167 -1
obdef
loc3d
        4.94174512165160              0.68484635226999            116.56585693359381     -1
kind
     27     
    69300          153925     
        6.25000000000000  
 OBS            167
     303.96578925584771
     304.52119678089900
       1.00000000000000
 166 168 -1
obdef
loc3d
        4.95420735021482              0.68473663912788             15.00000000000000     -1
kind
     27     
    69300          153925     
        6.25000000000000  
 OBS            168
     306.39042036174419
     304.89220058473700
       1.00000000000000
 167 169 -1
obdef
loc3d
        4.93477042118681              0.68310638816012            118.89588928222661     -1
kind
     27     
    69300          153925     
        6.25000000000000  
 OBS            169
     304.34159642261380
     304.22537982534999
       1.00000000000000
 168 170 -1
obdef
loc3d
        4.93795631029682              0.68276407673392            144.94107055664060     -1
kind
     27     
    69300          153925     
        6.25000000000000  
 OBS            170
     304.67966138523832
     304.84463082179599
       1.00000000000000
 169 171 -1
obdef
loc3d
        4.94001671685736              0.68064929967652             43.67281723022461     -1
kind
     27     
    69300          153925     
        6.25000000000000  
 OBS            171
     304.41792827875707
     305.56646014789698
       1.00000000000000
 170 172 -1
obdef
loc3d
        4.94058460161740              0.67807181314514             70.17810058593750     -1
kind
     27     
    69300          153925     
        6.25000000000000  
 OBS            172
     304.68616439250678
     305.03214957505600
       1.00000000000000
 171 173 -1
obdef
loc3d
        4.95423295419494              0.68033176843505              3.71636104583740     -1
kind
     27     
    69300          153925     
        6.25000000000000  
 OBS            173
     304.73410367894729
     305.28401469438501
       1.00000000000000
 172 174 -1
obdef
loc3d
        4.94926894458696              0.66642585587446             10.91526031494141     -1
kind
     27     
    69300          153925     
        6.25000000000000  
 OBS            174
     305.98065383442298
     306.80440543045398
       1.00000000000000
 173 175 -1
obdef
loc3d
        4.96223480186848              0.66700036066835              5.00000000000000     -1
kind
     27     
    69300          153925     
        6.25000000000000  
 OBS            175
     306.17459579394887
     305.92803776765300
       1.00000000000000
 174 176 -1
obdef
loc3d
        4.95546148971009              0.67729393735082              6.17724800109863     -1
kind
     27     
    69300          153925     
        6.25000000000000  
 OBS            176
     303.36466537639149
     304.61620399284402
       1.00000000000000
 175 177 -1
obdef
loc3d
        4.92652723985629              0.69051382381431            146.04148864746091     -1
kind
     27     
    69300          153925     
        6.25000000000000  
 OBS            177
     305.87127406797543
     305.93466485526199
       1.00000000000000
 176 178 -1
obdef
loc3d
        4.96366005344362              0.66920346185787              6.00000000000000     -1
kind
     27     
    69300          153925     
        6.25000000000000  
 OBS            178
     300.84663866956572
     303.12293512525201
       1.00000000000000
 177 179 -1
obdef
loc3d
        4.97052949833720              0.66907739847133              8.84140872955322     -1
kind
     27     
    69300          153925     
        6.25000000000000  
 OBS            179
     301.76711906712194
     302.73871163178802
       1.00000000000000
 178 180 -1
obdef
loc3d
        4.95272465676814              0.69285338512106             17.57446289062500     -1
kind
     27     
    69300          153925     
        6.25000000000000  
 OBS            180
     303.78931523434272
     302.83642564506903
       1.00000000000000
 179 181 -1
obdef
loc3d
        4.94895487610473              0.69270373762026            144.09075927734381     -1
kind
     27     
    69300          153925     
        6.25000000000000  
 OBS            181
     307.49707197325148
     303.78695910104898
       1.00000000000000
 180 182 -1
obdef
loc3d
        4.94293085461737              0.69053117803871            168.92642211914060     -1
kind
     27     
    69300          153925     
        6.25000000000000  
 OBS            182
     307.34930557077274
     306.42567484331897
       1.00000000000000
 181 183 -1
obdef
loc3d
        4.93556788041953              0.67027828664670             15.00000000000000     -1
kind
     27     
    69300          153925     
        6.25000000000000  
 OBS            183
     304.05002292624954
     303.42951590961798
       1.00000000000000
 182 184 -1
obdef
loc3d
        4.94611628544174              0.67496858055017             35.03607940673828     -1
kind
     27     
    69300          153925     
        6.25000000000000  
 OBS            184
     304.00719313889294
     305.60578674636400
       1.00000000000000
 183 185 -1
obdef
loc3d
        4.94304709522229              0.67138694960003             45.00000000000000     -1
kind
     27     
    69300          153925     
        6.25000000000000  
 OBS            185
     304.43927939693589
     303.54469036733502
       1.00000000000000
 184 186 -1
obdef
loc3d
        4.94323627307922              0.67609935421143             50.91764831542969     -1
kind
     27     
    69300          153925     
        6.25000000000000  
 OBS            186
     303.70765396144384
     303.91434843478299
       1.00000000000000
 185 187 -1
obdef
loc3d
        4.94382880471830              0.67878617658979             35.27229690551758     -1
kind
     27     
    69300          153925     
        6.25000000000000  
 OBS            187
     303.82499315959160
     303.48746691063701
       1.00000000000000
 186 188 -1
obdef
loc3d
        4.94220707390035              0.68781081917460            173.94366455078119     -1
kind
     27     
    69300          153925     
        6.25000000000000  
 OBS            188
     303.44494364432558
     303.43705323940799
       1.00000000000000
 187 189 -1
obdef
loc3d
        4.92755542120837              0.68675243746254            174.61849975585940     -1
kind
     27     
    69300          153925     
        6.25000000000000  
 OBS            189
     302.08343977401415
     302.91388038277501
       1.00000000000000
 188 190 -1
obdef
loc3d
        4.93770287749180              0.68559892863867            149.84144592285159     -1
kind
     27     
    69300          153925     
        6.25000000000000  
 OBS            190
     305.22189183945051
     302.93351863107603
       1.00000000000000
 189 191 -1
obdef
loc3d
        4.92848130899840              0.69282991767383            196.64169311523440     -1
kind
     27     
    69300          153925     
        6.25000000000000  
 OBS            191
     308.09830729005068
     306.86653632621199
       1.00000000000000
 190 192 -1
obdef
loc3d
        4.94329123891126              0.66857696973652             21.80461120605469     -1
kind
     27     
    69300          153925     
        6.25000000000000  
 OBS            192
     302.24940688300455
     302.26850208406103
       1.00000000000000
 191 193 -1
obdef
loc3d
        4.93215285315783              0.69272179551745            405.54205322265619     -1
kind
     27     
    69300          153925     
        6.25000000000000  
 OBS            193
     303.63861583456946
     303.37661427076802
       1.00000000000000
 192 194 -1
obdef
loc3d
        4.93085954966869              0.68304429171430             90.32812500000000     -1
kind
     27     
    69300          153925     
        6.25000000000000  
 OBS            194
     304.44472715829608
     304.06122247389101
       1.00000000000000
 193 195 -1
obdef
loc3d
        4.93705662369825              0.67280917017713             44.45593643188477     -1
kind
     27     
    69300          153925     
        6.25000000000000  
 OBS            195
     301.79134322896732
     302.58612584531897
       1.00000000000000
 194 196 -1
obdef
loc3d
        4.94512604639754              0.69281773274108            184.54177856445310     -1
kind
     27     
    69300          153925     
        6.25000000000000  
 OBS            196
     301.42336330364958
     303.14854982486099
       1.00000000000000
 195 197 -1
obdef
loc3d
        4.94897278262263              0.68784055253573             58.60614395141602     -1
kind
     27     
    69300          153925     
        6.25000000000000  
 OBS            197
     303.64627220756802
     303.40119488935102
       1.00000000000000
 196 198 -1
obdef
loc3d
        4.94602769361993              0.68071046350214             21.00896453857422     -1
kind
     27     
    69300          153925     
        6.25000000000000  
 OBS            198
     308.80155690880855
     306.38844845676101
       1.00000000000000
 197 199 -1
obdef
loc3d
        4.93975094338173              0.67132086947702             44.21312713623047     -1
kind
     27     
    69300          153925     
        6.25000000000000  
 OBS            199
     305.86972856973864
     304.22585205896598
       1.00000000000000
 198 200 -1
obdef
loc3d
        4.93608481943111              0.69281990441712            165.01060485839841     -1
kind
     27     
    69300          153925     
        6.25000000000000  
 OBS            200
     303.32056767221047
     303.48340601267603
       1.00000000000000
 199 201 -1
obdef
loc3d
        4.92159319416735              0.69282443720594            292.33944702148438     -1
kind
     27     
    69300          153925     
        6.25000000000000  
 OBS            201
     303.54500309993875
     303.40712774943898
       1.00000000000000
 200 202 -1
obdef
loc3d
        4.93873881518950              0.68829597049600            229.64634704589841     -1
kind
     27     
    69300          153925     
        6.25000000000000  
 OBS            202
     303.72893703911950
     304.57791783146899
       1.00000000000000
 201 203 -1
obdef
loc3d
        4.93527083413009              0.68767784768684            170.73742675781250     -1
kind
     27     
    69300          153925     
        6.25000000000000  
 OBS            203
     303.78480132948039
     303.23639414702802
       1.00000000000000
 202 204 -1
obdef
loc3d
        4.94662113618514              0.69029960200592            170.37097167968750     -1
kind
     27     
    69300          153925     
        6.25000000000000  
 OBS            204
     303.75113044683485
     304.17175813905300
       1.00000000000000
 203 205 -1
obdef
loc3d
        4.93429249379945              0.69052021135789            149.81713867187500     -1
kind
     27     
    69300          153925     
        6.25000000000000  
 OBS            205
     304.14185484411973
     303.25765672261701
       1.00000000000000
 204 206 -1
obdef
loc3d
        4.93269049343414              0.68556567101287            183.19726562500000     -1
kind
     27     
    69300          153925     
        6.25000000000000  
 OBS            206
     304.88095583087073
     306.44843612684900
       1.00000000000000
 205 207 -1
obdef
loc3d
        4.96102089029673              0.67774516842699             17.24609375000000     -1
kind
     27     
    69300          153925     
        6.25000000000000  
 OBS            207
     305.03519579608457
     304.96630579067300
       1.00000000000000
 206 208 -1
obdef
loc3d
        4.95766343385975              0.68587140474105             17.20619201660156     -1
kind
     27     
    69300          153925     
        6.25000000000000  
 OBS            208
     302.96963658324177
     302.33674276332101
       1.00000000000000
 207 209 -1
obdef
loc3d
        4.96848382491262              0.66600327539335              8.93466186523438     -1
kind
     27     
    69300          153925     
        6.25000000000000  
 OBS            209
     305.40479100891196
     305.80480259146998
       1.00000000000000
 208 210 -1
obdef
loc3d
        4.95841046678131              0.68356976794003             15.00000000000000     -1
kind
     27     
    69300          153925     
        6.25000000000000  
 OBS            210
     303.60345999741128
     306.19034765228997
       1.00000000000000
 209 211 -1
obdef
loc3d
        4.95968425198686              0.67283122878530              9.91464328765869     -1
kind
     27     
    69300          153925     
        6.25000000000000  
 OBS            211
     306.72703477498419
     305.29695874341002
       1.00000000000000
 210 212 -1
obdef
loc3d
        4.95850938370535              0.67569847985950              9.09960937500000     -1
kind
     27     
    69300          153925     
        6.25000000000000  
 OBS            212
     303.65407210437274
     306.42702213182901
       1.00000000000000
 211 213 -1
obdef
loc3d
        4.96062039600501              0.68186605212913             14.00000000000000     -1
kind
     27     
    69300          153925     
        6.25000000000000  
 OBS            213
     306.51005220808503
     305.79748434563197
       1.00000000000000
 212 214 -1
obdef
loc3d
        4.96044430349621              0.68522255501691             15.00000000000000     -1
kind
     27     
    69300          153925     
        6.25000000000000  
 OBS            214
     303.48426203655907
     304.99565230250602
       1.00000000000000
 213 215 -1
obdef
loc3d
        4.95666979050607              0.68165969365477             15.07347202301025     -1
kind
     27     
    69300          153925     
        6.25000000000000  
 OBS            215
     306.68352041129560
     306.29470726795199
       1.00000000000000
 214 216 -1
obdef
loc3d
        4.96483712939352              0.66390373451953              6.00000000000000     -1
kind
     27     
    69300          153925     
        6.25000000000000  
 OBS            216
     305.64794323757076
     305.45315545964701
       1.00000000000000
 215 217 -1
obdef
loc3d
        4.96717335385836              0.67072562238302             13.76562500000000     -1
kind
     27     
    69300          153925     
        6.25000000000000  
 OBS            217
     303.95634015958990
     304.75646208493202
       1.00000000000000
 216 218 -1
obdef
loc3d
        4.96004611966382              0.68820120365869             15.00000000000000     -1
kind
     27     
    69300          153925     
        6.25000000000000  
 OBS            218
     302.59724738044531
     301.58580540186801
       1.00000000000000
 217 219 -1
obdef
loc3d
        4.95406364445895              0.69009645468583             54.42578125000000     -1
kind
     27     
    69300          153925     
        6.25000000000000  
 OBS            219
     303.78905978090904
     303.67504292089899
       1.00000000000000
 218 220 -1
obdef
loc3d
        4.95508230192316              0.68705689194968              9.08530712127686     -1
kind
     27     
    69300          153925     
        6.25000000000000  
 OBS            220
     300.43023651266043
     300.04422609160900
       1.00000000000000
 219 221 -1
obdef
loc3d
        4.89647559039613              0.68497595921932            824.84875488281250     -1
kind
     27     
    69300          153925     
        6.25000000000000  
 OBS            221
     301.84213734942477
     300.98470417365399
       1.00000000000000
 220 222 -1
obdef
loc3d
        4.89667428721977              0.69273770557989            574.37286376953125     -1
kind
     27     
    69300          153925     
        6.25000000000000  
 OBS            222
     303.71385662777550
     303.28122340499198
       1.00000000000000
 221 223 -1
obdef
loc3d
        4.91583459977084              0.69278424988043            233.68589782714841     -1
kind
     27     
    69300          153925     
        6.25000000000000  
 OBS            223
     303.45997987447163
     302.16370082540197
       1.00000000000000
 222 224 -1
obdef
loc3d
        4.90300762067971              0.68954390300676            525.03326416015625     -1
kind
     27     
    69300          153925     
        6.25000000000000  
 OBS            224
     301.45277243011873
     299.89741702226399
       1.00000000000000
 223 225 -1
obdef
loc3d
        4.90168560310748              0.69286223560483            711.58941650390625     -1
kind
     27     
    69300          153925     
        6.25000000000000  
 OBS            225
     302.92171267296061
     303.26853299418798
       1.00000000000000
 224 226 -1
obdef
loc3d
        4.91091515139416              0.69052501454351            199.70848083496091     -1
kind
     27     
    69300          153925     
        6.25000000000000  
 OBS            226
       0.01366479969608
       0.01019153920360
       1.00000000000000
 225 227 -1
obdef
loc3d
        4.90540352515539              0.69194112440599            606.33142089843750     -1
kind
     28     
    69300          153925     
        0.00203830784072  
 OBS            227
       0.00000000000000
       0.01257348130669
       1.00000000000000
 226 228 -1
obdef
loc3d
        4.94546412681761              0.68348353984884             17.75631332397461     -1
kind
     28     
    69300          153925     
        0.00251469626134  
 OBS            228
       0.00000000000000
       0.01278787979092
       1.00000000000000
 227 229 -1
obdef
loc3d
        4.94660974174000              0.67744857875853             29.35406684875488     -1
kind
     28     
    69300          153925     
        0.00255757595818  
 OBS            229
       0.01625017243016
       0.01155208583993
       1.00000000000000
 228 230 -1
obdef
loc3d
        4.94648126630843              0.68652865419204             54.82812500000000     -1
kind
     28     
    69300          153925     
        0.00231041716799  
 OBS            230
       0.01824446935621
       0.01277660713863
       1.00000000000000
 229 231 -1
obdef
loc3d
        4.94445426011379              0.68507566758975             62.61011505126953     -1
kind
     28     
    69300          153925     
        0.00255532142773  
 OBS            231
       0.01609368691697
       0.01169606321608
       1.00000000000000
 230 232 -1
obdef
loc3d
        4.94602055174578              0.68752162087271            134.15721130371091     -1
kind
     28     
    69300          153925     
        0.00233921264322  
 OBS            232
       0.00000000000000
       0.01181857198154
       1.00000000000000
 231 233 -1
obdef
loc3d
        4.94603912728501              0.67254511985829             35.00297546386719     -1
kind
     28     
    69300          153925     
        0.00236371439631  
 OBS            233
       0.01376420852421
       0.01014310030013
       1.00000000000000
 232 234 -1
obdef
loc3d
        4.95877904994953              0.67986585977255             17.04111671447754     -1
kind
     28     
    69300          153925     
        0.00202862006003  
 OBS            234
       0.00855589851559
       0.00981740159437
       1.00000000000000
 233 235 -1
obdef
loc3d
        4.93958042817759              0.69095160998657            226.13127136230469     -1
kind
     28     
    69300          153925     
        0.00196348031887  
 OBS            235
       0.01199213835146
       0.01153766052497
       1.00000000000000
 234 236 -1
obdef
loc3d
        4.95756313665553              0.69181797222864             89.84997558593750     -1
kind
     28     
    69300          153925     
        0.00230753210499  
 OBS            236
       0.01804065464530
       0.01065933028847
       1.00000000000000
 235 237 -1
obdef
loc3d
        4.94078657111844              0.67409210989409             60.81152343750000     -1
kind
     28     
    69300          153925     
        0.00213186605769  
 OBS            237
       0.00932908607051
       0.01055949503940
       1.00000000000000
 236 238 -1
obdef
loc3d
        4.95557846691255              0.67267262139613              1.00000000000000     -1
kind
     28     
    69300          153925     
        0.00211189900788  
 OBS            238
       0.00793192113931
       0.01069014869723
       1.00000000000000
 237 239 -1
obdef
loc3d
        4.93193348448080              0.68856418981073            106.00000000000000     -1
kind
     28     
    69300          153925     
        0.00213802973945  
 OBS            239
       0.00611200480024
       0.01004124229796
       1.00000000000000
 238 240 -1
obdef
loc3d
        4.89970838141578              0.68765245249877            785.09423828125000     -1
kind
     28     
    69300          153925     
        0.00200824845959  
 OBS            240
       0.01031147428258
       0.01198410671552
       1.00000000000000
 239 241 -1
obdef
loc3d
        4.95026814558372              0.68993059237416             93.11567687988281     -1
kind
     28     
    69300          153925     
        0.00239682134310  
 OBS            241
       0.02039212493719
       0.01129577497275
       1.00000000000000
 240 242 -1
obdef
loc3d
        4.94174512165160              0.68484635226999            116.56585693359381     -1
kind
     28     
    69300          153925     
        0.00225915499455  
 OBS            242
       0.00374984941537
       0.01164886361424
       1.00000000000000
 241 243 -1
obdef
loc3d
        4.95420735021482              0.68473663912788             15.00000000000000     -1
kind
     28     
    69300          153925     
        0.00232977272285  
 OBS            243
       0.01428654332552
       0.01069534949048
       1.00000000000000
 242 244 -1
obdef
loc3d
        4.93477042118681              0.68310638816012            118.89588928222661     -1
kind
     28     
    69300          153925     
        0.00213906989810  
 OBS            244
       0.00637733795279
       0.01098693672624
       1.00000000000000
 243 245 -1
obdef
loc3d
        4.93795631029682              0.68276407673392            144.94107055664060     -1
kind
     28     
    69300          153925     
        0.00219738734525  
 OBS            245
       0.00570081383835
       0.01186043700733
       1.00000000000000
 244 246 -1
obdef
loc3d
        4.94001671685736              0.68064929967652             43.67281723022461     -1
kind
     28     
    69300          153925     
        0.00237208740147  
 OBS            246
       0.00000000000000
       0.01110809188027
       1.00000000000000
 245 247 -1
obdef
loc3d
        4.94058460161740              0.67807181314514             70.17810058593750     -1
kind
     28     
    69300          153925     
        0.00222161837605  
 OBS            247
       0.00019967609557
       0.01204413833170
       1.00000000000000
 246 248 -1
obdef
loc3d
        4.95423295419494              0.68033176843505              3.71636104583740     -1
kind
     28     
    69300          153925     
        0.00240882766634  
 OBS            248
       0.02849717255730
       0.01306380252989
       1.00000000000000
 247 249 -1
obdef
loc3d
        4.94926894458696              0.66642585587446             10.91526031494141     -1
kind
     28     
    69300          153925     
        0.00261276050598  
 OBS            249
       0.01761060456273
       0.01025351250442
       1.00000000000000
 248 250 -1
obdef
loc3d
        4.96223480186848              0.66700036066835              5.00000000000000     -1
kind
     28     
    69300          153925     
        0.00205070250088  
 OBS            250
       0.00000000000000
       0.01084525502463
       1.00000000000000
 249 251 -1
obdef
loc3d
        4.95546148971009              0.67729393735082              6.17724800109863     -1
kind
     28     
    69300          153925     
        0.00216905100493  
 OBS            251
       0.01240145832768
       0.01005849477991
       1.00000000000000
 250 252 -1
obdef
loc3d
        4.92652723985629              0.69051382381431            146.04148864746091     -1
kind
     28     
    69300          153925     
        0.00201169895598  
 OBS            252
       0.01308063270819
       0.01026278256574
       1.00000000000000
 251 253 -1
obdef
loc3d
        4.96366005344362              0.66920346185787              6.00000000000000     -1
kind
     28     
    69300          153925     
        0.00205255651315  
 OBS            253
       0.00910541875024
       0.01457977940906
       1.00000000000000
 252 254 -1
obdef
loc3d
        4.97052949833720              0.66907739847133              8.84140872955322     -1
kind
     28     
    69300          153925     
        0.00291595588181  
 OBS            254
       0.00813319562999
       0.00996666069115
       1.00000000000000
 253 255 -1
obdef
loc3d
        4.95272465676814              0.69285338512106             17.57446289062500     -1
kind
     28     
    69300          153925     
        0.00199333213823  
 OBS            255
       0.00682253064514
       0.00929729802053
       1.00000000000000
 254 256 -1
obdef
loc3d
        4.94895487610473              0.69270373762026            144.09075927734381     -1
kind
     28     
    69300          153925     
        0.00185945960411  
 OBS            256
       0.00000000000000
       0.01038443165336
       1.00000000000000
 255 257 -1
obdef
loc3d
        4.94293085461737              0.69053117803871            168.92642211914060     -1
kind
     28     
    69300          153925     
        0.00207688633067  
 OBS            257
       0.02487329571278
       0.01155380196284
       1.00000000000000
 256 258 -1
obdef
loc3d
        4.93556788041953              0.67027828664670             15.00000000000000     -1
kind
     28     
    69300          153925     
        0.00231076039257  
 OBS            258
       0.00516370746473
       0.01251276310448
       1.00000000000000
 257 259 -1
obdef
loc3d
        4.94611628544174              0.67496858055017             35.03607940673828     -1
kind
     28     
    69300          153925     
        0.00250255262090  
 OBS            259
       0.01026260314425
       0.01026914170529
       1.00000000000000
 258 260 -1
obdef
loc3d
        4.94304709522229              0.67138694960003             45.00000000000000     -1
kind
     28     
    69300          153925     
        0.00205382834106  
 OBS            260
       0.01699328982650
       0.01233663744258
       1.00000000000000
 259 261 -1
obdef
loc3d
        4.94323627307922              0.67609935421143             50.91764831542969     -1
kind
     28     
    69300          153925     
        0.00246732748852  
 OBS            261
       0.00848925335363
       0.01192991092227
       1.00000000000000
 260 262 -1
obdef
loc3d
        4.94382880471830              0.67878617658979             35.27229690551758     -1
kind
     28     
    69300          153925     
        0.00238598218445  
 OBS            262
       0.00565290750425
       0.01112401184217
       1.00000000000000
 261 263 -1
obdef
loc3d
        4.94220707390035              0.68781081917460            173.94366455078119     -1
kind
     28     
    69300          153925     
        0.00222480236843  
 OBS            263
       0.00726417877304
       0.01109190336310
       1.00000000000000
 262 264 -1
obdef
loc3d
        4.92755542120837              0.68675243746254            174.61849975585940     -1
kind
     28     
    69300          153925     
        0.00221838067262  
 OBS            264
       0.01538241545240
       0.01093179356147
       1.00000000000000
 263 265 -1
obdef
loc3d
        4.93770287749180              0.68559892863867            149.84144592285159     -1
kind
     28     
    69300          153925     
        0.00218635871229  
 OBS            265
       0.01420721813066
       0.00846561043225
       1.00000000000000
 264 266 -1
obdef
loc3d
        4.92848130899840              0.69282991767383            196.64169311523440     -1
kind
     28     
    69300          153925     
        0.00169312208645  
 OBS            266
       0.01707514119429
       0.01085347212627
       1.00000000000000
 265 267 -1
obdef
loc3d
        4.94329123891126              0.66857696973652             21.80461120605469     -1
kind
     28     
    69300          153925     
        0.00217069442525  
 OBS            267
       0.00499108414888
       0.00895420019863
       1.00000000000000
 266 268 -1
obdef
loc3d
        4.93215285315783              0.69272179551745            405.54205322265619     -1
kind
     28     
    69300          153925     
        0.00179084003973  
 OBS            268
       0.00384476987460
       0.01060908023164
       1.00000000000000
 267 269 -1
obdef
loc3d
        4.93085954966869              0.68304429171430             90.32812500000000     -1
kind
     28     
    69300          153925     
        0.00212181604633  
 OBS            269
       0.00000000000000
       0.01154175651978
       1.00000000000000
 268 270 -1
obdef
loc3d
        4.93705662369825              0.67280917017713             44.45593643188477     -1
kind
     28     
    69300          153925     
        0.00230835130396  
 OBS            270
       0.00071609908988
       0.00931526820988
       1.00000000000000
 269 271 -1
obdef
loc3d
        4.94512604639754              0.69281773274108            184.54177856445310     -1
kind
     28     
    69300          153925     
        0.00186305364198  
 OBS            271
       0.02054742256102
       0.01217180544433
       1.00000000000000
 270 272 -1
obdef
loc3d
        4.94897278262263              0.68784055253573             58.60614395141602     -1
kind
     28     
    69300          153925     
        0.00243436108887  
 OBS            272
       0.02235966856839
       0.01357182834463
       1.00000000000000
 271 273 -1
obdef
loc3d
        4.94602769361993              0.68071046350214             21.00896453857422     -1
kind
     28     
    69300          153925     
        0.00271436566893  
 OBS            273
       0.00228373421938
       0.01111535109007
       1.00000000000000
 272 274 -1
obdef
loc3d
        4.93975094338173              0.67132086947702             44.21312713623047     -1
kind
     28     
    69300          153925     
        0.00222307021801  
 OBS            274
       0.00302949093823
       0.00822739013386
       1.00000000000000
 273 275 -1
obdef
loc3d
        4.93608481943111              0.69281990441712            165.01060485839841     -1
kind
     28     
    69300          153925     
        0.00164547802677  
 OBS            275
       0.00000000000000
       0.01002934989826
       1.00000000000000
 274 276 -1
obdef
loc3d
        4.92159319416735              0.69282443720594            292.33944702148438     -1
kind
     28     
    69300          153925     
        0.00200586997965  
 OBS            276
       0.01628781049380
       0.01041011765975
       1.00000000000000
 275 277 -1
obdef
loc3d
        4.93873881518950              0.68829597049600            229.64634704589841     -1
kind
     28     
    69300          153925     
        0.00208202353195  
 OBS            277
       0.00925523849803
       0.01073832916475
       1.00000000000000
 276 278 -1
obdef
loc3d
        4.93527083413009              0.68767784768684            170.73742675781250     -1
kind
     28     
    69300          153925     
        0.00214766583295  
 OBS            278
       0.00687129415745
       0.01034251632816
       1.00000000000000
 277 279 -1
obdef
loc3d
        4.94662113618514              0.69029960200592            170.37097167968750     -1
kind
     28     
    69300          153925     
        0.00206850326563  
 OBS            279
       0.01556694040884
       0.00975541060805
       1.00000000000000
 278 280 -1
obdef
loc3d
        4.93429249379945              0.69052021135789            149.81713867187500     -1
kind
     28     
    69300          153925     
        0.00195108212161  
 OBS            280
       0.02026444922952
       0.01101352182086
       1.00000000000000
 279 281 -1
obdef
loc3d
        4.93269049343414              0.68556567101287            183.19726562500000     -1
kind
     28     
    69300          153925     
        0.00220270436417  
 OBS            281
       0.00000000000000
       0.01002349157974
       1.00000000000000
 280 282 -1
obdef
loc3d
        4.96102089029673              0.67774516842699             17.24609375000000     -1
kind
     28     
    69300          153925     
        0.00200469831595  
 OBS            282
       0.00976085316627
       0.01126711619280
       1.00000000000000
 281 283 -1
obdef
loc3d
        4.95766343385975              0.68587140474105             17.20619201660156     -1
kind
     28     
    69300          153925     
        0.00225342323856  
 OBS            283
       0.00259845472394
       0.01525443957685
       1.00000000000000
 282 284 -1
obdef
loc3d
        4.96848382491262              0.66600327539335              8.93466186523438     -1
kind
     28     
    69300          153925     
        0.00305088791537  
 OBS            284
       0.00000000000000
       0.01084416667369
       1.00000000000000
 283 285 -1
obdef
loc3d
        4.95841046678131              0.68356976794003             15.00000000000000     -1
kind
     28     
    69300          153925     
        0.00216883333474  
 OBS            285
       0.01743644834988
       0.01053766553393
       1.00000000000000
 284 286 -1
obdef
loc3d
        4.95968425198686              0.67283122878530              9.91464328765869     -1
kind
     28     
    69300          153925     
        0.00210753310679  
 OBS            286
       0.00000000000000
       0.01038359191435
       1.00000000000000
 285 287 -1
obdef
loc3d
        4.95850938370535              0.67569847985950              9.09960937500000     -1
kind
     28     
    69300          153925     
        0.00207671838287  
 OBS            287
       0.00261928710850
       0.01038912067404
       1.00000000000000
 286 288 -1
obdef
loc3d
        4.96062039600501              0.68186605212913             14.00000000000000     -1
kind
     28     
    69300          153925     
        0.00207782413481  
 OBS            288
       0.01579566571398
       0.01063915922844
       1.00000000000000
 287 289 -1
obdef
loc3d
        4.96044430349621              0.68522255501691             15.00000000000000     -1
kind
     28     
    69300          153925     
        0.00212783184569  
 OBS            289
       0.00000000000000
       0.01151256235634
       1.00000000000000
 288 290 -1
obdef
loc3d
        4.95666979050607              0.68165969365477             15.07347202301025     -1
kind
     28     
    69300          153925     
        0.00230251247127  
 OBS            290
       0.00000000000000
       0.01047806891490
       1.00000000000000
 289 291 -1
obdef
loc3d
        4.96483712939352              0.66390373451953              6.00000000000000     -1
kind
     28     
    69300          153925     
        0.00209561378298  
 OBS            291
       0.01601810671592
       0.01172754396653
       1.00000000000000
 290 292 -1
obdef
loc3d
        4.96717335385836              0.67072562238302             13.76562500000000     -1
kind
     28     
    69300          153925     
        0.00234550879331  
 OBS            292
       0.00000000000000
       0.01130148010178
       1.00000000000000
 291 293 -1
obdef
loc3d
        4.96004611966382              0.68820120365869             15.00000000000000     -1
kind
     28     
    69300          153925     
        0.00226029602036  
 OBS            293
       0.03271731479623
       0.01140783284011
       1.00000000000000
 292 294 -1
obdef
loc3d
        4.95406364445895              0.69009645468583             54.42578125000000     -1
kind
     28     
    69300          153925     
        0.00228156656802  
 OBS            294
       0.02979833550824
       0.01196127003562
       1.00000000000000
 293 295 -1
obdef
loc3d
        4.95508230192316              0.68705689194968              9.08530712127686     -1
kind
     28     
    69300          153925     
        0.00239225400712  
 OBS            295
       0.00000000000000
       0.00922457257496
       1.00000000000000
 294 296 -1
obdef
loc3d
        4.89647559039613              0.68497595921932            824.84875488281250     -1
kind
     28     
    69300          153925     
        0.00184491451499  
 OBS            296
       0.02117827506433
       0.00998457596682
       1.00000000000000
 295 297 -1
obdef
loc3d
        4.89667428721977              0.69273770557989            574.37286376953125     -1
kind
     28     
    69300          153925     
        0.00199691519336  
 OBS            297
       0.01661261434066
       0.01022211647496
       1.00000000000000
 296 298 -1
obdef
loc3d
        4.91583459977084              0.69278424988043            233.68589782714841     -1
kind
     28     
    69300          153925     
        0.00204442329499  
 OBS            298
       0.00666358326170
       0.00964116878774
       1.00000000000000
 297 299 -1
obdef
loc3d
        4.90300762067971              0.68954390300676            525.03326416015625     -1
kind
     28     
    69300          153925     
        0.00192823375755  
 OBS            299
       0.00835412128215
       0.01035976451418
       1.00000000000000
 298 300 -1
obdef
loc3d
        4.90168560310748              0.69286223560483            711.58941650390625     -1
kind
     28     
    69300          153925     
        0.00207195290284  
 OBS            300
       0.02752615278828
       0.01034243865111
       1.00000000000000
 299 -1 -1
obdef
loc3d
        4.91091515139416              0.69052501454351            199.70848083496091     -1
kind
     28     
    69300          153925     
        0.00206848773022  
