 obs_sequence
obs_kind_definitions
       3
    25          LAND_SFC_U_WIND_COMPONENT   
    26          LAND_SFC_V_WIND_COMPONENT   
    27          LAND_SFC_TEMPERATURE   
  num_copies:            2  num_qc:            1
 num_obs:       225  max_num_obs:       225
observations
truth
QC radar
  first:            1  last:       225
 OBS            1
       5.98707613869529
       2.55320724469125
       1.00000000000000
 -1 2 -1
obdef
loc3d
        4.90540352515539              0.69194112440599            606.33142089843750     -1
kind
     25     
    12600          153950     
       12.25000000000000  
 OBS            2
      -3.36063938195570
       1.00675457670566
       1.00000000000000
 1 3 -1
obdef
loc3d
        4.94546412681761              0.68348353984884             17.75631332397461     -1
kind
     25     
    12600          153950     
       12.25000000000000  
 OBS            3
      -2.60435499582944
       1.37983179992210
       1.00000000000000
 2 4 -1
obdef
loc3d
        4.94660974174000              0.67744857875853             29.35406684875488     -1
kind
     25     
    12600          153950     
       12.25000000000000  
 OBS            4
       0.33250898069881
       0.38010889058749
       1.00000000000000
 3 5 -1
obdef
loc3d
        4.94648126630843              0.68652865419204             54.82812500000000     -1
kind
     25     
    12600          153950     
       12.25000000000000  
 OBS            5
      -0.75170909433778
       1.00493383773146
       1.00000000000000
 4 6 -1
obdef
loc3d
        4.94445426011379              0.68507566758975             62.61011505126953     -1
kind
     25     
    12600          153950     
       12.25000000000000  
 OBS            6
       1.98901618926353
       1.03110349379967
       1.00000000000000
 5 7 -1
obdef
loc3d
        4.94602055174578              0.68752162087271            134.15721130371091     -1
kind
     25     
    12600          153950     
       12.25000000000000  
 OBS            7
      -0.72342932049270
       1.31562366332973
       1.00000000000000
 6 8 -1
obdef
loc3d
        4.94603912728501              0.67254511985829             35.00297546386719     -1
kind
     25     
    12600          153950     
       12.25000000000000  
 OBS            8
      -2.07610430678735
       0.61982297980553
       1.00000000000000
 7 9 -1
obdef
loc3d
        4.95877904994953              0.67986585977255             17.04111671447754     -1
kind
     25     
    12600          153950     
       12.25000000000000  
 OBS            9
       6.45196126154148
       3.06638845372725
       1.00000000000000
 8 10 -1
obdef
loc3d
        4.93958042817759              0.69095160998657            226.13127136230469     -1
kind
     25     
    12600          153950     
       12.25000000000000  
 OBS            10
      -6.63454483023706
      -0.59408077784832
       1.00000000000000
 9 11 -1
obdef
loc3d
        4.95756313665553              0.69181797222864             89.84997558593750     -1
kind
     25     
    12600          153950     
       12.25000000000000  
 OBS            11
       2.23944504265922
       0.83951570747323
       1.00000000000000
 10 12 -1
obdef
loc3d
        4.94078657111844              0.67409210989409             60.81152343750000     -1
kind
     25     
    12600          153950     
       12.25000000000000  
 OBS            12
      -5.19644491433052
       0.92151434705131
       1.00000000000000
 11 13 -1
obdef
loc3d
        4.95557846691255              0.67267262139613              1.00000000000000     -1
kind
     25     
    12600          153950     
       12.25000000000000  
 OBS            13
       5.52367787996228
       1.09603458789483
       1.00000000000000
 12 14 -1
obdef
loc3d
        4.93193348448080              0.68856418981073            106.00000000000000     -1
kind
     25     
    12600          153950     
       12.25000000000000  
 OBS            14
       0.49372668884347
       2.93541350378570
       1.00000000000000
 13 15 -1
obdef
loc3d
        4.89970838141578              0.68765245249877            785.09423828125000     -1
kind
     25     
    12600          153950     
       12.25000000000000  
 OBS            15
       1.38905533236377
       1.69423066833120
       1.00000000000000
 14 16 -1
obdef
loc3d
        4.95026814558372              0.68993059237416             93.11567687988281     -1
kind
     25     
    12600          153950     
       12.25000000000000  
 OBS            16
       1.07171996703466
       1.59282847074509
       1.00000000000000
 15 17 -1
obdef
loc3d
        4.94174512165160              0.68484635226999            116.56585693359381     -1
kind
     25     
    12600          153950     
       12.25000000000000  
 OBS            17
       0.00495969469808
       0.18194498548239
       1.00000000000000
 16 18 -1
obdef
loc3d
        4.95420735021482              0.68473663912788             15.00000000000000     -1
kind
     25     
    12600          153950     
       12.25000000000000  
 OBS            18
       1.57844365775594
       0.97114712736386
       1.00000000000000
 17 19 -1
obdef
loc3d
        4.93477042118681              0.68310638816012            118.89588928222661     -1
kind
     25     
    12600          153950     
       12.25000000000000  
 OBS            19
       3.74438019502698
       2.19672210118673
       1.00000000000000
 18 20 -1
obdef
loc3d
        4.93795631029682              0.68276407673392            144.94107055664060     -1
kind
     25     
    12600          153950     
       12.25000000000000  
 OBS            20
      -1.05246242842623
       1.86805009375399
       1.00000000000000
 19 21 -1
obdef
loc3d
        4.94001671685736              0.68064929967652             43.67281723022461     -1
kind
     25     
    12600          153950     
       12.25000000000000  
 OBS            21
      -5.24197409867717
       1.83803513940298
       1.00000000000000
 20 22 -1
obdef
loc3d
        4.94058460161740              0.67807181314514             70.17810058593750     -1
kind
     25     
    12600          153950     
       12.25000000000000  
 OBS            22
       0.71031092268017
       0.59658312911494
       1.00000000000000
 21 23 -1
obdef
loc3d
        4.95423295419494              0.68033176843505              3.71636104583740     -1
kind
     25     
    12600          153950     
       12.25000000000000  
 OBS            23
      -2.12225783008894
       0.00629684700883
       1.00000000000000
 22 24 -1
obdef
loc3d
        4.94926894458696              0.66642585587446             10.91526031494141     -1
kind
     25     
    12600          153950     
       12.25000000000000  
 OBS            24
      -6.98546775208019
       1.12101903667087
       1.00000000000000
 23 25 -1
obdef
loc3d
        4.96223480186848              0.66700036066835              5.00000000000000     -1
kind
     25     
    12600          153950     
       12.25000000000000  
 OBS            25
      -1.70023519693975
       0.37449241664726
       1.00000000000000
 24 26 -1
obdef
loc3d
        4.95546148971009              0.67729393735082              6.17724800109863     -1
kind
     25     
    12600          153950     
       12.25000000000000  
 OBS            26
       2.20380310417434
       0.34739405044003
       1.00000000000000
 25 27 -1
obdef
loc3d
        4.92652723985629              0.69051382381431            146.04148864746091     -1
kind
     25     
    12600          153950     
       12.25000000000000  
 OBS            27
      -0.25610917131129
       1.16813036892779
       1.00000000000000
 26 28 -1
obdef
loc3d
        4.96366005344362              0.66920346185787              6.00000000000000     -1
kind
     25     
    12600          153950     
       12.25000000000000  
 OBS            28
       1.79655025629781
       1.42095873730834
       1.00000000000000
 27 29 -1
obdef
loc3d
        4.97052949833720              0.66907739847133              8.84140872955322     -1
kind
     25     
    12600          153950     
       12.25000000000000  
 OBS            29
      -1.76031095256400
      -1.65706104905685
       1.00000000000000
 28 30 -1
obdef
loc3d
        4.95272465676814              0.69285338512106             17.57446289062500     -1
kind
     25     
    12600          153950     
       12.25000000000000  
 OBS            30
      -6.23123111255130
       1.02907116851246
       1.00000000000000
 29 31 -1
obdef
loc3d
        4.94895487610473              0.69270373762026            144.09075927734381     -1
kind
     25     
    12600          153950     
       12.25000000000000  
 OBS            31
      -3.50652766875542
       2.96424436755053
       1.00000000000000
 30 32 -1
obdef
loc3d
        4.94293085461737              0.69053117803871            168.92642211914060     -1
kind
     25     
    12600          153950     
       12.25000000000000  
 OBS            32
      -4.58914958327408
       0.71633285185178
       1.00000000000000
 31 33 -1
obdef
loc3d
        4.93556788041953              0.67027828664670             15.00000000000000     -1
kind
     25     
    12600          153950     
       12.25000000000000  
 OBS            33
       1.45192062928799
       1.46628524395051
       1.00000000000000
 32 34 -1
obdef
loc3d
        4.94611628544174              0.67496858055017             35.03607940673828     -1
kind
     25     
    12600          153950     
       12.25000000000000  
 OBS            34
       1.94360339902641
       0.80511612275065
       1.00000000000000
 33 35 -1
obdef
loc3d
        4.94304709522229              0.67138694960003             45.00000000000000     -1
kind
     25     
    12600          153950     
       12.25000000000000  
 OBS            35
       3.85221015428112
       1.89529566181884
       1.00000000000000
 34 36 -1
obdef
loc3d
        4.94323627307922              0.67609935421143             50.91764831542969     -1
kind
     25     
    12600          153950     
       12.25000000000000  
 OBS            36
      -0.65003408674433
       2.06061466797814
       1.00000000000000
 35 37 -1
obdef
loc3d
        4.94382880471830              0.67878617658979             35.27229690551758     -1
kind
     25     
    12600          153950     
       12.25000000000000  
 OBS            37
       4.48338152037539
       2.33314587689113
       1.00000000000000
 36 38 -1
obdef
loc3d
        4.94220707390035              0.68781081917460            173.94366455078119     -1
kind
     25     
    12600          153950     
       12.25000000000000  
 OBS            38
       1.69453259817900
       3.04600444516971
       1.00000000000000
 37 39 -1
obdef
loc3d
        4.92755542120837              0.68675243746254            174.61849975585940     -1
kind
     25     
    12600          153950     
       12.25000000000000  
 OBS            39
       1.91334663345806
       2.03891735836468
       1.00000000000000
 38 40 -1
obdef
loc3d
        4.93770287749180              0.68559892863867            149.84144592285159     -1
kind
     25     
    12600          153950     
       12.25000000000000  
 OBS            40
      -0.02667784535666
       0.56081216745377
       1.00000000000000
 39 41 -1
obdef
loc3d
        4.92848130899840              0.69282991767383            196.64169311523440     -1
kind
     25     
    12600          153950     
       12.25000000000000  
 OBS            41
      -2.45045770254711
       0.98385020819454
       1.00000000000000
 40 42 -1
obdef
loc3d
        4.94329123891126              0.66857696973652             21.80461120605469     -1
kind
     25     
    12600          153950     
       12.25000000000000  
 OBS            42
       6.11813582219037
       4.79498945918484
       1.00000000000000
 41 43 -1
obdef
loc3d
        4.93215285315783              0.69272179551745            405.54205322265619     -1
kind
     25     
    12600          153950     
       12.25000000000000  
 OBS            43
      -1.82380950329231
       0.58255965040703
       1.00000000000000
 42 44 -1
obdef
loc3d
        4.93085954966869              0.68304429171430             90.32812500000000     -1
kind
     25     
    12600          153950     
       12.25000000000000  
 OBS            44
      -1.19447056905797
       0.88744184176217
       1.00000000000000
 43 45 -1
obdef
loc3d
        4.93705662369825              0.67280917017713             44.45593643188477     -1
kind
     25     
    12600          153950     
       12.25000000000000  
 OBS            45
       0.58683828605794
       0.44697583295804
       1.00000000000000
 44 46 -1
obdef
loc3d
        4.94512604639754              0.69281773274108            184.54177856445310     -1
kind
     25     
    12600          153950     
       12.25000000000000  
 OBS            46
      -2.31483187809724
      -1.16095843234758
       1.00000000000000
 45 47 -1
obdef
loc3d
        4.94897278262263              0.68784055253573             58.60614395141602     -1
kind
     25     
    12600          153950     
       12.25000000000000  
 OBS            47
       1.43995131784844
       0.76539713794694
       1.00000000000000
 46 48 -1
obdef
loc3d
        4.94602769361993              0.68071046350214             21.00896453857422     -1
kind
     25     
    12600          153950     
       12.25000000000000  
 OBS            48
       3.69741282790710
       0.89595832657938
       1.00000000000000
 47 49 -1
obdef
loc3d
        4.93975094338173              0.67132086947702             44.21312713623047     -1
kind
     25     
    12600          153950     
       12.25000000000000  
 OBS            49
      -2.94266078804192
       1.05663502832615
       1.00000000000000
 48 50 -1
obdef
loc3d
        4.93608481943111              0.69281990441712            165.01060485839841     -1
kind
     25     
    12600          153950     
       12.25000000000000  
 OBS            50
      -2.01353879325799
       0.89686433264322
       1.00000000000000
 49 51 -1
obdef
loc3d
        4.92159319416735              0.69282443720594            292.33944702148438     -1
kind
     25     
    12600          153950     
       12.25000000000000  
 OBS            51
       2.62987997023491
       2.92430375388858
       1.00000000000000
 50 52 -1
obdef
loc3d
        4.93873881518950              0.68829597049600            229.64634704589841     -1
kind
     25     
    12600          153950     
       12.25000000000000  
 OBS            52
      -4.47303396018753
       1.80121575280080
       1.00000000000000
 51 53 -1
obdef
loc3d
        4.93527083413009              0.68767784768684            170.73742675781250     -1
kind
     25     
    12600          153950     
       12.25000000000000  
 OBS            53
       0.20015192603694
       0.69803408352984
       1.00000000000000
 52 54 -1
obdef
loc3d
        4.94662113618514              0.69029960200592            170.37097167968750     -1
kind
     25     
    12600          153950     
       12.25000000000000  
 OBS            54
       0.34846680455244
       2.22722267112357
       1.00000000000000
 53 55 -1
obdef
loc3d
        4.93429249379945              0.69052021135789            149.81713867187500     -1
kind
     25     
    12600          153950     
       12.25000000000000  
 OBS            55
       7.50478896828291
       3.35005275843542
       1.00000000000000
 54 56 -1
obdef
loc3d
        4.93269049343414              0.68556567101287            183.19726562500000     -1
kind
     25     
    12600          153950     
       12.25000000000000  
 OBS            56
       0.69384863297642
       1.02413651405671
       1.00000000000000
 55 57 -1
obdef
loc3d
        4.96102089029673              0.67774516842699             17.24609375000000     -1
kind
     25     
    12600          153950     
       12.25000000000000  
 OBS            57
      -0.48824017774680
       0.54152057380504
       1.00000000000000
 56 58 -1
obdef
loc3d
        4.95766343385975              0.68587140474105             17.20619201660156     -1
kind
     25     
    12600          153950     
       12.25000000000000  
 OBS            58
       4.47902320496889
       1.64034399853744
       1.00000000000000
 57 59 -1
obdef
loc3d
        4.96848382491262              0.66600327539335              8.93466186523438     -1
kind
     25     
    12600          153950     
       12.25000000000000  
 OBS            59
      -2.54915583659591
       0.16621804553288
       1.00000000000000
 58 60 -1
obdef
loc3d
        4.95841046678131              0.68356976794003             15.00000000000000     -1
kind
     25     
    12600          153950     
       12.25000000000000  
 OBS            60
       2.06619038264314
       0.92263875812617
       1.00000000000000
 59 61 -1
obdef
loc3d
        4.95968425198686              0.67283122878530              9.91464328765869     -1
kind
     25     
    12600          153950     
       12.25000000000000  
 OBS            61
      -5.27829588192535
       0.89701490571635
       1.00000000000000
 60 62 -1
obdef
loc3d
        4.95850938370535              0.67569847985950              9.09960937500000     -1
kind
     25     
    12600          153950     
       12.25000000000000  
 OBS            62
       4.55955873688330
       0.68258547526649
       1.00000000000000
 61 63 -1
obdef
loc3d
        4.96062039600501              0.68186605212913             14.00000000000000     -1
kind
     25     
    12600          153950     
       12.25000000000000  
 OBS            63
      -0.33379523838316
       0.18730717815182
       1.00000000000000
 62 64 -1
obdef
loc3d
        4.96044430349621              0.68522255501691             15.00000000000000     -1
kind
     25     
    12600          153950     
       12.25000000000000  
 OBS            64
       0.67311766165091
       0.65621644456504
       1.00000000000000
 63 65 -1
obdef
loc3d
        4.95666979050607              0.68165969365477             15.07347202301025     -1
kind
     25     
    12600          153950     
       12.25000000000000  
 OBS            65
       4.32014271924684
       1.06989865199084
       1.00000000000000
 64 66 -1
obdef
loc3d
        4.96483712939352              0.66390373451953              6.00000000000000     -1
kind
     25     
    12600          153950     
       12.25000000000000  
 OBS            66
       7.05914086354735
       1.00991448505982
       1.00000000000000
 65 67 -1
obdef
loc3d
        4.96717335385836              0.67072562238302             13.76562500000000     -1
kind
     25     
    12600          153950     
       12.25000000000000  
 OBS            67
       4.13378352059673
       0.86676878735613
       1.00000000000000
 66 68 -1
obdef
loc3d
        4.96004611966382              0.68820120365869             15.00000000000000     -1
kind
     25     
    12600          153950     
       12.25000000000000  
 OBS            68
      -1.36229234773688
       0.05108284266424
       1.00000000000000
 67 69 -1
obdef
loc3d
        4.95406364445895              0.69009645468583             54.42578125000000     -1
kind
     25     
    12600          153950     
       12.25000000000000  
 OBS            69
      -4.11030815692857
       1.52920224952552
       1.00000000000000
 68 70 -1
obdef
loc3d
        4.95508230192316              0.68705689194968              9.08530712127686     -1
kind
     25     
    12600          153950     
       12.25000000000000  
 OBS            70
      -0.40655211010127
       1.59096803661335
       1.00000000000000
 69 71 -1
obdef
loc3d
        4.89647559039613              0.68497595921932            824.84875488281250     -1
kind
     25     
    12600          153950     
       12.25000000000000  
 OBS            71
       1.35244395635735
       1.97984128543908
       1.00000000000000
 70 72 -1
obdef
loc3d
        4.89667428721977              0.69273770557989            574.37286376953125     -1
kind
     25     
    12600          153950     
       12.25000000000000  
 OBS            72
       3.49970286484558
       1.03286357835939
       1.00000000000000
 71 73 -1
obdef
loc3d
        4.91583459977084              0.69278424988043            233.68589782714841     -1
kind
     25     
    12600          153950     
       12.25000000000000  
 OBS            73
       2.57629673149089
       2.88202935644174
       1.00000000000000
 72 74 -1
obdef
loc3d
        4.90300762067971              0.68954390300676            525.03326416015625     -1
kind
     25     
    12600          153950     
       12.25000000000000  
 OBS            74
       0.17036648550868
       1.19183239947558
       1.00000000000000
 73 75 -1
obdef
loc3d
        4.90168560310748              0.69286223560483            711.58941650390625     -1
kind
     25     
    12600          153950     
       12.25000000000000  
 OBS            75
       0.35572373707727
       1.65356906404659
       1.00000000000000
 74 76 -1
obdef
loc3d
        4.91091515139416              0.69052501454351            199.70848083496091     -1
kind
     25     
    12600          153950     
       12.25000000000000  
 OBS            76
      -2.34056640578389
      -2.44453974610335
       1.00000000000000
 75 77 -1
obdef
loc3d
        4.90540352515539              0.69194112440599            606.33142089843750     -1
kind
     26     
    12600          153950     
       12.25000000000000  
 OBS            77
       5.40214085277045
       1.52639829232927
       1.00000000000000
 76 78 -1
obdef
loc3d
        4.94546412681761              0.68348353984884             17.75631332397461     -1
kind
     26     
    12600          153950     
       12.25000000000000  
 OBS            78
       4.29640361428029
       1.77731912746173
       1.00000000000000
 77 79 -1
obdef
loc3d
        4.94660974174000              0.67744857875853             29.35406684875488     -1
kind
     26     
    12600          153950     
       12.25000000000000  
 OBS            79
      -0.48648111453876
       0.40752351248963
       1.00000000000000
 78 80 -1
obdef
loc3d
        4.94648126630843              0.68652865419204             54.82812500000000     -1
kind
     26     
    12600          153950     
       12.25000000000000  
 OBS            80
       4.16593821275732
       1.68670746441899
       1.00000000000000
 79 81 -1
obdef
loc3d
        4.94445426011379              0.68507566758975             62.61011505126953     -1
kind
     26     
    12600          153950     
       12.25000000000000  
 OBS            81
       3.32248565672162
       2.15868815496315
       1.00000000000000
 80 82 -1
obdef
loc3d
        4.94602055174578              0.68752162087271            134.15721130371091     -1
kind
     26     
    12600          153950     
       12.25000000000000  
 OBS            82
       0.72284688334602
       1.81070287551834
       1.00000000000000
 81 83 -1
obdef
loc3d
        4.94603912728501              0.67254511985829             35.00297546386719     -1
kind
     26     
    12600          153950     
       12.25000000000000  
 OBS            83
       0.89218865247781
       3.71239278848259
       1.00000000000000
 82 84 -1
obdef
loc3d
        4.95877904994953              0.67986585977255             17.04111671447754     -1
kind
     26     
    12600          153950     
       12.25000000000000  
 OBS            84
       1.85379930893017
       2.90675831604253
       1.00000000000000
 83 85 -1
obdef
loc3d
        4.93958042817759              0.69095160998657            226.13127136230469     -1
kind
     26     
    12600          153950     
       12.25000000000000  
 OBS            85
       0.55698360479535
       1.24746834052193
       1.00000000000000
 84 86 -1
obdef
loc3d
        4.95756313665553              0.69181797222864             89.84997558593750     -1
kind
     26     
    12600          153950     
       12.25000000000000  
 OBS            86
       1.05125231197372
       1.75051147200748
       1.00000000000000
 85 87 -1
obdef
loc3d
        4.94078657111844              0.67409210989409             60.81152343750000     -1
kind
     26     
    12600          153950     
       12.25000000000000  
 OBS            87
       8.72008830892658
       5.88575183234260
       1.00000000000000
 86 88 -1
obdef
loc3d
        4.95557846691255              0.67267262139613              1.00000000000000     -1
kind
     26     
    12600          153950     
       12.25000000000000  
 OBS            88
       2.49663106653506
       2.53075478283323
       1.00000000000000
 87 89 -1
obdef
loc3d
        4.93193348448080              0.68856418981073            106.00000000000000     -1
kind
     26     
    12600          153950     
       12.25000000000000  
 OBS            89
       1.27184977168429
      -1.60821108089399
       1.00000000000000
 88 90 -1
obdef
loc3d
        4.89970838141578              0.68765245249877            785.09423828125000     -1
kind
     26     
    12600          153950     
       12.25000000000000  
 OBS            90
       0.95142440522876
       4.08165320922841
       1.00000000000000
 89 91 -1
obdef
loc3d
        4.95026814558372              0.68993059237416             93.11567687988281     -1
kind
     26     
    12600          153950     
       12.25000000000000  
 OBS            91
      -1.74575143186591
       0.88595074473413
       1.00000000000000
 90 92 -1
obdef
loc3d
        4.94174512165160              0.68484635226999            116.56585693359381     -1
kind
     26     
    12600          153950     
       12.25000000000000  
 OBS            92
       5.01832472932179
       1.31188849045167
       1.00000000000000
 91 93 -1
obdef
loc3d
        4.95420735021482              0.68473663912788             15.00000000000000     -1
kind
     26     
    12600          153950     
       12.25000000000000  
 OBS            93
       5.86254357908691
       1.26115334060207
       1.00000000000000
 92 94 -1
obdef
loc3d
        4.93477042118681              0.68310638816012            118.89588928222661     -1
kind
     26     
    12600          153950     
       12.25000000000000  
 OBS            94
      -0.47534810911247
       2.19116742617624
       1.00000000000000
 93 95 -1
obdef
loc3d
        4.93795631029682              0.68276407673392            144.94107055664060     -1
kind
     26     
    12600          153950     
       12.25000000000000  
 OBS            95
      -2.95446559386192
       1.29249014519250
       1.00000000000000
 94 96 -1
obdef
loc3d
        4.94001671685736              0.68064929967652             43.67281723022461     -1
kind
     26     
    12600          153950     
       12.25000000000000  
 OBS            96
       3.98423700310376
       2.68271396503896
       1.00000000000000
 95 97 -1
obdef
loc3d
        4.94058460161740              0.67807181314514             70.17810058593750     -1
kind
     26     
    12600          153950     
       12.25000000000000  
 OBS            97
       3.96575123369096
       4.33706646948233
       1.00000000000000
 96 98 -1
obdef
loc3d
        4.95423295419494              0.68033176843505              3.71636104583740     -1
kind
     26     
    12600          153950     
       12.25000000000000  
 OBS            98
       5.84582601207434
       3.05581611228986
       1.00000000000000
 97 99 -1
obdef
loc3d
        4.94926894458696              0.66642585587446             10.91526031494141     -1
kind
     26     
    12600          153950     
       12.25000000000000  
 OBS            99
       1.37808313890149
       5.16254891536148
       1.00000000000000
 98 100 -1
obdef
loc3d
        4.96223480186848              0.66700036066835              5.00000000000000     -1
kind
     26     
    12600          153950     
       12.25000000000000  
 OBS            100
       4.86441991187488
       4.45151524849693
       1.00000000000000
 99 101 -1
obdef
loc3d
        4.95546148971009              0.67729393735082              6.17724800109863     -1
kind
     26     
    12600          153950     
       12.25000000000000  
 OBS            101
       3.12110854756804
       2.46145309524503
       1.00000000000000
 100 102 -1
obdef
loc3d
        4.92652723985629              0.69051382381431            146.04148864746091     -1
kind
     26     
    12600          153950     
       12.25000000000000  
 OBS            102
       1.56905846681122
       4.40523865510648
       1.00000000000000
 101 103 -1
obdef
loc3d
        4.96366005344362              0.66920346185787              6.00000000000000     -1
kind
     26     
    12600          153950     
       12.25000000000000  
 OBS            103
       1.17476282524037
       5.12283515014228
       1.00000000000000
 102 104 -1
obdef
loc3d
        4.97052949833720              0.66907739847133              8.84140872955322     -1
kind
     26     
    12600          153950     
       12.25000000000000  
 OBS            104
      -1.95463883944050
       2.22310721208229
       1.00000000000000
 103 105 -1
obdef
loc3d
        4.95272465676814              0.69285338512106             17.57446289062500     -1
kind
     26     
    12600          153950     
       12.25000000000000  
 OBS            105
       1.71436610756343
       1.03681892738440
       1.00000000000000
 104 106 -1
obdef
loc3d
        4.94895487610473              0.69270373762026            144.09075927734381     -1
kind
     26     
    12600          153950     
       12.25000000000000  
 OBS            106
      -0.01995606989868
       2.51471677164138
       1.00000000000000
 105 107 -1
obdef
loc3d
        4.94293085461737              0.69053117803871            168.92642211914060     -1
kind
     26     
    12600          153950     
       12.25000000000000  
 OBS            107
       2.45952590918470
       2.04815696909985
       1.00000000000000
 106 108 -1
obdef
loc3d
        4.93556788041953              0.67027828664670             15.00000000000000     -1
kind
     26     
    12600          153950     
       12.25000000000000  
 OBS            108
       3.97847652099348
       2.31136217147342
       1.00000000000000
 107 109 -1
obdef
loc3d
        4.94611628544174              0.67496858055017             35.03607940673828     -1
kind
     26     
    12600          153950     
       12.25000000000000  
 OBS            109
       3.55643653148498
       1.96089212114359
       1.00000000000000
 108 110 -1
obdef
loc3d
        4.94304709522229              0.67138694960003             45.00000000000000     -1
kind
     26     
    12600          153950     
       12.25000000000000  
 OBS            110
       1.40622834139772
       2.11429437258604
       1.00000000000000
 109 111 -1
obdef
loc3d
        4.94323627307922              0.67609935421143             50.91764831542969     -1
kind
     26     
    12600          153950     
       12.25000000000000  
 OBS            111
      -2.08138627304616
       1.74772869711857
       1.00000000000000
 110 112 -1
obdef
loc3d
        4.94382880471830              0.67878617658979             35.27229690551758     -1
kind
     26     
    12600          153950     
       12.25000000000000  
 OBS            112
       2.05323616868947
       1.11693027407215
       1.00000000000000
 111 113 -1
obdef
loc3d
        4.94220707390035              0.68781081917460            173.94366455078119     -1
kind
     26     
    12600          153950     
       12.25000000000000  
 OBS            113
      -0.17629123179771
       1.14083313312231
       1.00000000000000
 112 114 -1
obdef
loc3d
        4.92755542120837              0.68675243746254            174.61849975585940     -1
kind
     26     
    12600          153950     
       12.25000000000000  
 OBS            114
      -2.78512637404713
       1.02214118499259
       1.00000000000000
 113 115 -1
obdef
loc3d
        4.93770287749180              0.68559892863867            149.84144592285159     -1
kind
     26     
    12600          153950     
       12.25000000000000  
 OBS            115
       1.88888730243622
       3.16201834485885
       1.00000000000000
 114 116 -1
obdef
loc3d
        4.92848130899840              0.69282991767383            196.64169311523440     -1
kind
     26     
    12600          153950     
       12.25000000000000  
 OBS            116
      -0.66160194584023
       1.84167261102491
       1.00000000000000
 115 117 -1
obdef
loc3d
        4.94329123891126              0.66857696973652             21.80461120605469     -1
kind
     26     
    12600          153950     
       12.25000000000000  
 OBS            117
      -2.26686005673805
       1.13392114922152
       1.00000000000000
 116 118 -1
obdef
loc3d
        4.93215285315783              0.69272179551745            405.54205322265619     -1
kind
     26     
    12600          153950     
       12.25000000000000  
 OBS            118
      -1.23635710472566
       1.41518847620273
       1.00000000000000
 117 119 -1
obdef
loc3d
        4.93085954966869              0.68304429171430             90.32812500000000     -1
kind
     26     
    12600          153950     
       12.25000000000000  
 OBS            119
      -5.99383505784330
       1.95036124159011
       1.00000000000000
 118 120 -1
obdef
loc3d
        4.93705662369825              0.67280917017713             44.45593643188477     -1
kind
     26     
    12600          153950     
       12.25000000000000  
 OBS            120
       2.58199723797838
       2.20086327977408
       1.00000000000000
 119 121 -1
obdef
loc3d
        4.94512604639754              0.69281773274108            184.54177856445310     -1
kind
     26     
    12600          153950     
       12.25000000000000  
 OBS            121
      -0.53712398365048
       1.01865914624255
       1.00000000000000
 120 122 -1
obdef
loc3d
        4.94897278262263              0.68784055253573             58.60614395141602     -1
kind
     26     
    12600          153950     
       12.25000000000000  
 OBS            122
       4.19216497819898
       1.04769359461556
       1.00000000000000
 121 123 -1
obdef
loc3d
        4.94602769361993              0.68071046350214             21.00896453857422     -1
kind
     26     
    12600          153950     
       12.25000000000000  
 OBS            123
      -0.02421018604982
       2.09800863273609
       1.00000000000000
 122 124 -1
obdef
loc3d
        4.93975094338173              0.67132086947702             44.21312713623047     -1
kind
     26     
    12600          153950     
       12.25000000000000  
 OBS            124
       1.75004060944003
       2.92731773707684
       1.00000000000000
 123 125 -1
obdef
loc3d
        4.93608481943111              0.69281990441712            165.01060485839841     -1
kind
     26     
    12600          153950     
       12.25000000000000  
 OBS            125
       5.13846389702333
      -0.37234729632961
       1.00000000000000
 124 126 -1
obdef
loc3d
        4.92159319416735              0.69282443720594            292.33944702148438     -1
kind
     26     
    12600          153950     
       12.25000000000000  
 OBS            126
       1.56007106126763
       1.15088596071618
       1.00000000000000
 125 127 -1
obdef
loc3d
        4.93873881518950              0.68829597049600            229.64634704589841     -1
kind
     26     
    12600          153950     
       12.25000000000000  
 OBS            127
       5.17722645017995
       2.30933581860796
       1.00000000000000
 126 128 -1
obdef
loc3d
        4.93527083413009              0.68767784768684            170.73742675781250     -1
kind
     26     
    12600          153950     
       12.25000000000000  
 OBS            128
      -2.74196805881729
       3.78369253494908
       1.00000000000000
 127 129 -1
obdef
loc3d
        4.94662113618514              0.69029960200592            170.37097167968750     -1
kind
     26     
    12600          153950     
       12.25000000000000  
 OBS            129
       1.70354243624809
       4.74771819026762
       1.00000000000000
 128 130 -1
obdef
loc3d
        4.93429249379945              0.69052021135789            149.81713867187500     -1
kind
     26     
    12600          153950     
       12.25000000000000  
 OBS            130
       5.06761472069299
       2.95342568100892
       1.00000000000000
 129 131 -1
obdef
loc3d
        4.93269049343414              0.68556567101287            183.19726562500000     -1
kind
     26     
    12600          153950     
       12.25000000000000  
 OBS            131
       7.52941376695764
       4.60480398057555
       1.00000000000000
 130 132 -1
obdef
loc3d
        4.96102089029673              0.67774516842699             17.24609375000000     -1
kind
     26     
    12600          153950     
       12.25000000000000  
 OBS            132
      -1.56023173849246
       1.59309883133154
       1.00000000000000
 131 133 -1
obdef
loc3d
        4.95766343385975              0.68587140474105             17.20619201660156     -1
kind
     26     
    12600          153950     
       12.25000000000000  
 OBS            133
      -0.51722360234653
       4.52033452500445
       1.00000000000000
 132 134 -1
obdef
loc3d
        4.96848382491262              0.66600327539335              8.93466186523438     -1
kind
     26     
    12600          153950     
       12.25000000000000  
 OBS            134
       6.96146735514620
       3.65537139541182
       1.00000000000000
 133 135 -1
obdef
loc3d
        4.95841046678131              0.68356976794003             15.00000000000000     -1
kind
     26     
    12600          153950     
       12.25000000000000  
 OBS            135
       4.96565321074949
       3.77535320276504
       1.00000000000000
 134 136 -1
obdef
loc3d
        4.95968425198686              0.67283122878530              9.91464328765869     -1
kind
     26     
    12600          153950     
       12.25000000000000  
 OBS            136
       3.75865148009894
       5.07712543146807
       1.00000000000000
 135 137 -1
obdef
loc3d
        4.95850938370535              0.67569847985950              9.09960937500000     -1
kind
     26     
    12600          153950     
       12.25000000000000  
 OBS            137
      -1.77116319652765
       4.13796156900361
       1.00000000000000
 136 138 -1
obdef
loc3d
        4.96062039600501              0.68186605212913             14.00000000000000     -1
kind
     26     
    12600          153950     
       12.25000000000000  
 OBS            138
       9.67741852695428
       2.81443323298115
       1.00000000000000
 137 139 -1
obdef
loc3d
        4.96044430349621              0.68522255501691             15.00000000000000     -1
kind
     26     
    12600          153950     
       12.25000000000000  
 OBS            139
      11.98329708203790
       3.50286210962319
       1.00000000000000
 138 140 -1
obdef
loc3d
        4.95666979050607              0.68165969365477             15.07347202301025     -1
kind
     26     
    12600          153950     
       12.25000000000000  
 OBS            140
       6.44241921765606
       4.60659983226786
       1.00000000000000
 139 141 -1
obdef
loc3d
        4.96483712939352              0.66390373451953              6.00000000000000     -1
kind
     26     
    12600          153950     
       12.25000000000000  
 OBS            141
       8.69627161526465
       4.45853177032052
       1.00000000000000
 140 142 -1
obdef
loc3d
        4.96717335385836              0.67072562238302             13.76562500000000     -1
kind
     26     
    12600          153950     
       12.25000000000000  
 OBS            142
       4.60556738755940
       0.37972866063464
       1.00000000000000
 141 143 -1
obdef
loc3d
        4.96004611966382              0.68820120365869             15.00000000000000     -1
kind
     26     
    12600          153950     
       12.25000000000000  
 OBS            143
       1.92296475482635
       4.86403450693613
       1.00000000000000
 142 144 -1
obdef
loc3d
        4.95406364445895              0.69009645468583             54.42578125000000     -1
kind
     26     
    12600          153950     
       12.25000000000000  
 OBS            144
      -1.26544814380936
      -0.47891579599379
       1.00000000000000
 143 145 -1
obdef
loc3d
        4.95508230192316              0.68705689194968              9.08530712127686     -1
kind
     26     
    12600          153950     
       12.25000000000000  
 OBS            145
      -0.08888218855809
       0.72409094915685
       1.00000000000000
 144 146 -1
obdef
loc3d
        4.89647559039613              0.68497595921932            824.84875488281250     -1
kind
     26     
    12600          153950     
       12.25000000000000  
 OBS            146
       2.46832424116581
      -1.32175055167651
       1.00000000000000
 145 147 -1
obdef
loc3d
        4.89667428721977              0.69273770557989            574.37286376953125     -1
kind
     26     
    12600          153950     
       12.25000000000000  
 OBS            147
      -1.78437888888148
      -0.71145572518289
       1.00000000000000
 146 148 -1
obdef
loc3d
        4.91583459977084              0.69278424988043            233.68589782714841     -1
kind
     26     
    12600          153950     
       12.25000000000000  
 OBS            148
      -1.37378373346072
      -2.18120632865576
       1.00000000000000
 147 149 -1
obdef
loc3d
        4.90300762067971              0.68954390300676            525.03326416015625     -1
kind
     26     
    12600          153950     
       12.25000000000000  
 OBS            149
       0.80043460862659
      -1.30151202395252
       1.00000000000000
 148 150 -1
obdef
loc3d
        4.90168560310748              0.69286223560483            711.58941650390625     -1
kind
     26     
    12600          153950     
       12.25000000000000  
 OBS            150
      -4.36389593082828
      -1.29576787633442
       1.00000000000000
 149 151 -1
obdef
loc3d
        4.91091515139416              0.69052501454351            199.70848083496091     -1
kind
     26     
    12600          153950     
       12.25000000000000  
 OBS            151
     294.13028275298183
     295.17540391421500
       1.00000000000000
 150 152 -1
obdef
loc3d
        4.90540352515539              0.69194112440599            606.33142089843750     -1
kind
     27     
    12600          153950     
        6.25000000000000  
 OBS            152
     298.35700713798042
     296.84160297638903
       1.00000000000000
 151 153 -1
obdef
loc3d
        4.94546412681761              0.68348353984884             17.75631332397461     -1
kind
     27     
    12600          153950     
        6.25000000000000  
 OBS            153
     299.65463642407900
     297.49183583292000
       1.00000000000000
 152 154 -1
obdef
loc3d
        4.94660974174000              0.67744857875853             29.35406684875488     -1
kind
     27     
    12600          153950     
        6.25000000000000  
 OBS            154
     296.71680441462240
     297.33764769980502
       1.00000000000000
 153 155 -1
obdef
loc3d
        4.94648126630843              0.68652865419204             54.82812500000000     -1
kind
     27     
    12600          153950     
        6.25000000000000  
 OBS            155
     296.66536742607406
     296.92373605468100
       1.00000000000000
 154 156 -1
obdef
loc3d
        4.94445426011379              0.68507566758975             62.61011505126953     -1
kind
     27     
    12600          153950     
        6.25000000000000  
 OBS            156
     295.36126657934574
     297.50265010932202
       1.00000000000000
 155 157 -1
obdef
loc3d
        4.94602055174578              0.68752162087271            134.15721130371091     -1
kind
     27     
    12600          153950     
        6.25000000000000  
 OBS            157
     298.51363799208661
     298.28047812810598
       1.00000000000000
 156 158 -1
obdef
loc3d
        4.94603912728501              0.67254511985829             35.00297546386719     -1
kind
     27     
    12600          153950     
        6.25000000000000  
 OBS            158
     298.07459871943973
     298.34689419035300
       1.00000000000000
 157 159 -1
obdef
loc3d
        4.95877904994953              0.67986585977255             17.04111671447754     -1
kind
     27     
    12600          153950     
        6.25000000000000  
 OBS            159
     298.50843882309158
     297.41026898074398
       1.00000000000000
 158 160 -1
obdef
loc3d
        4.93958042817759              0.69095160998657            226.13127136230469     -1
kind
     27     
    12600          153950     
        6.25000000000000  
 OBS            160
     296.55071339524710
     297.40561038490500
       1.00000000000000
 159 161 -1
obdef
loc3d
        4.95756313665553              0.69181797222864             89.84997558593750     -1
kind
     27     
    12600          153950     
        6.25000000000000  
 OBS            161
     296.32668477818987
     297.44014171323897
       1.00000000000000
 160 162 -1
obdef
loc3d
        4.94078657111844              0.67409210989409             60.81152343750000     -1
kind
     27     
    12600          153950     
        6.25000000000000  
 OBS            162
     301.25764445416877
     298.96044735856100
       1.00000000000000
 161 163 -1
obdef
loc3d
        4.95557846691255              0.67267262139613              1.00000000000000     -1
kind
     27     
    12600          153950     
        6.25000000000000  
 OBS            163
     297.14578210939175
     298.56166486600102
       1.00000000000000
 162 164 -1
obdef
loc3d
        4.93193348448080              0.68856418981073            106.00000000000000     -1
kind
     27     
    12600          153950     
        6.25000000000000  
 OBS            164
     294.04509095714144
     292.90502247351998
       1.00000000000000
 163 165 -1
obdef
loc3d
        4.89970838141578              0.68765245249877            785.09423828125000     -1
kind
     27     
    12600          153950     
        6.25000000000000  
 OBS            165
     299.45010321554531
     297.87353323055601
       1.00000000000000
 164 166 -1
obdef
loc3d
        4.95026814558372              0.68993059237416             93.11567687988281     -1
kind
     27     
    12600          153950     
        6.25000000000000  
 OBS            166
     297.72024693803098
     297.27373181589797
       1.00000000000000
 165 167 -1
obdef
loc3d
        4.94174512165160              0.68484635226999            116.56585693359381     -1
kind
     27     
    12600          153950     
        6.25000000000000  
 OBS            167
     297.24179358956474
     297.24933929635898
       1.00000000000000
 166 168 -1
obdef
loc3d
        4.95420735021482              0.68473663912788             15.00000000000000     -1
kind
     27     
    12600          153950     
        6.25000000000000  
 OBS            168
     296.44913445643721
     296.61363985294003
       1.00000000000000
 167 169 -1
obdef
loc3d
        4.93477042118681              0.68310638816012            118.89588928222661     -1
kind
     27     
    12600          153950     
        6.25000000000000  
 OBS            169
     295.24249058406116
     296.72562346205501
       1.00000000000000
 168 170 -1
obdef
loc3d
        4.93795631029682              0.68276407673392            144.94107055664060     -1
kind
     27     
    12600          153950     
        6.25000000000000  
 OBS            170
     296.48921366698670
     296.76363304850003
       1.00000000000000
 169 171 -1
obdef
loc3d
        4.94001671685736              0.68064929967652             43.67281723022461     -1
kind
     27     
    12600          153950     
        6.25000000000000  
 OBS            171
     295.31856367612431
     297.51725052067599
       1.00000000000000
 170 172 -1
obdef
loc3d
        4.94058460161740              0.67807181314514             70.17810058593750     -1
kind
     27     
    12600          153950     
        6.25000000000000  
 OBS            172
     300.24922890531843
     298.24905087209203
       1.00000000000000
 171 173 -1
obdef
loc3d
        4.95423295419494              0.68033176843505              3.71636104583740     -1
kind
     27     
    12600          153950     
        6.25000000000000  
 OBS            173
     300.62972576732665
     299.56723808475101
       1.00000000000000
 172 174 -1
obdef
loc3d
        4.94926894458696              0.66642585587446             10.91526031494141     -1
kind
     27     
    12600          153950     
        6.25000000000000  
 OBS            174
     299.55630226855067
     299.01745721341399
       1.00000000000000
 173 175 -1
obdef
loc3d
        4.96223480186848              0.66700036066835              5.00000000000000     -1
kind
     27     
    12600          153950     
        6.25000000000000  
 OBS            175
     297.88016530705079
     298.08857156552199
       1.00000000000000
 174 176 -1
obdef
loc3d
        4.95546148971009              0.67729393735082              6.17724800109863     -1
kind
     27     
    12600          153950     
        6.25000000000000  
 OBS            176
     297.62101073069948
     298.43937086970300
       1.00000000000000
 175 177 -1
obdef
loc3d
        4.92652723985629              0.69051382381431            146.04148864746091     -1
kind
     27     
    12600          153950     
        6.25000000000000  
 OBS            177
     297.52026986958782
     298.29849505834801
       1.00000000000000
 176 178 -1
obdef
loc3d
        4.96366005344362              0.66920346185787              6.00000000000000     -1
kind
     27     
    12600          153950     
        6.25000000000000  
 OBS            178
     297.46844682831545
     296.93476952591499
       1.00000000000000
 177 179 -1
obdef
loc3d
        4.97052949833720              0.66907739847133              8.84140872955322     -1
kind
     27     
    12600          153950     
        6.25000000000000  
 OBS            179
     298.07787513733462
     298.38622322581000
       1.00000000000000
 178 180 -1
obdef
loc3d
        4.95272465676814              0.69285338512106             17.57446289062500     -1
kind
     27     
    12600          153950     
        6.25000000000000  
 OBS            180
     296.65352882656913
     296.92121893113301
       1.00000000000000
 179 181 -1
obdef
loc3d
        4.94895487610473              0.69270373762026            144.09075927734381     -1
kind
     27     
    12600          153950     
        6.25000000000000  
 OBS            181
     298.37848320464747
     297.43816027149802
       1.00000000000000
 180 182 -1
obdef
loc3d
        4.94293085461737              0.69053117803871            168.92642211914060     -1
kind
     27     
    12600          153950     
        6.25000000000000  
 OBS            182
     298.53557782838794
     298.48544015329702
       1.00000000000000
 181 183 -1
obdef
loc3d
        4.93556788041953              0.67027828664670             15.00000000000000     -1
kind
     27     
    12600          153950     
        6.25000000000000  
 OBS            183
     297.44865385804275
     298.01694951067799
       1.00000000000000
 182 184 -1
obdef
loc3d
        4.94611628544174              0.67496858055017             35.03607940673828     -1
kind
     27     
    12600          153950     
        6.25000000000000  
 OBS            184
     298.55750710614967
     298.34142074048702
       1.00000000000000
 183 185 -1
obdef
loc3d
        4.94304709522229              0.67138694960003             45.00000000000000     -1
kind
     27     
    12600          153950     
        6.25000000000000  
 OBS            185
     299.03868086743609
     297.58481980475602
       1.00000000000000
 184 186 -1
obdef
loc3d
        4.94323627307922              0.67609935421143             50.91764831542969     -1
kind
     27     
    12600          153950     
        6.25000000000000  
 OBS            186
     296.78276238015150
     297.32108855156503
       1.00000000000000
 185 187 -1
obdef
loc3d
        4.94382880471830              0.67878617658979             35.27229690551758     -1
kind
     27     
    12600          153950     
        6.25000000000000  
 OBS            187
     296.43260172162843
     297.03569215042103
       1.00000000000000
 186 188 -1
obdef
loc3d
        4.94220707390035              0.68781081917460            173.94366455078119     -1
kind
     27     
    12600          153950     
        6.25000000000000  
 OBS            188
     296.63795251017507
     297.31166318036401
       1.00000000000000
 187 189 -1
obdef
loc3d
        4.92755542120837              0.68675243746254            174.61849975585940     -1
kind
     27     
    12600          153950     
        6.25000000000000  
 OBS            189
     299.19715558156787
     297.31963731055203
       1.00000000000000
 188 190 -1
obdef
loc3d
        4.93770287749180              0.68559892863867            149.84144592285159     -1
kind
     27     
    12600          153950     
        6.25000000000000  
 OBS            190
     297.15378171176712
     298.94843618660201
       1.00000000000000
 189 191 -1
obdef
loc3d
        4.92848130899840              0.69282991767383            196.64169311523440     -1
kind
     27     
    12600          153950     
        6.25000000000000  
 OBS            191
     298.11375472572541
     299.13813085447600
       1.00000000000000
 190 192 -1
obdef
loc3d
        4.94329123891126              0.66857696973652             21.80461120605469     -1
kind
     27     
    12600          153950     
        6.25000000000000  
 OBS            192
     299.44354996520354
     299.85792252020798
       1.00000000000000
 191 193 -1
obdef
loc3d
        4.93215285315783              0.69272179551745            405.54205322265619     -1
kind
     27     
    12600          153950     
        6.25000000000000  
 OBS            193
     297.51431299224294
     296.89360898429999
       1.00000000000000
 192 194 -1
obdef
loc3d
        4.93085954966869              0.68304429171430             90.32812500000000     -1
kind
     27     
    12600          153950     
        6.25000000000000  
 OBS            194
     299.14633167615455
     297.50160260765301
       1.00000000000000
 193 195 -1
obdef
loc3d
        4.93705662369825              0.67280917017713             44.45593643188477     -1
kind
     27     
    12600          153950     
        6.25000000000000  
 OBS            195
     295.62362341293232
     296.54167208664200
       1.00000000000000
 194 196 -1
obdef
loc3d
        4.94512604639754              0.69281773274108            184.54177856445310     -1
kind
     27     
    12600          153950     
        6.25000000000000  
 OBS            196
     295.78816938369596
     296.57550583413803
       1.00000000000000
 195 197 -1
obdef
loc3d
        4.94897278262263              0.68784055253573             58.60614395141602     -1
kind
     27     
    12600          153950     
        6.25000000000000  
 OBS            197
     296.98915241669965
     296.63863177438202
       1.00000000000000
 196 198 -1
obdef
loc3d
        4.94602769361993              0.68071046350214             21.00896453857422     -1
kind
     27     
    12600          153950     
        6.25000000000000  
 OBS            198
     298.36257013942293
     298.30908400438699
       1.00000000000000
 197 199 -1
obdef
loc3d
        4.93975094338173              0.67132086947702             44.21312713623047     -1
kind
     27     
    12600          153950     
        6.25000000000000  
 OBS            199
     297.70455034483984
     297.95031333031699
       1.00000000000000
 198 200 -1
obdef
loc3d
        4.93608481943111              0.69281990441712            165.01060485839841     -1
kind
     27     
    12600          153950     
        6.25000000000000  
 OBS            200
     298.43719899286958
     298.20574772320998
       1.00000000000000
 199 201 -1
obdef
loc3d
        4.92159319416735              0.69282443720594            292.33944702148438     -1
kind
     27     
    12600          153950     
        6.25000000000000  
 OBS            201
     299.09141860727135
     297.57062002402898
       1.00000000000000
 200 202 -1
obdef
loc3d
        4.93873881518950              0.68829597049600            229.64634704589841     -1
kind
     27     
    12600          153950     
        6.25000000000000  
 OBS            202
     297.16891091223368
     298.28963205155799
       1.00000000000000
 201 203 -1
obdef
loc3d
        4.93527083413009              0.68767784768684            170.73742675781250     -1
kind
     27     
    12600          153950     
        6.25000000000000  
 OBS            203
     296.74639552224568
     297.31705060056100
       1.00000000000000
 202 204 -1
obdef
loc3d
        4.94662113618514              0.69029960200592            170.37097167968750     -1
kind
     27     
    12600          153950     
        6.25000000000000  
 OBS            204
     297.82436561356792
     298.17061881018901
       1.00000000000000
 203 205 -1
obdef
loc3d
        4.93429249379945              0.69052021135789            149.81713867187500     -1
kind
     27     
    12600          153950     
        6.25000000000000  
 OBS            205
     297.56672652856821
     297.70259305935798
       1.00000000000000
 204 206 -1
obdef
loc3d
        4.93269049343414              0.68556567101287            183.19726562500000     -1
kind
     27     
    12600          153950     
        6.25000000000000  
 OBS            206
     297.61835003453376
     298.86458703297302
       1.00000000000000
 205 207 -1
obdef
loc3d
        4.96102089029673              0.67774516842699             17.24609375000000     -1
kind
     27     
    12600          153950     
        6.25000000000000  
 OBS            207
     298.70582818527527
     297.90107795232200
       1.00000000000000
 206 208 -1
obdef
loc3d
        4.95766343385975              0.68587140474105             17.20619201660156     -1
kind
     27     
    12600          153950     
        6.25000000000000  
 OBS            208
     298.53814476695084
     297.09873815014998
       1.00000000000000
 207 209 -1
obdef
loc3d
        4.96848382491262              0.66600327539335              8.93466186523438     -1
kind
     27     
    12600          153950     
        6.25000000000000  
 OBS            209
     297.96255649732421
     298.54196355366997
       1.00000000000000
 208 210 -1
obdef
loc3d
        4.95841046678131              0.68356976794003             15.00000000000000     -1
kind
     27     
    12600          153950     
        6.25000000000000  
 OBS            210
     298.36271500095671
     299.05299125508401
       1.00000000000000
 209 211 -1
obdef
loc3d
        4.95968425198686              0.67283122878530              9.91464328765869     -1
kind
     27     
    12600          153950     
        6.25000000000000  
 OBS            211
     298.14442800276049
     298.83265711622897
       1.00000000000000
 210 212 -1
obdef
loc3d
        4.95850938370535              0.67569847985950              9.09960937500000     -1
kind
     27     
    12600          153950     
        6.25000000000000  
 OBS            212
     298.87058505945447
     299.09619548437797
       1.00000000000000
 211 213 -1
obdef
loc3d
        4.96062039600501              0.68186605212913             14.00000000000000     -1
kind
     27     
    12600          153950     
        6.25000000000000  
 OBS            213
     299.25160139930858
     298.79134111493602
       1.00000000000000
 212 214 -1
obdef
loc3d
        4.96044430349621              0.68522255501691             15.00000000000000     -1
kind
     27     
    12600          153950     
        6.25000000000000  
 OBS            214
     299.07391687636766
     298.19191818812999
       1.00000000000000
 213 215 -1
obdef
loc3d
        4.95666979050607              0.68165969365477             15.07347202301025     -1
kind
     27     
    12600          153950     
        6.25000000000000  
 OBS            215
     297.65554925801598
     297.85381768160801
       1.00000000000000
 214 216 -1
obdef
loc3d
        4.96483712939352              0.66390373451953              6.00000000000000     -1
kind
     27     
    12600          153950     
        6.25000000000000  
 OBS            216
     296.33088687582921
     297.93863939269198
       1.00000000000000
 215 217 -1
obdef
loc3d
        4.96717335385836              0.67072562238302             13.76562500000000     -1
kind
     27     
    12600          153950     
        6.25000000000000  
 OBS            217
     300.31496328935521
     298.49896733983798
       1.00000000000000
 216 218 -1
obdef
loc3d
        4.96004611966382              0.68820120365869             15.00000000000000     -1
kind
     27     
    12600          153950     
        6.25000000000000  
 OBS            218
     298.61736891350267
     297.25177757842999
       1.00000000000000
 217 219 -1
obdef
loc3d
        4.95406364445895              0.69009645468583             54.42578125000000     -1
kind
     27     
    12600          153950     
        6.25000000000000  
 OBS            219
     299.50707530496197
     298.09580217519999
       1.00000000000000
 218 220 -1
obdef
loc3d
        4.95508230192316              0.68705689194968              9.08530712127686     -1
kind
     27     
    12600          153950     
        6.25000000000000  
 OBS            220
     290.68399420677321
     292.43406726128399
       1.00000000000000
 219 221 -1
obdef
loc3d
        4.89647559039613              0.68497595921932            824.84875488281250     -1
kind
     27     
    12600          153950     
        6.25000000000000  
 OBS            221
     292.54578197351378
     293.74033897807902
       1.00000000000000
 220 222 -1
obdef
loc3d
        4.89667428721977              0.69273770557989            574.37286376953125     -1
kind
     27     
    12600          153950     
        6.25000000000000  
 OBS            222
     297.31811153512052
     297.51250542605800
       1.00000000000000
 221 223 -1
obdef
loc3d
        4.91583459977084              0.69278424988043            233.68589782714841     -1
kind
     27     
    12600          153950     
        6.25000000000000  
 OBS            223
     295.21134361474691
     294.95246750791802
       1.00000000000000
 222 224 -1
obdef
loc3d
        4.90300762067971              0.68954390300676            525.03326416015625     -1
kind
     27     
    12600          153950     
        6.25000000000000  
 OBS            224
     291.83433341701175
     293.46258736701901
       1.00000000000000
 223 225 -1
obdef
loc3d
        4.90168560310748              0.69286223560483            711.58941650390625     -1
kind
     27     
    12600          153950     
        6.25000000000000  
 OBS            225
     299.35474797395921
     297.35340784332902
       1.00000000000000
 224 -1 -1
obdef
loc3d
        4.91091515139416              0.69052501454351            199.70848083496091     -1
kind
     27     
    12600          153950     
        6.25000000000000  
