 obs_sequence
obs_kind_definitions
       3
    25          LAND_SFC_U_WIND_COMPONENT   
    26          LAND_SFC_V_WIND_COMPONENT   
    27          LAND_SFC_TEMPERATURE   
  num_copies:            2  num_qc:            1
 num_obs:       225  max_num_obs:       225
observations
truth
QC radar
  first:            1  last:       225
 OBS            1
      -3.94019718579765
      -0.15358958952855
       1.00000000000000
 -1 2 -1
obdef
loc3d
        4.90540352515539              0.69194112440599            606.33142089843750     -1
kind
     25     
    14400          153950     
       12.25000000000000  
 OBS            2
      -0.31853729147046
       1.42547638691670
       1.00000000000000
 1 3 -1
obdef
loc3d
        4.94546412681761              0.68348353984884             17.75631332397461     -1
kind
     25     
    14400          153950     
       12.25000000000000  
 OBS            3
       6.01764372205986
       1.97735069351112
       1.00000000000000
 2 4 -1
obdef
loc3d
        4.94660974174000              0.67744857875853             29.35406684875488     -1
kind
     25     
    14400          153950     
       12.25000000000000  
 OBS            4
       0.34576332354595
       0.81857722103463
       1.00000000000000
 3 5 -1
obdef
loc3d
        4.94648126630843              0.68652865419204             54.82812500000000     -1
kind
     25     
    14400          153950     
       12.25000000000000  
 OBS            5
       1.95173791444172
       1.88446904038825
       1.00000000000000
 4 6 -1
obdef
loc3d
        4.94445426011379              0.68507566758975             62.61011505126953     -1
kind
     25     
    14400          153950     
       12.25000000000000  
 OBS            6
       2.37217067945726
       1.00780496985844
       1.00000000000000
 5 7 -1
obdef
loc3d
        4.94602055174578              0.68752162087271            134.15721130371091     -1
kind
     25     
    14400          153950     
       12.25000000000000  
 OBS            7
       1.64174832455055
       1.59790701577650
       1.00000000000000
 6 8 -1
obdef
loc3d
        4.94603912728501              0.67254511985829             35.00297546386719     -1
kind
     25     
    14400          153950     
       12.25000000000000  
 OBS            8
       1.89504066570785
       0.87726492765055
       1.00000000000000
 7 9 -1
obdef
loc3d
        4.95877904994953              0.67986585977255             17.04111671447754     -1
kind
     25     
    14400          153950     
       12.25000000000000  
 OBS            9
       1.75453667700258
       3.37344197803160
       1.00000000000000
 8 10 -1
obdef
loc3d
        4.93958042817759              0.69095160998657            226.13127136230469     -1
kind
     25     
    14400          153950     
       12.25000000000000  
 OBS            10
       0.45048084214787
      -0.49716607754324
       1.00000000000000
 9 11 -1
obdef
loc3d
        4.95756313665553              0.69181797222864             89.84997558593750     -1
kind
     25     
    14400          153950     
       12.25000000000000  
 OBS            11
      -6.64642469810147
       1.20586327705771
       1.00000000000000
 10 12 -1
obdef
loc3d
        4.94078657111844              0.67409210989409             60.81152343750000     -1
kind
     25     
    14400          153950     
       12.25000000000000  
 OBS            12
      -1.73000987514572
       0.86966822799910
       1.00000000000000
 11 13 -1
obdef
loc3d
        4.95557846691255              0.67267262139613              1.00000000000000     -1
kind
     25     
    14400          153950     
       12.25000000000000  
 OBS            13
       5.06877902466996
       0.92774370583801
       1.00000000000000
 12 14 -1
obdef
loc3d
        4.93193348448080              0.68856418981073            106.00000000000000     -1
kind
     25     
    14400          153950     
       12.25000000000000  
 OBS            14
      -2.13558663687481
       3.16191281968474
       1.00000000000000
 13 15 -1
obdef
loc3d
        4.89970838141578              0.68765245249877            785.09423828125000     -1
kind
     25     
    14400          153950     
       12.25000000000000  
 OBS            15
       6.93072727558134
       0.96870040788281
       1.00000000000000
 14 16 -1
obdef
loc3d
        4.95026814558372              0.68993059237416             93.11567687988281     -1
kind
     25     
    14400          153950     
       12.25000000000000  
 OBS            16
      -4.11612528438928
       1.11056123006076
       1.00000000000000
 15 17 -1
obdef
loc3d
        4.94174512165160              0.68484635226999            116.56585693359381     -1
kind
     25     
    14400          153950     
       12.25000000000000  
 OBS            17
      -1.57401876865551
       0.08367920460608
       1.00000000000000
 16 18 -1
obdef
loc3d
        4.95420735021482              0.68473663912788             15.00000000000000     -1
kind
     25     
    14400          153950     
       12.25000000000000  
 OBS            18
       2.19440263630616
       0.68429835612705
       1.00000000000000
 17 19 -1
obdef
loc3d
        4.93477042118681              0.68310638816012            118.89588928222661     -1
kind
     25     
    14400          153950     
       12.25000000000000  
 OBS            19
      -4.21549879945135
       1.92198799243901
       1.00000000000000
 18 20 -1
obdef
loc3d
        4.93795631029682              0.68276407673392            144.94107055664060     -1
kind
     25     
    14400          153950     
       12.25000000000000  
 OBS            20
       3.85371244572815
       1.16048635774210
       1.00000000000000
 19 21 -1
obdef
loc3d
        4.94001671685736              0.68064929967652             43.67281723022461     -1
kind
     25     
    14400          153950     
       12.25000000000000  
 OBS            21
       0.91870062972604
       1.63580434576063
       1.00000000000000
 20 22 -1
obdef
loc3d
        4.94058460161740              0.67807181314514             70.17810058593750     -1
kind
     25     
    14400          153950     
       12.25000000000000  
 OBS            22
       3.86421575805334
       0.92620160929734
       1.00000000000000
 21 23 -1
obdef
loc3d
        4.95423295419494              0.68033176843505              3.71636104583740     -1
kind
     25     
    14400          153950     
       12.25000000000000  
 OBS            23
      -3.24110198419734
       0.77167616350056
       1.00000000000000
 22 24 -1
obdef
loc3d
        4.94926894458696              0.66642585587446             10.91526031494141     -1
kind
     25     
    14400          153950     
       12.25000000000000  
 OBS            24
      -2.25859218847617
       1.41700298678921
       1.00000000000000
 23 25 -1
obdef
loc3d
        4.96223480186848              0.66700036066835              5.00000000000000     -1
kind
     25     
    14400          153950     
       12.25000000000000  
 OBS            25
      -0.50380469252052
       0.45389106332786
       1.00000000000000
 24 26 -1
obdef
loc3d
        4.95546148971009              0.67729393735082              6.17724800109863     -1
kind
     25     
    14400          153950     
       12.25000000000000  
 OBS            26
       2.45791373874495
       1.74196649733779
       1.00000000000000
 25 27 -1
obdef
loc3d
        4.92652723985629              0.69051382381431            146.04148864746091     -1
kind
     25     
    14400          153950     
       12.25000000000000  
 OBS            27
      -1.15860514824259
       1.31409627735515
       1.00000000000000
 26 28 -1
obdef
loc3d
        4.96366005344362              0.66920346185787              6.00000000000000     -1
kind
     25     
    14400          153950     
       12.25000000000000  
 OBS            28
       1.86414457523136
       1.53609808677269
       1.00000000000000
 27 29 -1
obdef
loc3d
        4.97052949833720              0.66907739847133              8.84140872955322     -1
kind
     25     
    14400          153950     
       12.25000000000000  
 OBS            29
       1.87053205507106
      -1.45641658532887
       1.00000000000000
 28 30 -1
obdef
loc3d
        4.95272465676814              0.69285338512106             17.57446289062500     -1
kind
     25     
    14400          153950     
       12.25000000000000  
 OBS            30
       1.10120044652531
      -1.08412045876320
       1.00000000000000
 29 31 -1
obdef
loc3d
        4.94895487610473              0.69270373762026            144.09075927734381     -1
kind
     25     
    14400          153950     
       12.25000000000000  
 OBS            31
       4.41647589724958
       4.95621590875111
       1.00000000000000
 30 32 -1
obdef
loc3d
        4.94293085461737              0.69053117803871            168.92642211914060     -1
kind
     25     
    14400          153950     
       12.25000000000000  
 OBS            32
       4.03809191805599
       1.99072081571455
       1.00000000000000
 31 33 -1
obdef
loc3d
        4.93556788041953              0.67027828664670             15.00000000000000     -1
kind
     25     
    14400          153950     
       12.25000000000000  
 OBS            33
       1.64945952165767
       1.98456921767358
       1.00000000000000
 32 34 -1
obdef
loc3d
        4.94611628544174              0.67496858055017             35.03607940673828     -1
kind
     25     
    14400          153950     
       12.25000000000000  
 OBS            34
       1.58899087125755
       1.55944936863713
       1.00000000000000
 33 35 -1
obdef
loc3d
        4.94304709522229              0.67138694960003             45.00000000000000     -1
kind
     25     
    14400          153950     
       12.25000000000000  
 OBS            35
       5.43558670476882
       2.17390765479532
       1.00000000000000
 34 36 -1
obdef
loc3d
        4.94323627307922              0.67609935421143             50.91764831542969     -1
kind
     25     
    14400          153950     
       12.25000000000000  
 OBS            36
       7.48249647792482
       2.20766186884488
       1.00000000000000
 35 37 -1
obdef
loc3d
        4.94382880471830              0.67878617658979             35.27229690551758     -1
kind
     25     
    14400          153950     
       12.25000000000000  
 OBS            37
       7.39044689532294
       2.42070327898018
       1.00000000000000
 36 38 -1
obdef
loc3d
        4.94220707390035              0.68781081917460            173.94366455078119     -1
kind
     25     
    14400          153950     
       12.25000000000000  
 OBS            38
       4.18702890177556
       4.49405288139858
       1.00000000000000
 37 39 -1
obdef
loc3d
        4.92755542120837              0.68675243746254            174.61849975585940     -1
kind
     25     
    14400          153950     
       12.25000000000000  
 OBS            39
      -0.19719836946733
       1.17700469331272
       1.00000000000000
 38 40 -1
obdef
loc3d
        4.93770287749180              0.68559892863867            149.84144592285159     -1
kind
     25     
    14400          153950     
       12.25000000000000  
 OBS            40
       8.41424358002571
       1.64349831026185
       1.00000000000000
 39 41 -1
obdef
loc3d
        4.92848130899840              0.69282991767383            196.64169311523440     -1
kind
     25     
    14400          153950     
       12.25000000000000  
 OBS            41
       5.98077490322828
       1.14209965592443
       1.00000000000000
 40 42 -1
obdef
loc3d
        4.94329123891126              0.66857696973652             21.80461120605469     -1
kind
     25     
    14400          153950     
       12.25000000000000  
 OBS            42
       7.66056832478868
       4.33919607930467
       1.00000000000000
 41 43 -1
obdef
loc3d
        4.93215285315783              0.69272179551745            405.54205322265619     -1
kind
     25     
    14400          153950     
       12.25000000000000  
 OBS            43
       1.04881693507122
       0.40762976407451
       1.00000000000000
 42 44 -1
obdef
loc3d
        4.93085954966869              0.68304429171430             90.32812500000000     -1
kind
     25     
    14400          153950     
       12.25000000000000  
 OBS            44
      -1.45115963439429
       1.35568344711218
       1.00000000000000
 43 45 -1
obdef
loc3d
        4.93705662369825              0.67280917017713             44.45593643188477     -1
kind
     25     
    14400          153950     
       12.25000000000000  
 OBS            45
       1.32490664507643
       0.47340484796448
       1.00000000000000
 44 46 -1
obdef
loc3d
        4.94512604639754              0.69281773274108            184.54177856445310     -1
kind
     25     
    14400          153950     
       12.25000000000000  
 OBS            46
       0.09384673090540
      -0.06898891513926
       1.00000000000000
 45 47 -1
obdef
loc3d
        4.94897278262263              0.68784055253573             58.60614395141602     -1
kind
     25     
    14400          153950     
       12.25000000000000  
 OBS            47
       2.58508692648357
       1.03819012805339
       1.00000000000000
 46 48 -1
obdef
loc3d
        4.94602769361993              0.68071046350214             21.00896453857422     -1
kind
     25     
    14400          153950     
       12.25000000000000  
 OBS            48
       1.31511410102414
       1.49844982942440
       1.00000000000000
 47 49 -1
obdef
loc3d
        4.93975094338173              0.67132086947702             44.21312713623047     -1
kind
     25     
    14400          153950     
       12.25000000000000  
 OBS            49
      -1.00618144222799
       0.69221915403860
       1.00000000000000
 48 50 -1
obdef
loc3d
        4.93608481943111              0.69281990441712            165.01060485839841     -1
kind
     25     
    14400          153950     
       12.25000000000000  
 OBS            50
      -5.66323385786804
      -0.35974258976960
       1.00000000000000
 49 51 -1
obdef
loc3d
        4.92159319416735              0.69282443720594            292.33944702148438     -1
kind
     25     
    14400          153950     
       12.25000000000000  
 OBS            51
       5.41194260772713
       2.69756844642020
       1.00000000000000
 50 52 -1
obdef
loc3d
        4.93873881518950              0.68829597049600            229.64634704589841     -1
kind
     25     
    14400          153950     
       12.25000000000000  
 OBS            52
       8.40511931616247
       2.43347235751342
       1.00000000000000
 51 53 -1
obdef
loc3d
        4.93527083413009              0.68767784768684            170.73742675781250     -1
kind
     25     
    14400          153950     
       12.25000000000000  
 OBS            53
      -0.43091662872520
       1.40628680840981
       1.00000000000000
 52 54 -1
obdef
loc3d
        4.94662113618514              0.69029960200592            170.37097167968750     -1
kind
     25     
    14400          153950     
       12.25000000000000  
 OBS            54
      -1.44054980760938
       2.69294975721612
       1.00000000000000
 53 55 -1
obdef
loc3d
        4.93429249379945              0.69052021135789            149.81713867187500     -1
kind
     25     
    14400          153950     
       12.25000000000000  
 OBS            55
       0.31150354838242
       3.64047591515156
       1.00000000000000
 54 56 -1
obdef
loc3d
        4.93269049343414              0.68556567101287            183.19726562500000     -1
kind
     25     
    14400          153950     
       12.25000000000000  
 OBS            56
       6.18958659341211
       1.45356456967807
       1.00000000000000
 55 57 -1
obdef
loc3d
        4.96102089029673              0.67774516842699             17.24609375000000     -1
kind
     25     
    14400          153950     
       12.25000000000000  
 OBS            57
       1.20650424491249
       0.81945717610325
       1.00000000000000
 56 58 -1
obdef
loc3d
        4.95766343385975              0.68587140474105             17.20619201660156     -1
kind
     25     
    14400          153950     
       12.25000000000000  
 OBS            58
      -0.21468577509035
       1.48511934360252
       1.00000000000000
 57 59 -1
obdef
loc3d
        4.96848382491262              0.66600327539335              8.93466186523438     -1
kind
     25     
    14400          153950     
       12.25000000000000  
 OBS            59
       4.36469213642815
       1.08353218700832
       1.00000000000000
 58 60 -1
obdef
loc3d
        4.95841046678131              0.68356976794003             15.00000000000000     -1
kind
     25     
    14400          153950     
       12.25000000000000  
 OBS            60
       6.24059338366405
       1.29809035289162
       1.00000000000000
 59 61 -1
obdef
loc3d
        4.95968425198686              0.67283122878530              9.91464328765869     -1
kind
     25     
    14400          153950     
       12.25000000000000  
 OBS            61
       2.93855809515628
       1.26835071769757
       1.00000000000000
 60 62 -1
obdef
loc3d
        4.95850938370535              0.67569847985950              9.09960937500000     -1
kind
     25     
    14400          153950     
       12.25000000000000  
 OBS            62
       2.00007880698410
       1.13055116553494
       1.00000000000000
 61 63 -1
obdef
loc3d
        4.96062039600501              0.68186605212913             14.00000000000000     -1
kind
     25     
    14400          153950     
       12.25000000000000  
 OBS            63
       2.59742461520052
       0.69793355640702
       1.00000000000000
 62 64 -1
obdef
loc3d
        4.96044430349621              0.68522255501691             15.00000000000000     -1
kind
     25     
    14400          153950     
       12.25000000000000  
 OBS            64
       0.72278884216867
       0.94350763727394
       1.00000000000000
 63 65 -1
obdef
loc3d
        4.95666979050607              0.68165969365477             15.07347202301025     -1
kind
     25     
    14400          153950     
       12.25000000000000  
 OBS            65
       0.82970527428455
       1.32589875489349
       1.00000000000000
 64 66 -1
obdef
loc3d
        4.96483712939352              0.66390373451953              6.00000000000000     -1
kind
     25     
    14400          153950     
       12.25000000000000  
 OBS            66
       1.69171634517505
       1.26908024717495
       1.00000000000000
 65 67 -1
obdef
loc3d
        4.96717335385836              0.67072562238302             13.76562500000000     -1
kind
     25     
    14400          153950     
       12.25000000000000  
 OBS            67
       2.26582845791278
       0.85069597188961
       1.00000000000000
 66 68 -1
obdef
loc3d
        4.96004611966382              0.68820120365869             15.00000000000000     -1
kind
     25     
    14400          153950     
       12.25000000000000  
 OBS            68
       6.36866657707505
       1.31540775059954
       1.00000000000000
 67 69 -1
obdef
loc3d
        4.95406364445895              0.69009645468583             54.42578125000000     -1
kind
     25     
    14400          153950     
       12.25000000000000  
 OBS            69
      -3.58181010400831
      -0.08672812865814
       1.00000000000000
 68 70 -1
obdef
loc3d
        4.95508230192316              0.68705689194968              9.08530712127686     -1
kind
     25     
    14400          153950     
       12.25000000000000  
 OBS            70
      -1.68745859534027
       2.00236293084667
       1.00000000000000
 69 71 -1
obdef
loc3d
        4.89647559039613              0.68497595921932            824.84875488281250     -1
kind
     25     
    14400          153950     
       12.25000000000000  
 OBS            71
       5.59576038779221
       1.31816796417214
       1.00000000000000
 70 72 -1
obdef
loc3d
        4.89667428721977              0.69273770557989            574.37286376953125     -1
kind
     25     
    14400          153950     
       12.25000000000000  
 OBS            72
       2.72788928686124
       0.66719438421025
       1.00000000000000
 71 73 -1
obdef
loc3d
        4.91583459977084              0.69278424988043            233.68589782714841     -1
kind
     25     
    14400          153950     
       12.25000000000000  
 OBS            73
       4.93805513657348
       2.23570912027745
       1.00000000000000
 72 74 -1
obdef
loc3d
        4.90300762067971              0.68954390300676            525.03326416015625     -1
kind
     25     
    14400          153950     
       12.25000000000000  
 OBS            74
      -3.30312724307568
       1.36520842424133
       1.00000000000000
 73 75 -1
obdef
loc3d
        4.90168560310748              0.69286223560483            711.58941650390625     -1
kind
     25     
    14400          153950     
       12.25000000000000  
 OBS            75
      -5.47320974090077
       1.27782232698981
       1.00000000000000
 74 76 -1
obdef
loc3d
        4.91091515139416              0.69052501454351            199.70848083496091     -1
kind
     25     
    14400          153950     
       12.25000000000000  
 OBS            76
      -2.90464907925392
      -0.61442020712264
       1.00000000000000
 75 77 -1
obdef
loc3d
        4.90540352515539              0.69194112440599            606.33142089843750     -1
kind
     26     
    14400          153950     
       12.25000000000000  
 OBS            77
       0.70207902240882
       1.74947816444144
       1.00000000000000
 76 78 -1
obdef
loc3d
        4.94546412681761              0.68348353984884             17.75631332397461     -1
kind
     26     
    14400          153950     
       12.25000000000000  
 OBS            78
      -1.01468393927637
       1.74605399822391
       1.00000000000000
 77 79 -1
obdef
loc3d
        4.94660974174000              0.67744857875853             29.35406684875488     -1
kind
     26     
    14400          153950     
       12.25000000000000  
 OBS            79
      -1.84693948183900
       0.84791832107895
       1.00000000000000
 78 80 -1
obdef
loc3d
        4.94648126630843              0.68652865419204             54.82812500000000     -1
kind
     26     
    14400          153950     
       12.25000000000000  
 OBS            80
      -0.06905185172206
       1.10451611672245
       1.00000000000000
 79 81 -1
obdef
loc3d
        4.94445426011379              0.68507566758975             62.61011505126953     -1
kind
     26     
    14400          153950     
       12.25000000000000  
 OBS            81
      -2.18608738332920
       2.39786101903456
       1.00000000000000
 80 82 -1
obdef
loc3d
        4.94602055174578              0.68752162087271            134.15721130371091     -1
kind
     26     
    14400          153950     
       12.25000000000000  
 OBS            82
       0.35056093897805
       1.96958397184001
       1.00000000000000
 81 83 -1
obdef
loc3d
        4.94603912728501              0.67254511985829             35.00297546386719     -1
kind
     26     
    14400          153950     
       12.25000000000000  
 OBS            83
       5.52833554658617
       3.92208851406561
       1.00000000000000
 82 84 -1
obdef
loc3d
        4.95877904994953              0.67986585977255             17.04111671447754     -1
kind
     26     
    14400          153950     
       12.25000000000000  
 OBS            84
       1.68232774339365
       2.31475363640100
       1.00000000000000
 83 85 -1
obdef
loc3d
        4.93958042817759              0.69095160998657            226.13127136230469     -1
kind
     26     
    14400          153950     
       12.25000000000000  
 OBS            85
       0.52690052082311
       1.53841206279592
       1.00000000000000
 84 86 -1
obdef
loc3d
        4.95756313665553              0.69181797222864             89.84997558593750     -1
kind
     26     
    14400          153950     
       12.25000000000000  
 OBS            86
       6.73170597358333
       1.53461685350800
       1.00000000000000
 85 87 -1
obdef
loc3d
        4.94078657111844              0.67409210989409             60.81152343750000     -1
kind
     26     
    14400          153950     
       12.25000000000000  
 OBS            87
      -0.00895585540588
       5.07363793449343
       1.00000000000000
 86 88 -1
obdef
loc3d
        4.95557846691255              0.67267262139613              1.00000000000000     -1
kind
     26     
    14400          153950     
       12.25000000000000  
 OBS            88
      -3.37025544473113
       1.78710244712091
       1.00000000000000
 87 89 -1
obdef
loc3d
        4.93193348448080              0.68856418981073            106.00000000000000     -1
kind
     26     
    14400          153950     
       12.25000000000000  
 OBS            89
      -0.43880664897488
      -1.84675198779733
       1.00000000000000
 88 90 -1
obdef
loc3d
        4.89970838141578              0.68765245249877            785.09423828125000     -1
kind
     26     
    14400          153950     
       12.25000000000000  
 OBS            90
       6.55747709247374
       2.57074656712107
       1.00000000000000
 89 91 -1
obdef
loc3d
        4.95026814558372              0.68993059237416             93.11567687988281     -1
kind
     26     
    14400          153950     
       12.25000000000000  
 OBS            91
       4.54069992271107
       0.68065420143077
       1.00000000000000
 90 92 -1
obdef
loc3d
        4.94174512165160              0.68484635226999            116.56585693359381     -1
kind
     26     
    14400          153950     
       12.25000000000000  
 OBS            92
      -1.56801480214154
       0.55406228769739
       1.00000000000000
 91 93 -1
obdef
loc3d
        4.95420735021482              0.68473663912788             15.00000000000000     -1
kind
     26     
    14400          153950     
       12.25000000000000  
 OBS            93
      -0.18996421912962
       1.46076515950734
       1.00000000000000
 92 94 -1
obdef
loc3d
        4.93477042118681              0.68310638816012            118.89588928222661     -1
kind
     26     
    14400          153950     
       12.25000000000000  
 OBS            94
       4.28925994717684
       2.05080714491472
       1.00000000000000
 93 95 -1
obdef
loc3d
        4.93795631029682              0.68276407673392            144.94107055664060     -1
kind
     26     
    14400          153950     
       12.25000000000000  
 OBS            95
       1.94093964961271
       1.88752201661327
       1.00000000000000
 94 96 -1
obdef
loc3d
        4.94001671685736              0.68064929967652             43.67281723022461     -1
kind
     26     
    14400          153950     
       12.25000000000000  
 OBS            96
       2.27562275986174
       2.43930785148905
       1.00000000000000
 95 97 -1
obdef
loc3d
        4.94058460161740              0.67807181314514             70.17810058593750     -1
kind
     26     
    14400          153950     
       12.25000000000000  
 OBS            97
       2.92597369486192
       3.37000398746108
       1.00000000000000
 96 98 -1
obdef
loc3d
        4.95423295419494              0.68033176843505              3.71636104583740     -1
kind
     26     
    14400          153950     
       12.25000000000000  
 OBS            98
       0.41468795533804
       3.09036826419625
       1.00000000000000
 97 99 -1
obdef
loc3d
        4.94926894458696              0.66642585587446             10.91526031494141     -1
kind
     26     
    14400          153950     
       12.25000000000000  
 OBS            99
       4.97389363283026
       4.87815313337911
       1.00000000000000
 98 100 -1
obdef
loc3d
        4.96223480186848              0.66700036066835              5.00000000000000     -1
kind
     26     
    14400          153950     
       12.25000000000000  
 OBS            100
       6.26238404835420
       4.05273409545703
       1.00000000000000
 99 101 -1
obdef
loc3d
        4.95546148971009              0.67729393735082              6.17724800109863     -1
kind
     26     
    14400          153950     
       12.25000000000000  
 OBS            101
       1.93398076625078
       1.47510439228551
       1.00000000000000
 100 102 -1
obdef
loc3d
        4.92652723985629              0.69051382381431            146.04148864746091     -1
kind
     26     
    14400          153950     
       12.25000000000000  
 OBS            102
       7.28819086969461
       4.63833141913262
       1.00000000000000
 101 103 -1
obdef
loc3d
        4.96366005344362              0.66920346185787              6.00000000000000     -1
kind
     26     
    14400          153950     
       12.25000000000000  
 OBS            103
       5.18944629609117
       4.60680409349522
       1.00000000000000
 102 104 -1
obdef
loc3d
        4.97052949833720              0.66907739847133              8.84140872955322     -1
kind
     26     
    14400          153950     
       12.25000000000000  
 OBS            104
      -1.00597203940101
       2.42714037803706
       1.00000000000000
 103 105 -1
obdef
loc3d
        4.95272465676814              0.69285338512106             17.57446289062500     -1
kind
     26     
    14400          153950     
       12.25000000000000  
 OBS            105
      -2.98709186423769
       1.38150012022160
       1.00000000000000
 104 106 -1
obdef
loc3d
        4.94895487610473              0.69270373762026            144.09075927734381     -1
kind
     26     
    14400          153950     
       12.25000000000000  
 OBS            106
      -1.75849330967328
       1.56941127171623
       1.00000000000000
 105 107 -1
obdef
loc3d
        4.94293085461737              0.69053117803871            168.92642211914060     -1
kind
     26     
    14400          153950     
       12.25000000000000  
 OBS            107
       1.24958693077911
       0.73934946837013
       1.00000000000000
 106 108 -1
obdef
loc3d
        4.93556788041953              0.67027828664670             15.00000000000000     -1
kind
     26     
    14400          153950     
       12.25000000000000  
 OBS            108
      -0.42615024841765
       1.19061562894089
       1.00000000000000
 107 109 -1
obdef
loc3d
        4.94611628544174              0.67496858055017             35.03607940673828     -1
kind
     26     
    14400          153950     
       12.25000000000000  
 OBS            109
      -2.09382089683558
       1.61609641836156
       1.00000000000000
 108 110 -1
obdef
loc3d
        4.94304709522229              0.67138694960003             45.00000000000000     -1
kind
     26     
    14400          153950     
       12.25000000000000  
 OBS            110
       1.77385347395751
       1.63587017616227
       1.00000000000000
 109 111 -1
obdef
loc3d
        4.94323627307922              0.67609935421143             50.91764831542969     -1
kind
     26     
    14400          153950     
       12.25000000000000  
 OBS            111
       1.39558443305480
       1.64271915952714
       1.00000000000000
 110 112 -1
obdef
loc3d
        4.94382880471830              0.67878617658979             35.27229690551758     -1
kind
     26     
    14400          153950     
       12.25000000000000  
 OBS            112
       2.36399978869274
       1.58842078498007
       1.00000000000000
 111 113 -1
obdef
loc3d
        4.94220707390035              0.68781081917460            173.94366455078119     -1
kind
     26     
    14400          153950     
       12.25000000000000  
 OBS            113
       1.44927316299125
       1.12882676818814
       1.00000000000000
 112 114 -1
obdef
loc3d
        4.92755542120837              0.68675243746254            174.61849975585940     -1
kind
     26     
    14400          153950     
       12.25000000000000  
 OBS            114
       3.36067901995196
       0.59488949313498
       1.00000000000000
 113 115 -1
obdef
loc3d
        4.93770287749180              0.68559892863867            149.84144592285159     -1
kind
     26     
    14400          153950     
       12.25000000000000  
 OBS            115
       3.45120890562916
       2.74385776343531
       1.00000000000000
 114 116 -1
obdef
loc3d
        4.92848130899840              0.69282991767383            196.64169311523440     -1
kind
     26     
    14400          153950     
       12.25000000000000  
 OBS            116
       0.79254200967449
       1.90729045582091
       1.00000000000000
 115 117 -1
obdef
loc3d
        4.94329123891126              0.66857696973652             21.80461120605469     -1
kind
     26     
    14400          153950     
       12.25000000000000  
 OBS            117
      -6.37264241151594
       0.28447517667860
       1.00000000000000
 116 118 -1
obdef
loc3d
        4.93215285315783              0.69272179551745            405.54205322265619     -1
kind
     26     
    14400          153950     
       12.25000000000000  
 OBS            118
       0.69026163121329
       1.47663426127986
       1.00000000000000
 117 119 -1
obdef
loc3d
        4.93085954966869              0.68304429171430             90.32812500000000     -1
kind
     26     
    14400          153950     
       12.25000000000000  
 OBS            119
       3.86872135333257
       1.74036255451739
       1.00000000000000
 118 120 -1
obdef
loc3d
        4.93705662369825              0.67280917017713             44.45593643188477     -1
kind
     26     
    14400          153950     
       12.25000000000000  
 OBS            120
       3.87878444702705
       1.86591321914940
       1.00000000000000
 119 121 -1
obdef
loc3d
        4.94512604639754              0.69281773274108            184.54177856445310     -1
kind
     26     
    14400          153950     
       12.25000000000000  
 OBS            121
      -1.26795568484614
       1.36943392479318
       1.00000000000000
 120 122 -1
obdef
loc3d
        4.94897278262263              0.68784055253573             58.60614395141602     -1
kind
     26     
    14400          153950     
       12.25000000000000  
 OBS            122
       4.67956997761597
       1.23714264343552
       1.00000000000000
 121 123 -1
obdef
loc3d
        4.94602769361993              0.68071046350214             21.00896453857422     -1
kind
     26     
    14400          153950     
       12.25000000000000  
 OBS            123
       5.96299948420870
       1.49006283520290
       1.00000000000000
 122 124 -1
obdef
loc3d
        4.93975094338173              0.67132086947702             44.21312713623047     -1
kind
     26     
    14400          153950     
       12.25000000000000  
 OBS            124
       3.32889396632266
       2.35064185495873
       1.00000000000000
 123 125 -1
obdef
loc3d
        4.93608481943111              0.69281990441712            165.01060485839841     -1
kind
     26     
    14400          153950     
       12.25000000000000  
 OBS            125
      -3.23723726021109
      -0.66953676252447
       1.00000000000000
 124 126 -1
obdef
loc3d
        4.92159319416735              0.69282443720594            292.33944702148438     -1
kind
     26     
    14400          153950     
       12.25000000000000  
 OBS            126
      -0.81801682828167
       1.94091021637861
       1.00000000000000
 125 127 -1
obdef
loc3d
        4.93873881518950              0.68829597049600            229.64634704589841     -1
kind
     26     
    14400          153950     
       12.25000000000000  
 OBS            127
       0.82740831044116
       2.21295295310161
       1.00000000000000
 126 128 -1
obdef
loc3d
        4.93527083413009              0.68767784768684            170.73742675781250     -1
kind
     26     
    14400          153950     
       12.25000000000000  
 OBS            128
       2.48561933108194
       4.59645022908899
       1.00000000000000
 127 129 -1
obdef
loc3d
        4.94662113618514              0.69029960200592            170.37097167968750     -1
kind
     26     
    14400          153950     
       12.25000000000000  
 OBS            129
      -0.45427976486740
       4.64668132293144
       1.00000000000000
 128 130 -1
obdef
loc3d
        4.93429249379945              0.69052021135789            149.81713867187500     -1
kind
     26     
    14400          153950     
       12.25000000000000  
 OBS            130
       3.23839999996202
       2.28585689075077
       1.00000000000000
 129 131 -1
obdef
loc3d
        4.93269049343414              0.68556567101287            183.19726562500000     -1
kind
     26     
    14400          153950     
       12.25000000000000  
 OBS            131
      -1.35725112634780
       4.42112159671979
       1.00000000000000
 130 132 -1
obdef
loc3d
        4.96102089029673              0.67774516842699             17.24609375000000     -1
kind
     26     
    14400          153950     
       12.25000000000000  
 OBS            132
       7.43352446696367
      -1.44604448437717
       1.00000000000000
 131 133 -1
obdef
loc3d
        4.95766343385975              0.68587140474105             17.20619201660156     -1
kind
     26     
    14400          153950     
       12.25000000000000  
 OBS            133
       2.70296749242074
       4.20179245535878
       1.00000000000000
 132 134 -1
obdef
loc3d
        4.96848382491262              0.66600327539335              8.93466186523438     -1
kind
     26     
    14400          153950     
       12.25000000000000  
 OBS            134
       4.69453108240944
       2.86971644852735
       1.00000000000000
 133 135 -1
obdef
loc3d
        4.95841046678131              0.68356976794003             15.00000000000000     -1
kind
     26     
    14400          153950     
       12.25000000000000  
 OBS            135
       0.91342364962376
       3.71683157330174
       1.00000000000000
 134 136 -1
obdef
loc3d
        4.95968425198686              0.67283122878530              9.91464328765869     -1
kind
     26     
    14400          153950     
       12.25000000000000  
 OBS            136
       4.28518164283510
       4.69053814193497
       1.00000000000000
 135 137 -1
obdef
loc3d
        4.95850938370535              0.67569847985950              9.09960937500000     -1
kind
     26     
    14400          153950     
       12.25000000000000  
 OBS            137
       8.47903634896477
       3.54036426330210
       1.00000000000000
 136 138 -1
obdef
loc3d
        4.96062039600501              0.68186605212913             14.00000000000000     -1
kind
     26     
    14400          153950     
       12.25000000000000  
 OBS            138
       1.66837906534802
       0.80890983555437
       1.00000000000000
 137 139 -1
obdef
loc3d
        4.96044430349621              0.68522255501691             15.00000000000000     -1
kind
     26     
    14400          153950     
       12.25000000000000  
 OBS            139
       4.37158545845388
       3.06008022654015
       1.00000000000000
 138 140 -1
obdef
loc3d
        4.95666979050607              0.68165969365477             15.07347202301025     -1
kind
     26     
    14400          153950     
       12.25000000000000  
 OBS            140
       1.34327941659730
       4.20625102587589
       1.00000000000000
 139 141 -1
obdef
loc3d
        4.96483712939352              0.66390373451953              6.00000000000000     -1
kind
     26     
    14400          153950     
       12.25000000000000  
 OBS            141
       2.14040912255106
       4.57512797831837
       1.00000000000000
 140 142 -1
obdef
loc3d
        4.96717335385836              0.67072562238302             13.76562500000000     -1
kind
     26     
    14400          153950     
       12.25000000000000  
 OBS            142
      -5.17311196807915
      -0.00875926913736
       1.00000000000000
 141 143 -1
obdef
loc3d
        4.96004611966382              0.68820120365869             15.00000000000000     -1
kind
     26     
    14400          153950     
       12.25000000000000  
 OBS            143
      -1.98438242307769
       1.61855463544239
       1.00000000000000
 142 144 -1
obdef
loc3d
        4.95406364445895              0.69009645468583             54.42578125000000     -1
kind
     26     
    14400          153950     
       12.25000000000000  
 OBS            144
       6.75376493475714
       1.44106866698546
       1.00000000000000
 143 145 -1
obdef
loc3d
        4.95508230192316              0.68705689194968              9.08530712127686     -1
kind
     26     
    14400          153950     
       12.25000000000000  
 OBS            145
      -5.79396202435785
      -0.22034176143431
       1.00000000000000
 144 146 -1
obdef
loc3d
        4.89647559039613              0.68497595921932            824.84875488281250     -1
kind
     26     
    14400          153950     
       12.25000000000000  
 OBS            146
      -0.51036910980211
      -1.90764202169274
       1.00000000000000
 145 147 -1
obdef
loc3d
        4.89667428721977              0.69273770557989            574.37286376953125     -1
kind
     26     
    14400          153950     
       12.25000000000000  
 OBS            147
       3.47322772889846
       0.10383819411963
       1.00000000000000
 146 148 -1
obdef
loc3d
        4.91583459977084              0.69278424988043            233.68589782714841     -1
kind
     26     
    14400          153950     
       12.25000000000000  
 OBS            148
      -4.53137127946552
      -2.92797665093851
       1.00000000000000
 147 149 -1
obdef
loc3d
        4.90300762067971              0.68954390300676            525.03326416015625     -1
kind
     26     
    14400          153950     
       12.25000000000000  
 OBS            149
       1.97261567203537
      -1.62726321317166
       1.00000000000000
 148 150 -1
obdef
loc3d
        4.90168560310748              0.69286223560483            711.58941650390625     -1
kind
     26     
    14400          153950     
       12.25000000000000  
 OBS            150
       1.24260569536126
      -1.14636229825584
       1.00000000000000
 149 151 -1
obdef
loc3d
        4.91091515139416              0.69052501454351            199.70848083496091     -1
kind
     26     
    14400          153950     
       12.25000000000000  
 OBS            151
     294.60679657291973
     294.40794515401598
       1.00000000000000
 150 152 -1
obdef
loc3d
        4.90540352515539              0.69194112440599            606.33142089843750     -1
kind
     27     
    14400          153950     
        6.25000000000000  
 OBS            152
     296.13826125817241
     296.62759299066101
       1.00000000000000
 151 153 -1
obdef
loc3d
        4.94546412681761              0.68348353984884             17.75631332397461     -1
kind
     27     
    14400          153950     
        6.25000000000000  
 OBS            153
     296.79969856480164
     297.48168512978600
       1.00000000000000
 152 154 -1
obdef
loc3d
        4.94660974174000              0.67744857875853             29.35406684875488     -1
kind
     27     
    14400          153950     
        6.25000000000000  
 OBS            154
     296.19527527670084
     297.34337422228703
       1.00000000000000
 153 155 -1
obdef
loc3d
        4.94648126630843              0.68652865419204             54.82812500000000     -1
kind
     27     
    14400          153950     
        6.25000000000000  
 OBS            155
     297.43040677959004
     296.94318199115997
       1.00000000000000
 154 156 -1
obdef
loc3d
        4.94445426011379              0.68507566758975             62.61011505126953     -1
kind
     27     
    14400          153950     
        6.25000000000000  
 OBS            156
     298.83527972989975
     297.52240747024598
       1.00000000000000
 155 157 -1
obdef
loc3d
        4.94602055174578              0.68752162087271            134.15721130371091     -1
kind
     27     
    14400          153950     
        6.25000000000000  
 OBS            157
     298.48907068421568
     298.24701657941699
       1.00000000000000
 156 158 -1
obdef
loc3d
        4.94603912728501              0.67254511985829             35.00297546386719     -1
kind
     27     
    14400          153950     
        6.25000000000000  
 OBS            158
     299.04634896533730
     298.38629974702798
       1.00000000000000
 157 159 -1
obdef
loc3d
        4.95877904994953              0.67986585977255             17.04111671447754     -1
kind
     27     
    14400          153950     
        6.25000000000000  
 OBS            159
     297.06658967903724
     297.50163837301500
       1.00000000000000
 158 160 -1
obdef
loc3d
        4.93958042817759              0.69095160998657            226.13127136230469     -1
kind
     27     
    14400          153950     
        6.25000000000000  
 OBS            160
     296.91169424824818
     297.32082376030002
       1.00000000000000
 159 161 -1
obdef
loc3d
        4.95756313665553              0.69181797222864             89.84997558593750     -1
kind
     27     
    14400          153950     
        6.25000000000000  
 OBS            161
     296.14577114356354
     297.24382971468299
       1.00000000000000
 160 162 -1
obdef
loc3d
        4.94078657111844              0.67409210989409             60.81152343750000     -1
kind
     27     
    14400          153950     
        6.25000000000000  
 OBS            162
     300.67955241873273
     298.98480697941199
       1.00000000000000
 161 163 -1
obdef
loc3d
        4.95557846691255              0.67267262139613              1.00000000000000     -1
kind
     27     
    14400          153950     
        6.25000000000000  
 OBS            163
     297.70315631375905
     298.26527578693299
       1.00000000000000
 162 164 -1
obdef
loc3d
        4.93193348448080              0.68856418981073            106.00000000000000     -1
kind
     27     
    14400          153950     
        6.25000000000000  
 OBS            164
     291.69878824849451
     292.64141379265300
       1.00000000000000
 163 165 -1
obdef
loc3d
        4.89970838141578              0.68765245249877            785.09423828125000     -1
kind
     27     
    14400          153950     
        6.25000000000000  
 OBS            165
     297.35626072246413
     297.12084420014099
       1.00000000000000
 164 166 -1
obdef
loc3d
        4.95026814558372              0.68993059237416             93.11567687988281     -1
kind
     27     
    14400          153950     
        6.25000000000000  
 OBS            166
     295.21900357612071
     296.77771911271998
       1.00000000000000
 165 167 -1
obdef
loc3d
        4.94174512165160              0.68484635226999            116.56585693359381     -1
kind
     27     
    14400          153950     
        6.25000000000000  
 OBS            167
     296.19947901616121
     297.47604343066098
       1.00000000000000
 166 168 -1
obdef
loc3d
        4.95420735021482              0.68473663912788             15.00000000000000     -1
kind
     27     
    14400          153950     
        6.25000000000000  
 OBS            168
     297.27845509502635
     296.41674076193902
       1.00000000000000
 167 169 -1
obdef
loc3d
        4.93477042118681              0.68310638816012            118.89588928222661     -1
kind
     27     
    14400          153950     
        6.25000000000000  
 OBS            169
     296.66979703875836
     296.41040455413201
       1.00000000000000
 168 170 -1
obdef
loc3d
        4.93795631029682              0.68276407673392            144.94107055664060     -1
kind
     27     
    14400          153950     
        6.25000000000000  
 OBS            170
     297.54397725001570
     296.54435210107101
       1.00000000000000
 169 171 -1
obdef
loc3d
        4.94001671685736              0.68064929967652             43.67281723022461     -1
kind
     27     
    14400          153950     
        6.25000000000000  
 OBS            171
     296.65350660035500
     297.32094216830598
       1.00000000000000
 170 172 -1
obdef
loc3d
        4.94058460161740              0.67807181314514             70.17810058593750     -1
kind
     27     
    14400          153950     
        6.25000000000000  
 OBS            172
     299.77684851652140
     298.15668918418402
       1.00000000000000
 171 173 -1
obdef
loc3d
        4.95423295419494              0.68033176843505              3.71636104583740     -1
kind
     27     
    14400          153950     
        6.25000000000000  
 OBS            173
     299.20754064550567
     299.74834317046799
       1.00000000000000
 172 174 -1
obdef
loc3d
        4.94926894458696              0.66642585587446             10.91526031494141     -1
kind
     27     
    14400          153950     
        6.25000000000000  
 OBS            174
     298.83950420766854
     298.75362866526598
       1.00000000000000
 173 175 -1
obdef
loc3d
        4.96223480186848              0.66700036066835              5.00000000000000     -1
kind
     27     
    14400          153950     
        6.25000000000000  
 OBS            175
     298.98360035903875
     298.18950072654002
       1.00000000000000
 174 176 -1
obdef
loc3d
        4.95546148971009              0.67729393735082              6.17724800109863     -1
kind
     27     
    14400          153950     
        6.25000000000000  
 OBS            176
     297.81357580721647
     298.06997657033497
       1.00000000000000
 175 177 -1
obdef
loc3d
        4.92652723985629              0.69051382381431            146.04148864746091     -1
kind
     27     
    14400          153950     
        6.25000000000000  
 OBS            177
     298.40845620317600
     298.49955998413702
       1.00000000000000
 176 178 -1
obdef
loc3d
        4.96366005344362              0.66920346185787              6.00000000000000     -1
kind
     27     
    14400          153950     
        6.25000000000000  
 OBS            178
     297.36768189857798
     296.83260826263199
       1.00000000000000
 177 179 -1
obdef
loc3d
        4.97052949833720              0.66907739847133              8.84140872955322     -1
kind
     27     
    14400          153950     
        6.25000000000000  
 OBS            179
     299.44447839907059
     298.43376349493599
       1.00000000000000
 178 180 -1
obdef
loc3d
        4.95272465676814              0.69285338512106             17.57446289062500     -1
kind
     27     
    14400          153950     
        6.25000000000000  
 OBS            180
     296.94981719572093
     296.96527473066197
       1.00000000000000
 179 181 -1
obdef
loc3d
        4.94895487610473              0.69270373762026            144.09075927734381     -1
kind
     27     
    14400          153950     
        6.25000000000000  
 OBS            181
     297.13046323632511
     297.39207198635597
       1.00000000000000
 180 182 -1
obdef
loc3d
        4.94293085461737              0.69053117803871            168.92642211914060     -1
kind
     27     
    14400          153950     
        6.25000000000000  
 OBS            182
     296.78482734918612
     298.29056110687702
       1.00000000000000
 181 183 -1
obdef
loc3d
        4.93556788041953              0.67027828664670             15.00000000000000     -1
kind
     27     
    14400          153950     
        6.25000000000000  
 OBS            183
     298.06068572418394
     297.68686480031101
       1.00000000000000
 182 184 -1
obdef
loc3d
        4.94611628544174              0.67496858055017             35.03607940673828     -1
kind
     27     
    14400          153950     
        6.25000000000000  
 OBS            184
     299.75746398217689
     298.13847443748000
       1.00000000000000
 183 185 -1
obdef
loc3d
        4.94304709522229              0.67138694960003             45.00000000000000     -1
kind
     27     
    14400          153950     
        6.25000000000000  
 OBS            185
     297.92927386428755
     297.44742530835902
       1.00000000000000
 184 186 -1
obdef
loc3d
        4.94323627307922              0.67609935421143             50.91764831542969     -1
kind
     27     
    14400          153950     
        6.25000000000000  
 OBS            186
     298.39706518210062
     297.27279730497202
       1.00000000000000
 185 187 -1
obdef
loc3d
        4.94382880471830              0.67878617658979             35.27229690551758     -1
kind
     27     
    14400          153950     
        6.25000000000000  
 OBS            187
     296.55860633406206
     297.01826816022401
       1.00000000000000
 186 188 -1
obdef
loc3d
        4.94220707390035              0.68781081917460            173.94366455078119     -1
kind
     27     
    14400          153950     
        6.25000000000000  
 OBS            188
     298.01276499777754
     297.16676309190399
       1.00000000000000
 187 189 -1
obdef
loc3d
        4.92755542120837              0.68675243746254            174.61849975585940     -1
kind
     27     
    14400          153950     
        6.25000000000000  
 OBS            189
     297.11482489005556
     297.07410062179201
       1.00000000000000
 188 190 -1
obdef
loc3d
        4.93770287749180              0.68559892863867            149.84144592285159     -1
kind
     27     
    14400          153950     
        6.25000000000000  
 OBS            190
     297.17719923412722
     298.31306779461698
       1.00000000000000
 189 191 -1
obdef
loc3d
        4.92848130899840              0.69282991767383            196.64169311523440     -1
kind
     27     
    14400          153950     
        6.25000000000000  
 OBS            191
     298.59438256212803
     299.39844877101700
       1.00000000000000
 190 192 -1
obdef
loc3d
        4.94329123891126              0.66857696973652             21.80461120605469     -1
kind
     27     
    14400          153950     
        6.25000000000000  
 OBS            192
     298.83569665488022
     299.81355205833898
       1.00000000000000
 191 193 -1
obdef
loc3d
        4.93215285315783              0.69272179551745            405.54205322265619     -1
kind
     27     
    14400          153950     
        6.25000000000000  
 OBS            193
     296.27613058601975
     297.08335096389499
       1.00000000000000
 192 194 -1
obdef
loc3d
        4.93085954966869              0.68304429171430             90.32812500000000     -1
kind
     27     
    14400          153950     
        6.25000000000000  
 OBS            194
     297.99481445106932
     297.38160892483501
       1.00000000000000
 193 195 -1
obdef
loc3d
        4.93705662369825              0.67280917017713             44.45593643188477     -1
kind
     27     
    14400          153950     
        6.25000000000000  
 OBS            195
     297.72707029978045
     296.59104435254801
       1.00000000000000
 194 196 -1
obdef
loc3d
        4.94512604639754              0.69281773274108            184.54177856445310     -1
kind
     27     
    14400          153950     
        6.25000000000000  
 OBS            196
     297.11948734285778
     296.82169372241100
       1.00000000000000
 195 197 -1
obdef
loc3d
        4.94897278262263              0.68784055253573             58.60614395141602     -1
kind
     27     
    14400          153950     
        6.25000000000000  
 OBS            197
     297.05586525347587
     296.64333769272599
       1.00000000000000
 196 198 -1
obdef
loc3d
        4.94602769361993              0.68071046350214             21.00896453857422     -1
kind
     27     
    14400          153950     
        6.25000000000000  
 OBS            198
     298.89445339601093
     298.22542822588701
       1.00000000000000
 197 199 -1
obdef
loc3d
        4.93975094338173              0.67132086947702             44.21312713623047     -1
kind
     27     
    14400          153950     
        6.25000000000000  
 OBS            199
     297.65849896897834
     297.59112112404699
       1.00000000000000
 198 200 -1
obdef
loc3d
        4.93608481943111              0.69281990441712            165.01060485839841     -1
kind
     27     
    14400          153950     
        6.25000000000000  
 OBS            200
     296.91298647399492
     297.77918152275799
       1.00000000000000
 199 201 -1
obdef
loc3d
        4.92159319416735              0.69282443720594            292.33944702148438     -1
kind
     27     
    14400          153950     
        6.25000000000000  
 OBS            201
     296.96213851254078
     297.29552430770701
       1.00000000000000
 200 202 -1
obdef
loc3d
        4.93873881518950              0.68829597049600            229.64634704589841     -1
kind
     27     
    14400          153950     
        6.25000000000000  
 OBS            202
     298.62577885737392
     298.51493844685098
       1.00000000000000
 201 203 -1
obdef
loc3d
        4.93527083413009              0.68767784768684            170.73742675781250     -1
kind
     27     
    14400          153950     
        6.25000000000000  
 OBS            203
     296.10415555863170
     297.30790862428199
       1.00000000000000
 202 204 -1
obdef
loc3d
        4.94662113618514              0.69029960200592            170.37097167968750     -1
kind
     27     
    14400          153950     
        6.25000000000000  
 OBS            204
     298.48549091907012
     297.99416942119200
       1.00000000000000
 203 205 -1
obdef
loc3d
        4.93429249379945              0.69052021135789            149.81713867187500     -1
kind
     27     
    14400          153950     
        6.25000000000000  
 OBS            205
     298.52380038380250
     297.79043644547698
       1.00000000000000
 204 206 -1
obdef
loc3d
        4.93269049343414              0.68556567101287            183.19726562500000     -1
kind
     27     
    14400          153950     
        6.25000000000000  
 OBS            206
     297.81360418248892
     298.67243816030901
       1.00000000000000
 205 207 -1
obdef
loc3d
        4.96102089029673              0.67774516842699             17.24609375000000     -1
kind
     27     
    14400          153950     
        6.25000000000000  
 OBS            207
     298.70661532854615
     297.78897894477501
       1.00000000000000
 206 208 -1
obdef
loc3d
        4.95766343385975              0.68587140474105             17.20619201660156     -1
kind
     27     
    14400          153950     
        6.25000000000000  
 OBS            208
     298.08719228050251
     296.94244733663402
       1.00000000000000
 207 209 -1
obdef
loc3d
        4.96848382491262              0.66600327539335              8.93466186523438     -1
kind
     27     
    14400          153950     
        6.25000000000000  
 OBS            209
     298.34638533455256
     298.39748665409701
       1.00000000000000
 208 210 -1
obdef
loc3d
        4.95841046678131              0.68356976794003             15.00000000000000     -1
kind
     27     
    14400          153950     
        6.25000000000000  
 OBS            210
     299.56611711540029
     299.06268829239798
       1.00000000000000
 209 211 -1
obdef
loc3d
        4.95968425198686              0.67283122878530              9.91464328765869     -1
kind
     27     
    14400          153950     
        6.25000000000000  
 OBS            211
     299.72479325687613
     298.48131726005101
       1.00000000000000
 210 212 -1
obdef
loc3d
        4.95850938370535              0.67569847985950              9.09960937500000     -1
kind
     27     
    14400          153950     
        6.25000000000000  
 OBS            212
     299.50944615948157
     298.78085463586001
       1.00000000000000
 211 213 -1
obdef
loc3d
        4.96062039600501              0.68186605212913             14.00000000000000     -1
kind
     27     
    14400          153950     
        6.25000000000000  
 OBS            213
     298.22330497970637
     298.46332287758003
       1.00000000000000
 212 214 -1
obdef
loc3d
        4.96044430349621              0.68522255501691             15.00000000000000     -1
kind
     27     
    14400          153950     
        6.25000000000000  
 OBS            214
     300.16367212039995
     298.14973497841902
       1.00000000000000
 213 215 -1
obdef
loc3d
        4.95666979050607              0.68165969365477             15.07347202301025     -1
kind
     27     
    14400          153950     
        6.25000000000000  
 OBS            215
     296.72108022434981
     297.85275485313502
       1.00000000000000
 214 216 -1
obdef
loc3d
        4.96483712939352              0.66390373451953              6.00000000000000     -1
kind
     27     
    14400          153950     
        6.25000000000000  
 OBS            216
     298.21859266601473
     297.91408229052200
       1.00000000000000
 215 217 -1
obdef
loc3d
        4.96717335385836              0.67072562238302             13.76562500000000     -1
kind
     27     
    14400          153950     
        6.25000000000000  
 OBS            217
     299.29463699004793
     298.30330023517200
       1.00000000000000
 216 218 -1
obdef
loc3d
        4.96004611966382              0.68820120365869             15.00000000000000     -1
kind
     27     
    14400          153950     
        6.25000000000000  
 OBS            218
     296.88082233996550
     297.08303976249999
       1.00000000000000
 217 219 -1
obdef
loc3d
        4.95406364445895              0.69009645468583             54.42578125000000     -1
kind
     27     
    14400          153950     
        6.25000000000000  
 OBS            219
     297.82333188566167
     297.90734901695998
       1.00000000000000
 218 220 -1
obdef
loc3d
        4.95508230192316              0.68705689194968              9.08530712127686     -1
kind
     27     
    14400          153950     
        6.25000000000000  
 OBS            220
     291.75253077660574
     292.16728759491599
       1.00000000000000
 219 221 -1
obdef
loc3d
        4.89647559039613              0.68497595921932            824.84875488281250     -1
kind
     27     
    14400          153950     
        6.25000000000000  
 OBS            221
     295.06829305757964
     293.17193799294802
       1.00000000000000
 220 222 -1
obdef
loc3d
        4.89667428721977              0.69273770557989            574.37286376953125     -1
kind
     27     
    14400          153950     
        6.25000000000000  
 OBS            222
     299.34700150289456
     297.22212694994499
       1.00000000000000
 221 223 -1
obdef
loc3d
        4.91583459977084              0.69278424988043            233.68589782714841     -1
kind
     27     
    14400          153950     
        6.25000000000000  
 OBS            223
     293.63872813669013
     294.76363175963598
       1.00000000000000
 222 224 -1
obdef
loc3d
        4.90300762067971              0.68954390300676            525.03326416015625     -1
kind
     27     
    14400          153950     
        6.25000000000000  
 OBS            224
     291.83372086783385
     292.79417902978400
       1.00000000000000
 223 225 -1
obdef
loc3d
        4.90168560310748              0.69286223560483            711.58941650390625     -1
kind
     27     
    14400          153950     
        6.25000000000000  
 OBS            225
     297.06329311527850
     296.93356671208397
       1.00000000000000
 224 -1 -1
obdef
loc3d
        4.91091515139416              0.69052501454351            199.70848083496091     -1
kind
     27     
    14400          153950     
        6.25000000000000  
