 obs_sequence
obs_kind_definitions
       3
    25          LAND_SFC_U_WIND_COMPONENT   
    26          LAND_SFC_V_WIND_COMPONENT   
    27          LAND_SFC_TEMPERATURE   
  num_copies:            2  num_qc:            1
 num_obs:       225  max_num_obs:       225
observations
truth
QC radar
  first:            1  last:       225
 OBS            1
      -4.72620975557601
      -1.77756793313487
       1.00000000000000
 -1 2 -1
obdef
loc3d
        4.90540352515539              0.69194112440599            606.33142089843750     -1
kind
     25     
    17100          153950     
       12.25000000000000  
 OBS            2
      -3.63107145274765
       1.78355846510191
       1.00000000000000
 1 3 -1
obdef
loc3d
        4.94546412681761              0.68348353984884             17.75631332397461     -1
kind
     25     
    17100          153950     
       12.25000000000000  
 OBS            3
       8.99635789981494
       1.93510980349008
       1.00000000000000
 2 4 -1
obdef
loc3d
        4.94660974174000              0.67744857875853             29.35406684875488     -1
kind
     25     
    17100          153950     
       12.25000000000000  
 OBS            4
       0.05732141509881
       0.08572112800147
       1.00000000000000
 3 5 -1
obdef
loc3d
        4.94648126630843              0.68652865419204             54.82812500000000     -1
kind
     25     
    17100          153950     
       12.25000000000000  
 OBS            5
       2.96615359543078
       2.24322611897210
       1.00000000000000
 4 6 -1
obdef
loc3d
        4.94445426011379              0.68507566758975             62.61011505126953     -1
kind
     25     
    17100          153950     
       12.25000000000000  
 OBS            6
      -0.19474226754663
       1.35368991299403
       1.00000000000000
 5 7 -1
obdef
loc3d
        4.94602055174578              0.68752162087271            134.15721130371091     -1
kind
     25     
    17100          153950     
       12.25000000000000  
 OBS            7
      -1.10178461980433
       1.70659585843693
       1.00000000000000
 6 8 -1
obdef
loc3d
        4.94603912728501              0.67254511985829             35.00297546386719     -1
kind
     25     
    17100          153950     
       12.25000000000000  
 OBS            8
       2.71161453211044
       1.08406872006868
       1.00000000000000
 7 9 -1
obdef
loc3d
        4.95877904994953              0.67986585977255             17.04111671447754     -1
kind
     25     
    17100          153950     
       12.25000000000000  
 OBS            9
       3.96637318486597
       3.18233963870062
       1.00000000000000
 8 10 -1
obdef
loc3d
        4.93958042817759              0.69095160998657            226.13127136230469     -1
kind
     25     
    17100          153950     
       12.25000000000000  
 OBS            10
       2.88619845875002
       2.95881780714391
       1.00000000000000
 9 11 -1
obdef
loc3d
        4.95756313665553              0.69181797222864             89.84997558593750     -1
kind
     25     
    17100          153950     
       12.25000000000000  
 OBS            11
       2.62953364819015
       2.10743787927557
       1.00000000000000
 10 12 -1
obdef
loc3d
        4.94078657111844              0.67409210989409             60.81152343750000     -1
kind
     25     
    17100          153950     
       12.25000000000000  
 OBS            12
       3.41412791429472
       1.17132861779821
       1.00000000000000
 11 13 -1
obdef
loc3d
        4.95557846691255              0.67267262139613              1.00000000000000     -1
kind
     25     
    17100          153950     
       12.25000000000000  
 OBS            13
      -0.46272973539638
       1.67268784312233
       1.00000000000000
 12 14 -1
obdef
loc3d
        4.93193348448080              0.68856418981073            106.00000000000000     -1
kind
     25     
    17100          153950     
       12.25000000000000  
 OBS            14
       2.56131711120868
       2.52393564231086
       1.00000000000000
 13 15 -1
obdef
loc3d
        4.89970838141578              0.68765245249877            785.09423828125000     -1
kind
     25     
    17100          153950     
       12.25000000000000  
 OBS            15
       5.39812260915919
      -0.21938194723876
       1.00000000000000
 14 16 -1
obdef
loc3d
        4.95026814558372              0.68993059237416             93.11567687988281     -1
kind
     25     
    17100          153950     
       12.25000000000000  
 OBS            16
       3.72259781131027
       0.85094611410018
       1.00000000000000
 15 17 -1
obdef
loc3d
        4.94174512165160              0.68484635226999            116.56585693359381     -1
kind
     25     
    17100          153950     
       12.25000000000000  
 OBS            17
      -5.29179792159561
       0.09704335417583
       1.00000000000000
 16 18 -1
obdef
loc3d
        4.95420735021482              0.68473663912788             15.00000000000000     -1
kind
     25     
    17100          153950     
       12.25000000000000  
 OBS            18
       1.17148575682472
       1.18829653078352
       1.00000000000000
 17 19 -1
obdef
loc3d
        4.93477042118681              0.68310638816012            118.89588928222661     -1
kind
     25     
    17100          153950     
       12.25000000000000  
 OBS            19
       0.09854880738316
       1.87744890489214
       1.00000000000000
 18 20 -1
obdef
loc3d
        4.93795631029682              0.68276407673392            144.94107055664060     -1
kind
     25     
    17100          153950     
       12.25000000000000  
 OBS            20
       0.99784362018745
       1.32402538234372
       1.00000000000000
 19 21 -1
obdef
loc3d
        4.94001671685736              0.68064929967652             43.67281723022461     -1
kind
     25     
    17100          153950     
       12.25000000000000  
 OBS            21
       0.30499978530855
       1.52857695019176
       1.00000000000000
 20 22 -1
obdef
loc3d
        4.94058460161740              0.67807181314514             70.17810058593750     -1
kind
     25     
    17100          153950     
       12.25000000000000  
 OBS            22
       3.16975916674123
       0.57104275285938
       1.00000000000000
 21 23 -1
obdef
loc3d
        4.95423295419494              0.68033176843505              3.71636104583740     -1
kind
     25     
    17100          153950     
       12.25000000000000  
 OBS            23
      -4.71686840607483
       1.93067292307901
       1.00000000000000
 22 24 -1
obdef
loc3d
        4.94926894458696              0.66642585587446             10.91526031494141     -1
kind
     25     
    17100          153950     
       12.25000000000000  
 OBS            24
      -1.73230981550485
       2.13785480576910
       1.00000000000000
 23 25 -1
obdef
loc3d
        4.96223480186848              0.66700036066835              5.00000000000000     -1
kind
     25     
    17100          153950     
       12.25000000000000  
 OBS            25
      -3.13166906003391
       0.56234182878665
       1.00000000000000
 24 26 -1
obdef
loc3d
        4.95546148971009              0.67729393735082              6.17724800109863     -1
kind
     25     
    17100          153950     
       12.25000000000000  
 OBS            26
       7.54077786917409
       3.39060437596971
       1.00000000000000
 25 27 -1
obdef
loc3d
        4.92652723985629              0.69051382381431            146.04148864746091     -1
kind
     25     
    17100          153950     
       12.25000000000000  
 OBS            27
       1.83786121967726
       1.82421107186817
       1.00000000000000
 26 28 -1
obdef
loc3d
        4.96366005344362              0.66920346185787              6.00000000000000     -1
kind
     25     
    17100          153950     
       12.25000000000000  
 OBS            28
       3.36316190914797
       1.42144276601476
       1.00000000000000
 27 29 -1
obdef
loc3d
        4.97052949833720              0.66907739847133              8.84140872955322     -1
kind
     25     
    17100          153950     
       12.25000000000000  
 OBS            29
       5.98828010734412
       2.77918649707047
       1.00000000000000
 28 30 -1
obdef
loc3d
        4.93505853489354              0.69035668900909            163.38452148437500     -1
kind
     25     
    17100          153950     
       12.25000000000000  
 OBS            30
      -0.17984125505939
       2.38534514131866
       1.00000000000000
 29 31 -1
obdef
loc3d
        4.93979773523841              0.67259214116167             45.00000000000000     -1
kind
     25     
    17100          153950     
       12.25000000000000  
 OBS            31
       4.33721523061152
       3.60736184797340
       1.00000000000000
 30 32 -1
obdef
loc3d
        4.92901815402419              0.68818595396932            126.56063842773440     -1
kind
     25     
    17100          153950     
       12.25000000000000  
 OBS            32
       2.26970920814863
       3.69997483766458
       1.00000000000000
 31 33 -1
obdef
loc3d
        4.92864050752959              0.68988490592333            360.09008789062500     -1
kind
     25     
    17100          153950     
       12.25000000000000  
 OBS            33
      -0.37370000525381
       2.72015713202489
       1.00000000000000
 32 34 -1
obdef
loc3d
        4.94071794293451              0.68880476183725            173.77728271484381     -1
kind
     25     
    17100          153950     
       12.25000000000000  
 OBS            34
       3.15258177066960
       1.68284304301769
       1.00000000000000
 33 35 -1
obdef
loc3d
        4.94475069255349              0.67936922784321             17.10044860839844     -1
kind
     25     
    17100          153950     
       12.25000000000000  
 OBS            35
      -2.43429579961209
       0.67226011084765
       1.00000000000000
 34 36 -1
obdef
loc3d
        4.93040524362615              0.68956958577383            472.38653564453119     -1
kind
     25     
    17100          153950     
       12.25000000000000  
 OBS            36
       2.89082191978647
       2.35634568187584
       1.00000000000000
 35 37 -1
obdef
loc3d
        4.93438788521233              0.68743777381223            157.39462280273440     -1
kind
     25     
    17100          153950     
       12.25000000000000  
 OBS            37
      -6.14595667136119
      -1.71529717225817
       1.00000000000000
 36 38 -1
obdef
loc3d
        4.93003537520636              0.69083454089469            382.75677490234381     -1
kind
     25     
    17100          153950     
       12.25000000000000  
 OBS            38
       2.28635898064035
       0.78944213668350
       1.00000000000000
 37 39 -1
obdef
loc3d
        4.94262489165251              0.68702513034102            130.29710388183591     -1
kind
     25     
    17100          153950     
       12.25000000000000  
 OBS            39
      -1.45565003271293
       1.46946939547177
       1.00000000000000
 38 40 -1
obdef
loc3d
        4.93100113789334              0.68653549583784             94.66114807128906     -1
kind
     25     
    17100          153950     
       12.25000000000000  
 OBS            40
      -0.80568166216437
       1.27887388292853
       1.00000000000000
 39 41 -1
obdef
loc3d
        4.94000002935902              0.67612888350011             59.69976806640625     -1
kind
     25     
    17100          153950     
       12.25000000000000  
 OBS            41
       3.13868270972895
       3.17824772451356
       1.00000000000000
 40 42 -1
obdef
loc3d
        4.94231604692662              0.69077376274482            190.83442687988281     -1
kind
     25     
    17100          153950     
       12.25000000000000  
 OBS            42
       3.24782933911800
       1.12905647503163
       1.00000000000000
 41 43 -1
obdef
loc3d
        4.93554247635603              0.69268257167582            131.09960937500000     -1
kind
     25     
    17100          153950     
       12.25000000000000  
 OBS            43
      -0.25051833956950
       2.35286358780129
       1.00000000000000
 42 44 -1
obdef
loc3d
        4.94069913477896              0.68279864123905            131.77731323242190     -1
kind
     25     
    17100          153950     
       12.25000000000000  
 OBS            44
       3.99149283492883
       2.08790362189935
       1.00000000000000
 43 45 -1
obdef
loc3d
        4.94367854378329              0.67420565331297             56.55799865722656     -1
kind
     25     
    17100          153950     
       12.25000000000000  
 OBS            45
      -0.11980346395633
       1.33547483818736
       1.00000000000000
 44 46 -1
obdef
loc3d
        4.93814984943932              0.67457436016830             39.55386734008789     -1
kind
     25     
    17100          153950     
       12.25000000000000  
 OBS            46
       2.79412840830992
       1.97172763365655
       1.00000000000000
 45 47 -1
obdef
loc3d
        4.94253566982520              0.68065092526894             48.56933593750000     -1
kind
     25     
    17100          153950     
       12.25000000000000  
 OBS            47
       0.80749978840792
       1.70975627891563
       1.00000000000000
 46 48 -1
obdef
loc3d
        4.93593154408741              0.68080949477360             85.35743713378906     -1
kind
     25     
    17100          153950     
       12.25000000000000  
 OBS            48
       2.18663051738819
       1.92221286085894
       1.00000000000000
 47 49 -1
obdef
loc3d
        4.94758068519446              0.69282395273635            179.51908874511719     -1
kind
     25     
    17100          153950     
       12.25000000000000  
 OBS            49
       0.77985642581889
       0.96009011702129
       1.00000000000000
 48 50 -1
obdef
loc3d
        4.93541634697774              0.67261831698898             21.54207611083984     -1
kind
     25     
    17100          153950     
       12.25000000000000  
 OBS            50
       1.14765928613743
       1.64739552312799
       1.00000000000000
 49 51 -1
obdef
loc3d
        4.93342752395137              0.68533697059699            120.48287200927730     -1
kind
     25     
    17100          153950     
       12.25000000000000  
 OBS            51
       3.25709049214986
       0.94543827238879
       1.00000000000000
 50 52 -1
obdef
loc3d
        4.92811551620144              0.69141391763145            189.00242614746091     -1
kind
     25     
    17100          153950     
       12.25000000000000  
 OBS            52
       0.60629137621006
       2.08915178023772
       1.00000000000000
 51 53 -1
obdef
loc3d
        4.94328780634786              0.67761918906629             21.61136627197266     -1
kind
     25     
    17100          153950     
       12.25000000000000  
 OBS            53
       6.16595669110529
       4.31232644348743
       1.00000000000000
 52 54 -1
obdef
loc3d
        4.93617130041664              0.68578341426755            199.41349792480469     -1
kind
     25     
    17100          153950     
       12.25000000000000  
 OBS            54
       2.14434348380697
       1.74995692571028
       1.00000000000000
 53 55 -1
obdef
loc3d
        4.94488890698391              0.68151038983677             42.34177017211914     -1
kind
     25     
    17100          153950     
       12.25000000000000  
 OBS            55
       0.21585818843387
       1.49228127710552
       1.00000000000000
 54 56 -1
obdef
loc3d
        4.94610769319308              0.67540343249948             44.88281250000000     -1
kind
     25     
    17100          153950     
       12.25000000000000  
 OBS            56
       6.04608515284532
       3.87953656106861
       1.00000000000000
 55 57 -1
obdef
loc3d
        4.93098289428918              0.69278368564599            411.59194946289062     -1
kind
     25     
    17100          153950     
       12.25000000000000  
 OBS            57
       3.53782334611234
       1.47602847390650
       1.00000000000000
 56 58 -1
obdef
loc3d
        4.93746284305807              0.67295620864423             44.45593643188477     -1
kind
     25     
    17100          153950     
       12.25000000000000  
 OBS            58
       4.21097001713171
       3.01988992034803
       1.00000000000000
 57 59 -1
obdef
loc3d
        4.93742549337872              0.68866580079864            241.84100341796881     -1
kind
     25     
    17100          153950     
       12.25000000000000  
 OBS            59
       1.43441350071718
       2.08486648816136
       1.00000000000000
 58 60 -1
obdef
loc3d
        4.94310367286119              0.67063823067780             37.30942153930664     -1
kind
     25     
    17100          153950     
       12.25000000000000  
 OBS            60
       0.78359049627651
      -0.30421938015451
       1.00000000000000
 59 61 -1
obdef
loc3d
        4.94312354358950              0.69286317278749            201.84664916992190     -1
kind
     25     
    17100          153950     
       12.25000000000000  
 OBS            61
       0.19066391252884
       0.42239265711130
       1.00000000000000
 60 62 -1
obdef
loc3d
        4.93202293942753              0.69056809921756            124.38476562500000     -1
kind
     25     
    17100          153950     
       12.25000000000000  
 OBS            62
       6.78394351019984
       1.68407838066050
       1.00000000000000
 61 63 -1
obdef
loc3d
        4.93852899085493              0.69282303339671            210.85327148437500     -1
kind
     25     
    17100          153950     
       12.25000000000000  
 OBS            63
       2.68542127762504
       3.73982448452457
       1.00000000000000
 62 64 -1
obdef
loc3d
        4.93925110381924              0.68654477021234            169.40324401855469     -1
kind
     25     
    17100          153950     
       12.25000000000000  
 OBS            64
      -1.98375897798058
       0.30205617211748
       1.00000000000000
 63 65 -1
obdef
loc3d
        4.94561300163474              0.69021407942450            101.67103576660161     -1
kind
     25     
    17100          153950     
       12.25000000000000  
 OBS            65
       3.21958084848379
       1.31273266316681
       1.00000000000000
 64 66 -1
obdef
loc3d
        4.94677761419795              0.66921213830349             30.00000000000000     -1
kind
     25     
    17100          153950     
       12.25000000000000  
 OBS            66
       3.11709669056132
       1.64908565286685
       1.00000000000000
 65 67 -1
obdef
loc3d
        4.91464000802058              0.69220313236118            256.98049926757812     -1
kind
     25     
    17100          153950     
       12.25000000000000  
 OBS            67
       8.11386049046905
      -0.25968678821814
       1.00000000000000
 66 68 -1
obdef
loc3d
        4.91222840493483              0.69213090540308            311.66015625000000     -1
kind
     25     
    17100          153950     
       12.25000000000000  
 OBS            68
      -0.70394558318330
       0.39078406711684
       1.00000000000000
 67 69 -1
obdef
loc3d
        4.90319820253832              0.69077085029214            558.21520996093750     -1
kind
     25     
    17100          153950     
       12.25000000000000  
 OBS            69
       2.26215243097871
      -0.29443634778788
       1.00000000000000
 68 70 -1
obdef
loc3d
        4.90548367400941              0.68961427180382            340.45385742187500     -1
kind
     25     
    17100          153950     
       12.25000000000000  
 OBS            70
      -0.16172214395987
      -0.29044697367746
       1.00000000000000
 69 71 -1
obdef
loc3d
        4.90182808691748              0.69286665451088            711.58941650390625     -1
kind
     25     
    17100          153950     
       12.25000000000000  
 OBS            71
      -1.39802410031686
      -0.22439676674583
       1.00000000000000
 70 72 -1
obdef
loc3d
        4.92199514385413              0.69211089395115            185.84292602539060     -1
kind
     25     
    17100          153950     
       12.25000000000000  
 OBS            72
       0.30940276022090
       1.88593482102208
       1.00000000000000
 71 73 -1
obdef
loc3d
        4.91709198426003              0.69266703903771            205.88345336914060     -1
kind
     25     
    17100          153950     
       12.25000000000000  
 OBS            73
       1.99427104719804
       1.04622210539457
       1.00000000000000
 72 74 -1
obdef
loc3d
        4.91305125126208              0.69031483822850            320.48217773437500     -1
kind
     25     
    17100          153950     
       12.25000000000000  
 OBS            74
      -2.13448742228562
      -0.90451183839669
       1.00000000000000
 73 75 -1
obdef
loc3d
        4.90918301095293              0.69233086407935            229.95614624023440     -1
kind
     25     
    17100          153950     
       12.25000000000000  
 OBS            75
       4.03351837422121
       1.28067108390204
       1.00000000000000
 74 76 -1
obdef
loc3d
        4.90002894620424              0.69031812013417            840.25653076171875     -1
kind
     25     
    17100          153950     
       12.25000000000000  
 OBS            76
       0.47654437672193
       0.81379454725810
       1.00000000000000
 75 77 -1
obdef
loc3d
        4.90540352515539              0.69194112440599            606.33142089843750     -1
kind
     26     
    17100          153950     
       12.25000000000000  
 OBS            77
      -0.13686279937261
       1.05904866299533
       1.00000000000000
 76 78 -1
obdef
loc3d
        4.94546412681761              0.68348353984884             17.75631332397461     -1
kind
     26     
    17100          153950     
       12.25000000000000  
 OBS            78
       3.54576862629894
       1.31520853593252
       1.00000000000000
 77 79 -1
obdef
loc3d
        4.94660974174000              0.67744857875853             29.35406684875488     -1
kind
     26     
    17100          153950     
       12.25000000000000  
 OBS            79
       2.82439659207614
       1.45594321182138
       1.00000000000000
 78 80 -1
obdef
loc3d
        4.94648126630843              0.68652865419204             54.82812500000000     -1
kind
     26     
    17100          153950     
       12.25000000000000  
 OBS            80
       0.31510627523141
       1.74024754227010
       1.00000000000000
 79 81 -1
obdef
loc3d
        4.94445426011379              0.68507566758975             62.61011505126953     -1
kind
     26     
    17100          153950     
       12.25000000000000  
 OBS            81
       4.68615325465005
       1.77212813375235
       1.00000000000000
 80 82 -1
obdef
loc3d
        4.94602055174578              0.68752162087271            134.15721130371091     -1
kind
     26     
    17100          153950     
       12.25000000000000  
 OBS            82
      -1.93671225528724
       1.62014877750721
       1.00000000000000
 81 83 -1
obdef
loc3d
        4.94603912728501              0.67254511985829             35.00297546386719     -1
kind
     26     
    17100          153950     
       12.25000000000000  
 OBS            83
       3.84615352244688
       2.81222573654173
       1.00000000000000
 82 84 -1
obdef
loc3d
        4.95877904994953              0.67986585977255             17.04111671447754     -1
kind
     26     
    17100          153950     
       12.25000000000000  
 OBS            84
       1.32571978337399
       2.34143996636422
       1.00000000000000
 83 85 -1
obdef
loc3d
        4.93958042817759              0.69095160998657            226.13127136230469     -1
kind
     26     
    17100          153950     
       12.25000000000000  
 OBS            85
       0.46135933693669
       2.50197989998571
       1.00000000000000
 84 86 -1
obdef
loc3d
        4.95756313665553              0.69181797222864             89.84997558593750     -1
kind
     26     
    17100          153950     
       12.25000000000000  
 OBS            86
       3.20722747514755
       1.27211901350871
       1.00000000000000
 85 87 -1
obdef
loc3d
        4.94078657111844              0.67409210989409             60.81152343750000     -1
kind
     26     
    17100          153950     
       12.25000000000000  
 OBS            87
      -2.59635143925490
       3.86924424281811
       1.00000000000000
 86 88 -1
obdef
loc3d
        4.95557846691255              0.67267262139613              1.00000000000000     -1
kind
     26     
    17100          153950     
       12.25000000000000  
 OBS            88
       4.45319075332751
       2.17559542311677
       1.00000000000000
 87 89 -1
obdef
loc3d
        4.93193348448080              0.68856418981073            106.00000000000000     -1
kind
     26     
    17100          153950     
       12.25000000000000  
 OBS            89
       0.48270066380807
      -2.89637717246609
       1.00000000000000
 88 90 -1
obdef
loc3d
        4.89970838141578              0.68765245249877            785.09423828125000     -1
kind
     26     
    17100          153950     
       12.25000000000000  
 OBS            90
       0.19088553470271
       2.56673577667482
       1.00000000000000
 89 91 -1
obdef
loc3d
        4.95026814558372              0.68993059237416             93.11567687988281     -1
kind
     26     
    17100          153950     
       12.25000000000000  
 OBS            91
       2.95680259071494
       1.94064275619857
       1.00000000000000
 90 92 -1
obdef
loc3d
        4.94174512165160              0.68484635226999            116.56585693359381     -1
kind
     26     
    17100          153950     
       12.25000000000000  
 OBS            92
      -1.16789109394264
       0.89400609759776
       1.00000000000000
 91 93 -1
obdef
loc3d
        4.95420735021482              0.68473663912788             15.00000000000000     -1
kind
     26     
    17100          153950     
       12.25000000000000  
 OBS            93
       4.21589039473900
       0.44184489888863
       1.00000000000000
 92 94 -1
obdef
loc3d
        4.93477042118681              0.68310638816012            118.89588928222661     -1
kind
     26     
    17100          153950     
       12.25000000000000  
 OBS            94
       4.48685521588587
       1.32882133055746
       1.00000000000000
 93 95 -1
obdef
loc3d
        4.93795631029682              0.68276407673392            144.94107055664060     -1
kind
     26     
    17100          153950     
       12.25000000000000  
 OBS            95
       0.56848783449055
       1.41666309889170
       1.00000000000000
 94 96 -1
obdef
loc3d
        4.94001671685736              0.68064929967652             43.67281723022461     -1
kind
     26     
    17100          153950     
       12.25000000000000  
 OBS            96
       2.05363726846374
       2.52188190318369
       1.00000000000000
 95 97 -1
obdef
loc3d
        4.94058460161740              0.67807181314514             70.17810058593750     -1
kind
     26     
    17100          153950     
       12.25000000000000  
 OBS            97
      -0.93207178916115
       2.40462128388370
       1.00000000000000
 96 98 -1
obdef
loc3d
        4.95423295419494              0.68033176843505              3.71636104583740     -1
kind
     26     
    17100          153950     
       12.25000000000000  
 OBS            98
       5.52722534556284
       3.61091971324209
       1.00000000000000
 97 99 -1
obdef
loc3d
        4.94926894458696              0.66642585587446             10.91526031494141     -1
kind
     26     
    17100          153950     
       12.25000000000000  
 OBS            99
       7.30077947518902
       4.25103565370478
       1.00000000000000
 98 100 -1
obdef
loc3d
        4.96223480186848              0.66700036066835              5.00000000000000     -1
kind
     26     
    17100          153950     
       12.25000000000000  
 OBS            100
      -2.31185391342054
       2.87975857094776
       1.00000000000000
 99 101 -1
obdef
loc3d
        4.95546148971009              0.67729393735082              6.17724800109863     -1
kind
     26     
    17100          153950     
       12.25000000000000  
 OBS            101
       0.12137644747364
       0.17950577441427
       1.00000000000000
 100 102 -1
obdef
loc3d
        4.92652723985629              0.69051382381431            146.04148864746091     -1
kind
     26     
    17100          153950     
       12.25000000000000  
 OBS            102
       2.81560927471787
       4.02800213022128
       1.00000000000000
 101 103 -1
obdef
loc3d
        4.96366005344362              0.66920346185787              6.00000000000000     -1
kind
     26     
    17100          153950     
       12.25000000000000  
 OBS            103
      -0.47273034986786
       4.23128016518282
       1.00000000000000
 102 104 -1
obdef
loc3d
        4.97052949833720              0.66907739847133              8.84140872955322     -1
kind
     26     
    17100          153950     
       12.25000000000000  
 OBS            104
       0.71537312475116
       2.08372832297875
       1.00000000000000
 103 105 -1
obdef
loc3d
        4.93505853489354              0.69035668900909            163.38452148437500     -1
kind
     26     
    17100          153950     
       12.25000000000000  
 OBS            105
       1.87595390715621
       0.49761672615544
       1.00000000000000
 104 106 -1
obdef
loc3d
        4.93979773523841              0.67259214116167             45.00000000000000     -1
kind
     26     
    17100          153950     
       12.25000000000000  
 OBS            106
       1.38862569356801
       0.07106113535786
       1.00000000000000
 105 107 -1
obdef
loc3d
        4.92901815402419              0.68818595396932            126.56063842773440     -1
kind
     26     
    17100          153950     
       12.25000000000000  
 OBS            107
       2.36706958786177
       1.03978979260736
       1.00000000000000
 106 108 -1
obdef
loc3d
        4.92864050752959              0.68988490592333            360.09008789062500     -1
kind
     26     
    17100          153950     
       12.25000000000000  
 OBS            108
       1.91448691245362
       2.00038914612624
       1.00000000000000
 107 109 -1
obdef
loc3d
        4.94071794293451              0.68880476183725            173.77728271484381     -1
kind
     26     
    17100          153950     
       12.25000000000000  
 OBS            109
       1.59814710058035
       1.65074230185921
       1.00000000000000
 108 110 -1
obdef
loc3d
        4.94475069255349              0.67936922784321             17.10044860839844     -1
kind
     26     
    17100          153950     
       12.25000000000000  
 OBS            110
       2.27700527381123
      -0.31312508187060
       1.00000000000000
 109 111 -1
obdef
loc3d
        4.93040524362615              0.68956958577383            472.38653564453119     -1
kind
     26     
    17100          153950     
       12.25000000000000  
 OBS            111
       2.91850532357974
       1.79974117660566
       1.00000000000000
 110 112 -1
obdef
loc3d
        4.93438788521233              0.68743777381223            157.39462280273440     -1
kind
     26     
    17100          153950     
       12.25000000000000  
 OBS            112
       2.74641730208359
       0.17186323045124
       1.00000000000000
 111 113 -1
obdef
loc3d
        4.93003537520636              0.69083454089469            382.75677490234381     -1
kind
     26     
    17100          153950     
       12.25000000000000  
 OBS            113
      -1.11945193150151
       1.14739525011023
       1.00000000000000
 112 114 -1
obdef
loc3d
        4.94262489165251              0.68702513034102            130.29710388183591     -1
kind
     26     
    17100          153950     
       12.25000000000000  
 OBS            114
       7.01657409544872
       1.03390136885176
       1.00000000000000
 113 115 -1
obdef
loc3d
        4.93100113789334              0.68653549583784             94.66114807128906     -1
kind
     26     
    17100          153950     
       12.25000000000000  
 OBS            115
       2.95257460076182
       2.42370149781452
       1.00000000000000
 114 116 -1
obdef
loc3d
        4.94000002935902              0.67612888350011             59.69976806640625     -1
kind
     26     
    17100          153950     
       12.25000000000000  
 OBS            116
      -0.57885096108228
       1.44748925143816
       1.00000000000000
 115 117 -1
obdef
loc3d
        4.94231604692662              0.69077376274482            190.83442687988281     -1
kind
     26     
    17100          153950     
       12.25000000000000  
 OBS            117
       0.18590909643484
       0.19813827289478
       1.00000000000000
 116 118 -1
obdef
loc3d
        4.93554247635603              0.69268257167582            131.09960937500000     -1
kind
     26     
    17100          153950     
       12.25000000000000  
 OBS            118
      -0.95119516992670
       1.75991590078729
       1.00000000000000
 117 119 -1
obdef
loc3d
        4.94069913477896              0.68279864123905            131.77731323242190     -1
kind
     26     
    17100          153950     
       12.25000000000000  
 OBS            119
       1.60835260000039
       1.10619297962186
       1.00000000000000
 118 120 -1
obdef
loc3d
        4.94367854378329              0.67420565331297             56.55799865722656     -1
kind
     26     
    17100          153950     
       12.25000000000000  
 OBS            120
       2.31098164230798
       2.61301507124026
       1.00000000000000
 119 121 -1
obdef
loc3d
        4.93814984943932              0.67457436016830             39.55386734008789     -1
kind
     26     
    17100          153950     
       12.25000000000000  
 OBS            121
      -0.99431948445850
       1.41799521708977
       1.00000000000000
 120 122 -1
obdef
loc3d
        4.94253566982520              0.68065092526894             48.56933593750000     -1
kind
     26     
    17100          153950     
       12.25000000000000  
 OBS            122
       1.27005473554908
       1.20034229566956
       1.00000000000000
 121 123 -1
obdef
loc3d
        4.93593154408741              0.68080949477360             85.35743713378906     -1
kind
     26     
    17100          153950     
       12.25000000000000  
 OBS            123
       1.71925705549665
       1.39953187370474
       1.00000000000000
 122 124 -1
obdef
loc3d
        4.94758068519446              0.69282395273635            179.51908874511719     -1
kind
     26     
    17100          153950     
       12.25000000000000  
 OBS            124
       3.30480078689819
       2.04135246199710
       1.00000000000000
 123 125 -1
obdef
loc3d
        4.93541634697774              0.67261831698898             21.54207611083984     -1
kind
     26     
    17100          153950     
       12.25000000000000  
 OBS            125
      -0.00297937711545
       0.57635039640748
       1.00000000000000
 124 126 -1
obdef
loc3d
        4.93342752395137              0.68533697059699            120.48287200927730     -1
kind
     26     
    17100          153950     
       12.25000000000000  
 OBS            126
       4.21382212496749
       1.07744451959668
       1.00000000000000
 125 127 -1
obdef
loc3d
        4.92811551620144              0.69141391763145            189.00242614746091     -1
kind
     26     
    17100          153950     
       12.25000000000000  
 OBS            127
       2.66880979451045
       1.93413823666546
       1.00000000000000
 126 128 -1
obdef
loc3d
        4.94328780634786              0.67761918906629             21.61136627197266     -1
kind
     26     
    17100          153950     
       12.25000000000000  
 OBS            128
       0.85492216202661
       0.40662051775557
       1.00000000000000
 127 129 -1
obdef
loc3d
        4.93617130041664              0.68578341426755            199.41349792480469     -1
kind
     26     
    17100          153950     
       12.25000000000000  
 OBS            129
      -1.14062035377512
       1.39937775595045
       1.00000000000000
 128 130 -1
obdef
loc3d
        4.94488890698391              0.68151038983677             42.34177017211914     -1
kind
     26     
    17100          153950     
       12.25000000000000  
 OBS            130
       2.17759402847827
       1.43248850888434
       1.00000000000000
 129 131 -1
obdef
loc3d
        4.94610769319308              0.67540343249948             44.88281250000000     -1
kind
     26     
    17100          153950     
       12.25000000000000  
 OBS            131
      -0.24633333524820
       0.50118847397174
       1.00000000000000
 130 132 -1
obdef
loc3d
        4.93098289428918              0.69278368564599            411.59194946289062     -1
kind
     26     
    17100          153950     
       12.25000000000000  
 OBS            132
       0.92991330989115
       1.76410679504024
       1.00000000000000
 131 133 -1
obdef
loc3d
        4.93746284305807              0.67295620864423             44.45593643188477     -1
kind
     26     
    17100          153950     
       12.25000000000000  
 OBS            133
       2.73859639986420
       1.53778358974280
       1.00000000000000
 132 134 -1
obdef
loc3d
        4.93742549337872              0.68866580079864            241.84100341796881     -1
kind
     26     
    17100          153950     
       12.25000000000000  
 OBS            134
       2.13003576664467
       0.90640391034836
       1.00000000000000
 133 135 -1
obdef
loc3d
        4.94310367286119              0.67063823067780             37.30942153930664     -1
kind
     26     
    17100          153950     
       12.25000000000000  
 OBS            135
      -3.95411166045477
      -0.57068845086550
       1.00000000000000
 134 136 -1
obdef
loc3d
        4.94312354358950              0.69286317278749            201.84664916992190     -1
kind
     26     
    17100          153950     
       12.25000000000000  
 OBS            136
      -0.27202169269706
       0.47445084341685
       1.00000000000000
 135 137 -1
obdef
loc3d
        4.93202293942753              0.69056809921756            124.38476562500000     -1
kind
     26     
    17100          153950     
       12.25000000000000  
 OBS            137
       0.31763094518307
       1.89375943264930
       1.00000000000000
 136 138 -1
obdef
loc3d
        4.93852899085493              0.69282303339671            210.85327148437500     -1
kind
     26     
    17100          153950     
       12.25000000000000  
 OBS            138
       0.51109660144046
       1.20556084392198
       1.00000000000000
 137 139 -1
obdef
loc3d
        4.93925110381924              0.68654477021234            169.40324401855469     -1
kind
     26     
    17100          153950     
       12.25000000000000  
 OBS            139
       4.45836395485392
       1.66313640007922
       1.00000000000000
 138 140 -1
obdef
loc3d
        4.94561300163474              0.69021407942450            101.67103576660161     -1
kind
     26     
    17100          153950     
       12.25000000000000  
 OBS            140
       4.20498439377654
       2.70812955088892
       1.00000000000000
 139 141 -1
obdef
loc3d
        4.94677761419795              0.66921213830349             30.00000000000000     -1
kind
     26     
    17100          153950     
       12.25000000000000  
 OBS            141
       0.27219675557423
      -0.83820055475908
       1.00000000000000
 140 142 -1
obdef
loc3d
        4.91464000802058              0.69220313236118            256.98049926757812     -1
kind
     26     
    17100          153950     
       12.25000000000000  
 OBS            142
      -8.42411908371951
      -0.65089121104896
       1.00000000000000
 141 143 -1
obdef
loc3d
        4.91222840493483              0.69213090540308            311.66015625000000     -1
kind
     26     
    17100          153950     
       12.25000000000000  
 OBS            143
      -3.60849934658507
      -2.00345490804200
       1.00000000000000
 142 144 -1
obdef
loc3d
        4.90319820253832              0.69077085029214            558.21520996093750     -1
kind
     26     
    17100          153950     
       12.25000000000000  
 OBS            144
      -1.08312864681325
      -0.08634648210551
       1.00000000000000
 143 145 -1
obdef
loc3d
        4.90548367400941              0.68961427180382            340.45385742187500     -1
kind
     26     
    17100          153950     
       12.25000000000000  
 OBS            145
      -7.64866485289866
      -0.76616189698238
       1.00000000000000
 144 146 -1
obdef
loc3d
        4.90182808691748              0.69286665451088            711.58941650390625     -1
kind
     26     
    17100          153950     
       12.25000000000000  
 OBS            146
      -4.46656713092363
      -1.99311411484140
       1.00000000000000
 145 147 -1
obdef
loc3d
        4.92199514385413              0.69211089395115            185.84292602539060     -1
kind
     26     
    17100          153950     
       12.25000000000000  
 OBS            147
      -3.08434498434817
      -1.20150989459340
       1.00000000000000
 146 148 -1
obdef
loc3d
        4.91709198426003              0.69266703903771            205.88345336914060     -1
kind
     26     
    17100          153950     
       12.25000000000000  
 OBS            148
      -0.25809759672235
      -1.68884176564738
       1.00000000000000
 147 149 -1
obdef
loc3d
        4.91305125126208              0.69031483822850            320.48217773437500     -1
kind
     26     
    17100          153950     
       12.25000000000000  
 OBS            149
      -2.83233628590381
      -0.01658745180669
       1.00000000000000
 148 150 -1
obdef
loc3d
        4.90918301095293              0.69233086407935            229.95614624023440     -1
kind
     26     
    17100          153950     
       12.25000000000000  
 OBS            150
      -1.27992599710046
      -2.17665781389325
       1.00000000000000
 149 151 -1
obdef
loc3d
        4.90002894620424              0.69031812013417            840.25653076171875     -1
kind
     26     
    17100          153950     
       12.25000000000000  
 OBS            151
     294.54170099329929
     293.78348599925499
       1.00000000000000
 150 152 -1
obdef
loc3d
        4.90540352515539              0.69194112440599            606.33142089843750     -1
kind
     27     
    17100          153950     
        6.25000000000000  
 OBS            152
     296.70894998383335
     296.30597423691103
       1.00000000000000
 151 153 -1
obdef
loc3d
        4.94546412681761              0.68348353984884             17.75631332397461     -1
kind
     27     
    17100          153950     
        6.25000000000000  
 OBS            153
     296.94759016744854
     297.10590331145301
       1.00000000000000
 152 154 -1
obdef
loc3d
        4.94660974174000              0.67744857875853             29.35406684875488     -1
kind
     27     
    17100          153950     
        6.25000000000000  
 OBS            154
     298.41888177267259
     296.88172192990100
       1.00000000000000
 153 155 -1
obdef
loc3d
        4.94648126630843              0.68652865419204             54.82812500000000     -1
kind
     27     
    17100          153950     
        6.25000000000000  
 OBS            155
     297.59284122477794
     296.68442733154700
       1.00000000000000
 154 156 -1
obdef
loc3d
        4.94445426011379              0.68507566758975             62.61011505126953     -1
kind
     27     
    17100          153950     
        6.25000000000000  
 OBS            156
     295.76416559614427
     297.14717548756602
       1.00000000000000
 155 157 -1
obdef
loc3d
        4.94602055174578              0.68752162087271            134.15721130371091     -1
kind
     27     
    17100          153950     
        6.25000000000000  
 OBS            157
     299.04445779299704
     297.94709393180898
       1.00000000000000
 156 158 -1
obdef
loc3d
        4.94603912728501              0.67254511985829             35.00297546386719     -1
kind
     27     
    17100          153950     
        6.25000000000000  
 OBS            158
     297.97250014126104
     298.04929357519802
       1.00000000000000
 157 159 -1
obdef
loc3d
        4.95877904994953              0.67986585977255             17.04111671447754     -1
kind
     27     
    17100          153950     
        6.25000000000000  
 OBS            159
     296.02166269706674
     296.97181970396798
       1.00000000000000
 158 160 -1
obdef
loc3d
        4.93958042817759              0.69095160998657            226.13127136230469     -1
kind
     27     
    17100          153950     
        6.25000000000000  
 OBS            160
     299.07856300454114
     297.52598946816300
       1.00000000000000
 159 161 -1
obdef
loc3d
        4.95756313665553              0.69181797222864             89.84997558593750     -1
kind
     27     
    17100          153950     
        6.25000000000000  
 OBS            161
     296.47594673025037
     297.47262027690101
       1.00000000000000
 160 162 -1
obdef
loc3d
        4.94078657111844              0.67409210989409             60.81152343750000     -1
kind
     27     
    17100          153950     
        6.25000000000000  
 OBS            162
     299.90793073287125
     298.92822076806499
       1.00000000000000
 161 163 -1
obdef
loc3d
        4.95557846691255              0.67267262139613              1.00000000000000     -1
kind
     27     
    17100          153950     
        6.25000000000000  
 OBS            163
     298.10710830915184
     297.80842187392500
       1.00000000000000
 162 164 -1
obdef
loc3d
        4.93193348448080              0.68856418981073            106.00000000000000     -1
kind
     27     
    17100          153950     
        6.25000000000000  
 OBS            164
     292.65793039435766
     292.40489153477802
       1.00000000000000
 163 165 -1
obdef
loc3d
        4.89970838141578              0.68765245249877            785.09423828125000     -1
kind
     27     
    17100          153950     
        6.25000000000000  
 OBS            165
     296.78413626802632
     296.71171820309002
       1.00000000000000
 164 166 -1
obdef
loc3d
        4.95026814558372              0.68993059237416             93.11567687988281     -1
kind
     27     
    17100          153950     
        6.25000000000000  
 OBS            166
     297.21136759742717
     296.29612485730303
       1.00000000000000
 165 167 -1
obdef
loc3d
        4.94174512165160              0.68484635226999            116.56585693359381     -1
kind
     27     
    17100          153950     
        6.25000000000000  
 OBS            167
     297.00819228483795
     297.08144145543997
       1.00000000000000
 166 168 -1
obdef
loc3d
        4.95420735021482              0.68473663912788             15.00000000000000     -1
kind
     27     
    17100          153950     
        6.25000000000000  
 OBS            168
     295.81690367897500
     296.65988991111197
       1.00000000000000
 167 169 -1
obdef
loc3d
        4.93477042118681              0.68310638816012            118.89588928222661     -1
kind
     27     
    17100          153950     
        6.25000000000000  
 OBS            169
     298.24063280082999
     296.24042809259498
       1.00000000000000
 168 170 -1
obdef
loc3d
        4.93795631029682              0.68276407673392            144.94107055664060     -1
kind
     27     
    17100          153950     
        6.25000000000000  
 OBS            170
     296.75246141291535
     296.59727579186102
       1.00000000000000
 169 171 -1
obdef
loc3d
        4.94001671685736              0.68064929967652             43.67281723022461     -1
kind
     27     
    17100          153950     
        6.25000000000000  
 OBS            171
     297.12708273177822
     297.44154128601002
       1.00000000000000
 170 172 -1
obdef
loc3d
        4.94058460161740              0.67807181314514             70.17810058593750     -1
kind
     27     
    17100          153950     
        6.25000000000000  
 OBS            172
     297.70669968399528
     297.76647217805100
       1.00000000000000
 171 173 -1
obdef
loc3d
        4.95423295419494              0.68033176843505              3.71636104583740     -1
kind
     27     
    17100          153950     
        6.25000000000000  
 OBS            173
     301.18302466672623
     299.90725564068100
       1.00000000000000
 172 174 -1
obdef
loc3d
        4.94926894458696              0.66642585587446             10.91526031494141     -1
kind
     27     
    17100          153950     
        6.25000000000000  
 OBS            174
     298.93202108824414
     298.67262596903100
       1.00000000000000
 173 175 -1
obdef
loc3d
        4.96223480186848              0.66700036066835              5.00000000000000     -1
kind
     27     
    17100          153950     
        6.25000000000000  
 OBS            175
     298.10189185267649
     297.69942454112203
       1.00000000000000
 174 176 -1
obdef
loc3d
        4.95546148971009              0.67729393735082              6.17724800109863     -1
kind
     27     
    17100          153950     
        6.25000000000000  
 OBS            176
     299.49125630482968
     298.19043780221000
       1.00000000000000
 175 177 -1
obdef
loc3d
        4.92652723985629              0.69051382381431            146.04148864746091     -1
kind
     27     
    17100          153950     
        6.25000000000000  
 OBS            177
     298.77743479675860
     298.23816856305399
       1.00000000000000
 176 178 -1
obdef
loc3d
        4.96366005344362              0.66920346185787              6.00000000000000     -1
kind
     27     
    17100          153950     
        6.25000000000000  
 OBS            178
     296.79135370989752
     296.76298084516702
       1.00000000000000
 177 179 -1
obdef
loc3d
        4.97052949833720              0.66907739847133              8.84140872955322     -1
kind
     27     
    17100          153950     
        6.25000000000000  
 OBS            179
     295.96237423911668
     297.52512228077501
       1.00000000000000
 178 180 -1
obdef
loc3d
        4.93505853489354              0.69035668900909            163.38452148437500     -1
kind
     27     
    17100          153950     
        6.25000000000000  
 OBS            180
     297.61477528077171
     297.80508509584899
       1.00000000000000
 179 181 -1
obdef
loc3d
        4.93979773523841              0.67259214116167             45.00000000000000     -1
kind
     27     
    17100          153950     
        6.25000000000000  
 OBS            181
     297.47545948774774
     297.37594823285201
       1.00000000000000
 180 182 -1
obdef
loc3d
        4.92901815402419              0.68818595396932            126.56063842773440     -1
kind
     27     
    17100          153950     
        6.25000000000000  
 OBS            182
     298.99597389255598
     297.35248290958299
       1.00000000000000
 181 183 -1
obdef
loc3d
        4.92864050752959              0.68988490592333            360.09008789062500     -1
kind
     27     
    17100          153950     
        6.25000000000000  
 OBS            183
     297.09926292111595
     297.20097901568698
       1.00000000000000
 182 184 -1
obdef
loc3d
        4.94071794293451              0.68880476183725            173.77728271484381     -1
kind
     27     
    17100          153950     
        6.25000000000000  
 OBS            184
     299.74206032689830
     296.89306119210897
       1.00000000000000
 183 185 -1
obdef
loc3d
        4.94475069255349              0.67936922784321             17.10044860839844     -1
kind
     27     
    17100          153950     
        6.25000000000000  
 OBS            185
     295.45854971154802
     296.51970282583000
       1.00000000000000
 184 186 -1
obdef
loc3d
        4.93040524362615              0.68956958577383            472.38653564453119     -1
kind
     27     
    17100          153950     
        6.25000000000000  
 OBS            186
     298.74045644260730
     297.56656471200000
       1.00000000000000
 185 187 -1
obdef
loc3d
        4.93438788521233              0.68743777381223            157.39462280273440     -1
kind
     27     
    17100          153950     
        6.25000000000000  
 OBS            187
     294.89731689382552
     296.23111970177700
       1.00000000000000
 186 188 -1
obdef
loc3d
        4.93003537520636              0.69083454089469            382.75677490234381     -1
kind
     27     
    17100          153950     
        6.25000000000000  
 OBS            188
     295.44547185741374
     296.74757775443697
       1.00000000000000
 187 189 -1
obdef
loc3d
        4.94262489165251              0.68702513034102            130.29710388183591     -1
kind
     27     
    17100          153950     
        6.25000000000000  
 OBS            189
     298.65412057039390
     296.61534334908100
       1.00000000000000
 188 190 -1
obdef
loc3d
        4.93100113789334              0.68653549583784             94.66114807128906     -1
kind
     27     
    17100          153950     
        6.25000000000000  
 OBS            190
     298.29077784506484
     297.44564758497000
       1.00000000000000
 189 191 -1
obdef
loc3d
        4.94000002935902              0.67612888350011             59.69976806640625     -1
kind
     27     
    17100          153950     
        6.25000000000000  
 OBS            191
     295.88538532182963
     297.12378368021501
       1.00000000000000
 190 192 -1
obdef
loc3d
        4.94231604692662              0.69077376274482            190.83442687988281     -1
kind
     27     
    17100          153950     
        6.25000000000000  
 OBS            192
     297.68832117868203
     297.66839495289202
       1.00000000000000
 191 193 -1
obdef
loc3d
        4.93554247635603              0.69268257167582            131.09960937500000     -1
kind
     27     
    17100          153950     
        6.25000000000000  
 OBS            193
     295.69942585718934
     296.25652350307098
       1.00000000000000
 192 194 -1
obdef
loc3d
        4.94069913477896              0.68279864123905            131.77731323242190     -1
kind
     27     
    17100          153950     
        6.25000000000000  
 OBS            194
     298.07967927600725
     297.09608476507600
       1.00000000000000
 193 195 -1
obdef
loc3d
        4.94367854378329              0.67420565331297             56.55799865722656     -1
kind
     27     
    17100          153950     
        6.25000000000000  
 OBS            195
     296.68311008871359
     297.77430706371598
       1.00000000000000
 194 196 -1
obdef
loc3d
        4.93814984943932              0.67457436016830             39.55386734008789     -1
kind
     27     
    17100          153950     
        6.25000000000000  
 OBS            196
     297.47642866386991
     296.56921943565601
       1.00000000000000
 195 197 -1
obdef
loc3d
        4.94253566982520              0.68065092526894             48.56933593750000     -1
kind
     27     
    17100          153950     
        6.25000000000000  
 OBS            197
     296.80332791409319
     296.93565438280399
       1.00000000000000
 196 198 -1
obdef
loc3d
        4.93593154408741              0.68080949477360             85.35743713378906     -1
kind
     27     
    17100          153950     
        6.25000000000000  
 OBS            198
     297.03666398842557
     296.55032850985702
       1.00000000000000
 197 199 -1
obdef
loc3d
        4.94758068519446              0.69282395273635            179.51908874511719     -1
kind
     27     
    17100          153950     
        6.25000000000000  
 OBS            199
     295.82532532290827
     297.82721543537701
       1.00000000000000
 198 200 -1
obdef
loc3d
        4.93541634697774              0.67261831698898             21.54207611083984     -1
kind
     27     
    17100          153950     
        6.25000000000000  
 OBS            200
     298.29727612109656
     297.34486848758502
       1.00000000000000
 199 201 -1
obdef
loc3d
        4.93342752395137              0.68533697059699            120.48287200927730     -1
kind
     27     
    17100          153950     
        6.25000000000000  
 OBS            201
     296.58371782132889
     297.08279515282300
       1.00000000000000
 200 202 -1
obdef
loc3d
        4.92811551620144              0.69141391763145            189.00242614746091     -1
kind
     27     
    17100          153950     
        6.25000000000000  
 OBS            202
     297.69037733613249
     297.46705337449100
       1.00000000000000
 201 203 -1
obdef
loc3d
        4.94328780634786              0.67761918906629             21.61136627197266     -1
kind
     27     
    17100          153950     
        6.25000000000000  
 OBS            203
     298.16000562752356
     297.40583658102599
       1.00000000000000
 202 204 -1
obdef
loc3d
        4.93617130041664              0.68578341426755            199.41349792480469     -1
kind
     27     
    17100          153950     
        6.25000000000000  
 OBS            204
     296.87687387920579
     296.27012112636498
       1.00000000000000
 203 205 -1
obdef
loc3d
        4.94488890698391              0.68151038983677             42.34177017211914     -1
kind
     27     
    17100          153950     
        6.25000000000000  
 OBS            205
     296.58260366132828
     297.09562067226602
       1.00000000000000
 204 206 -1
obdef
loc3d
        4.94610769319308              0.67540343249948             44.88281250000000     -1
kind
     27     
    17100          153950     
        6.25000000000000  
 OBS            206
     298.09692796520744
     297.28431150199901
       1.00000000000000
 205 207 -1
obdef
loc3d
        4.93098289428918              0.69278368564599            411.59194946289062     -1
kind
     27     
    17100          153950     
        6.25000000000000  
 OBS            207
     298.17071163265439
     297.68766496281597
       1.00000000000000
 206 208 -1
obdef
loc3d
        4.93746284305807              0.67295620864423             44.45593643188477     -1
kind
     27     
    17100          153950     
        6.25000000000000  
 OBS            208
     298.80127656120891
     297.25442605561500
       1.00000000000000
 207 209 -1
obdef
loc3d
        4.93742549337872              0.68866580079864            241.84100341796881     -1
kind
     27     
    17100          153950     
        6.25000000000000  
 OBS            209
     298.38406032326395
     297.84566597170999
       1.00000000000000
 208 210 -1
obdef
loc3d
        4.94310367286119              0.67063823067780             37.30942153930664     -1
kind
     27     
    17100          153950     
        6.25000000000000  
 OBS            210
     295.49670567685945
     296.90921295580102
       1.00000000000000
 209 211 -1
obdef
loc3d
        4.94312354358950              0.69286317278749            201.84664916992190     -1
kind
     27     
    17100          153950     
        6.25000000000000  
 OBS            211
     298.42797497311557
     298.88396432960002
       1.00000000000000
 210 212 -1
obdef
loc3d
        4.93202293942753              0.69056809921756            124.38476562500000     -1
kind
     27     
    17100          153950     
        6.25000000000000  
 OBS            212
     298.65993386209794
     296.99340616513302
       1.00000000000000
 211 213 -1
obdef
loc3d
        4.93852899085493              0.69282303339671            210.85327148437500     -1
kind
     27     
    17100          153950     
        6.25000000000000  
 OBS            213
     297.74663348680048
     297.75259161956802
       1.00000000000000
 212 214 -1
obdef
loc3d
        4.93925110381924              0.68654477021234            169.40324401855469     -1
kind
     27     
    17100          153950     
        6.25000000000000  
 OBS            214
     299.05729601493698
     297.22655653161002
       1.00000000000000
 213 215 -1
obdef
loc3d
        4.94561300163474              0.69021407942450            101.67103576660161     -1
kind
     27     
    17100          153950     
        6.25000000000000  
 OBS            215
     300.89698777032532
     299.64152069100498
       1.00000000000000
 214 216 -1
obdef
loc3d
        4.94677761419795              0.66921213830349             30.00000000000000     -1
kind
     27     
    17100          153950     
        6.25000000000000  
 OBS            216
     296.06828540054448
     296.18819628026199
       1.00000000000000
 215 217 -1
obdef
loc3d
        4.91464000802058              0.69220313236118            256.98049926757812     -1
kind
     27     
    17100          153950     
        6.25000000000000  
 OBS            217
     294.22494575128349
     296.30573353009498
       1.00000000000000
 216 218 -1
obdef
loc3d
        4.91222840493483              0.69213090540308            311.66015625000000     -1
kind
     27     
    17100          153950     
        6.25000000000000  
 OBS            218
     291.67990565819252
     292.06453500776098
       1.00000000000000
 217 219 -1
obdef
loc3d
        4.90319820253832              0.69077085029214            558.21520996093750     -1
kind
     27     
    17100          153950     
        6.25000000000000  
 OBS            219
     296.93648347444810
     295.87346937283201
       1.00000000000000
 218 220 -1
obdef
loc3d
        4.90548367400941              0.68961427180382            340.45385742187500     -1
kind
     27     
    17100          153950     
        6.25000000000000  
 OBS            220
     292.96944799789128
     292.36834645887501
       1.00000000000000
 219 221 -1
obdef
loc3d
        4.90182808691748              0.69286665451088            711.58941650390625     -1
kind
     27     
    17100          153950     
        6.25000000000000  
 OBS            221
     299.56741818177011
     297.05689309352402
       1.00000000000000
 220 222 -1
obdef
loc3d
        4.92199514385413              0.69211089395115            185.84292602539060     -1
kind
     27     
    17100          153950     
        6.25000000000000  
 OBS            222
     296.21201172978800
     297.37660353773100
       1.00000000000000
 221 223 -1
obdef
loc3d
        4.91709198426003              0.69266703903771            205.88345336914060     -1
kind
     27     
    17100          153950     
        6.25000000000000  
 OBS            223
     298.80189349358017
     296.25905853399399
       1.00000000000000
 222 224 -1
obdef
loc3d
        4.91305125126208              0.69031483822850            320.48217773437500     -1
kind
     27     
    17100          153950     
        6.25000000000000  
 OBS            224
     296.87192799207759
     296.68995507446800
       1.00000000000000
 223 225 -1
obdef
loc3d
        4.90918301095293              0.69233086407935            229.95614624023440     -1
kind
     27     
    17100          153950     
        6.25000000000000  
 OBS            225
     291.45246314109096
     291.50497387002599
       1.00000000000000
 224 -1 -1
obdef
loc3d
        4.90002894620424              0.69031812013417            840.25653076171875     -1
kind
     27     
    17100          153950     
        6.25000000000000  
