 obs_sequence
obs_kind_definitions
       3
    25          LAND_SFC_U_WIND_COMPONENT   
    26          LAND_SFC_V_WIND_COMPONENT   
    27          LAND_SFC_TEMPERATURE   
  num_copies:            2  num_qc:            1
 num_obs:       225  max_num_obs:       225
observations
truth
QC radar
  first:            1  last:       225
 OBS            1
      -0.13922516077910
       4.26042169884258
       1.00000000000000
 -1 2 -1
obdef
loc3d
        4.90540352515539              0.69194112440599            606.33142089843750     -1
kind
     25     
    2700          153950     
       12.25000000000000  
 OBS            2
       5.43341093133262
       1.26890820381552
       1.00000000000000
 1 3 -1
obdef
loc3d
        4.94546412681761              0.68348353984884             17.75631332397461     -1
kind
     25     
    2700          153950     
       12.25000000000000  
 OBS            3
       3.46186466023007
       1.41885627185082
       1.00000000000000
 2 4 -1
obdef
loc3d
        4.94660974174000              0.67744857875853             29.35406684875488     -1
kind
     25     
    2700          153950     
       12.25000000000000  
 OBS            4
      -2.03562627230641
       0.80887095501949
       1.00000000000000
 3 5 -1
obdef
loc3d
        4.94648126630843              0.68652865419204             54.82812500000000     -1
kind
     25     
    2700          153950     
       12.25000000000000  
 OBS            5
      -0.55956236728774
       0.09417573461735
       1.00000000000000
 4 6 -1
obdef
loc3d
        4.94445426011379              0.68507566758975             62.61011505126953     -1
kind
     25     
    2700          153950     
       12.25000000000000  
 OBS            6
      -1.15670259944132
       0.24100445782947
       1.00000000000000
 5 7 -1
obdef
loc3d
        4.94602055174578              0.68752162087271            134.15721130371091     -1
kind
     25     
    2700          153950     
       12.25000000000000  
 OBS            7
       1.55185999578621
       0.29607799351116
       1.00000000000000
 6 8 -1
obdef
loc3d
        4.94603912728501              0.67254511985829             35.00297546386719     -1
kind
     25     
    2700          153950     
       12.25000000000000  
 OBS            8
       2.24937396802540
       3.66867641255124
       1.00000000000000
 7 9 -1
obdef
loc3d
        4.95877904994953              0.67986585977255             17.04111671447754     -1
kind
     25     
    2700          153950     
       12.25000000000000  
 OBS            9
      -2.21942850799300
       0.10531576327432
       1.00000000000000
 8 10 -1
obdef
loc3d
        4.93958042817759              0.69095160998657            226.13127136230469     -1
kind
     25     
    2700          153950     
       12.25000000000000  
 OBS            10
       0.48624590951872
       2.74157093448703
       1.00000000000000
 9 11 -1
obdef
loc3d
        4.95756313665553              0.69181797222864             89.84997558593750     -1
kind
     25     
    2700          153950     
       12.25000000000000  
 OBS            11
      -3.03408387394154
       0.00873411949829
       1.00000000000000
 10 12 -1
obdef
loc3d
        4.94078657111844              0.67409210989409             60.81152343750000     -1
kind
     25     
    2700          153950     
       12.25000000000000  
 OBS            12
       2.09259913344376
       1.85656609944607
       1.00000000000000
 11 13 -1
obdef
loc3d
        4.95557846691255              0.67267262139613              1.00000000000000     -1
kind
     25     
    2700          153950     
       12.25000000000000  
 OBS            13
       2.37145955385377
       2.29415923841668
       1.00000000000000
 12 14 -1
obdef
loc3d
        4.93193348448080              0.68856418981073            106.00000000000000     -1
kind
     25     
    2700          153950     
       12.25000000000000  
 OBS            14
      -1.23972963911648
       2.58975281008315
       1.00000000000000
 13 15 -1
obdef
loc3d
        4.89970838141578              0.68765245249877            785.09423828125000     -1
kind
     25     
    2700          153950     
       12.25000000000000  
 OBS            15
       3.10888698086690
       1.30204107970468
       1.00000000000000
 14 16 -1
obdef
loc3d
        4.95026814558372              0.68993059237416             93.11567687988281     -1
kind
     25     
    2700          153950     
       12.25000000000000  
 OBS            16
      -1.55560478545228
       1.57949767711376
       1.00000000000000
 15 17 -1
obdef
loc3d
        4.94174512165160              0.68484635226999            116.56585693359381     -1
kind
     25     
    2700          153950     
       12.25000000000000  
 OBS            17
      -1.67007257817854
       1.84962184198875
       1.00000000000000
 16 18 -1
obdef
loc3d
        4.95420735021482              0.68473663912788             15.00000000000000     -1
kind
     25     
    2700          153950     
       12.25000000000000  
 OBS            18
       1.51645699958512
       0.28170757765627
       1.00000000000000
 17 19 -1
obdef
loc3d
        4.93477042118681              0.68310638816012            118.89588928222661     -1
kind
     25     
    2700          153950     
       12.25000000000000  
 OBS            19
      -2.32195257891324
       1.37439628114124
       1.00000000000000
 18 20 -1
obdef
loc3d
        4.93795631029682              0.68276407673392            144.94107055664060     -1
kind
     25     
    2700          153950     
       12.25000000000000  
 OBS            20
       2.28829460332193
       1.23371212380077
       1.00000000000000
 19 21 -1
obdef
loc3d
        4.94001671685736              0.68064929967652             43.67281723022461     -1
kind
     25     
    2700          153950     
       12.25000000000000  
 OBS            21
      -2.82431206756684
       0.11758809779659
       1.00000000000000
 20 22 -1
obdef
loc3d
        4.94058460161740              0.67807181314514             70.17810058593750     -1
kind
     25     
    2700          153950     
       12.25000000000000  
 OBS            22
      -0.35577997533613
       0.53893329584459
       1.00000000000000
 21 23 -1
obdef
loc3d
        4.95423295419494              0.68033176843505              3.71636104583740     -1
kind
     25     
    2700          153950     
       12.25000000000000  
 OBS            23
      -0.64514365214496
      -0.46480532171208
       1.00000000000000
 22 24 -1
obdef
loc3d
        4.94926894458696              0.66642585587446             10.91526031494141     -1
kind
     25     
    2700          153950     
       12.25000000000000  
 OBS            24
      -1.00478763713515
       0.09271730485458
       1.00000000000000
 23 25 -1
obdef
loc3d
        4.96223480186848              0.66700036066835              5.00000000000000     -1
kind
     25     
    2700          153950     
       12.25000000000000  
 OBS            25
       0.88583312078554
       0.70546275334176
       1.00000000000000
 24 26 -1
obdef
loc3d
        4.95546148971009              0.67729393735082              6.17724800109863     -1
kind
     25     
    2700          153950     
       12.25000000000000  
 OBS            26
       0.64236393134521
       0.82475395480072
       1.00000000000000
 25 27 -1
obdef
loc3d
        4.92652723985629              0.69051382381431            146.04148864746091     -1
kind
     25     
    2700          153950     
       12.25000000000000  
 OBS            27
       3.97463030738786
       0.31051339274204
       1.00000000000000
 26 28 -1
obdef
loc3d
        4.96366005344362              0.66920346185787              6.00000000000000     -1
kind
     25     
    2700          153950     
       12.25000000000000  
 OBS            28
       0.54247055610228
       1.13438472346146
       1.00000000000000
 27 29 -1
obdef
loc3d
        4.97052949833720              0.66907739847133              8.84140872955322     -1
kind
     25     
    2700          153950     
       12.25000000000000  
 OBS            29
       0.07252775374167
       1.06479384884339
       1.00000000000000
 28 30 -1
obdef
loc3d
        4.93727739535368              0.69277976810143            187.24655151367190     -1
kind
     25     
    2700          153950     
       12.25000000000000  
 OBS            30
       0.56719415537461
       1.01476694830930
       1.00000000000000
 29 31 -1
obdef
loc3d
        4.94575592838423              0.68143846111579             35.01654815673828     -1
kind
     25     
    2700          153950     
       12.25000000000000  
 OBS            31
      -1.03759842008560
       2.00120428458457
       1.00000000000000
 30 32 -1
obdef
loc3d
        4.93184075890513              0.68784163962489             92.58054351806641     -1
kind
     25     
    2700          153950     
       12.25000000000000  
 OBS            32
      -2.77128985891963
       0.69869303236828
       1.00000000000000
 31 33 -1
obdef
loc3d
        4.94081711590956              0.68854862967758            162.55853271484381     -1
kind
     25     
    2700          153950     
       12.25000000000000  
 OBS            33
      -1.60138617814930
       0.59932945480853
       1.00000000000000
 32 34 -1
obdef
loc3d
        4.94249854456299              0.67650785339572             60.39866638183594     -1
kind
     25     
    2700          153950     
       12.25000000000000  
 OBS            34
       1.08467896235232
       1.31485026019616
       1.00000000000000
 33 35 -1
obdef
loc3d
        4.93162931041089              0.68282844530430             93.04485321044922     -1
kind
     25     
    2700          153950     
       12.25000000000000  
 OBS            35
       1.73816935114268
       2.05665332224830
       1.00000000000000
 34 36 -1
obdef
loc3d
        4.93293180012842              0.69147876068069            106.50605773925780     -1
kind
     25     
    2700          153950     
       12.25000000000000  
 OBS            36
      -1.62244911446313
       0.04819620146338
       1.00000000000000
 35 37 -1
obdef
loc3d
        4.94231542915734              0.67925336633936             45.80761718750000     -1
kind
     25     
    2700          153950     
       12.25000000000000  
 OBS            37
       0.35260581868796
      -0.08410537168615
       1.00000000000000
 36 38 -1
obdef
loc3d
        4.94267046375275              0.67009027494016             28.73577499389648     -1
kind
     25     
    2700          153950     
       12.25000000000000  
 OBS            38
      -2.30587906689506
       0.44912566429401
       1.00000000000000
 37 39 -1
obdef
loc3d
        4.95301390972552              0.69283749825579             93.74549102783203     -1
kind
     25     
    2700          153950     
       12.25000000000000  
 OBS            39
       1.96995076761593
      -0.22367625202496
       1.00000000000000
 38 40 -1
obdef
loc3d
        4.93993476658470              0.67588412939320             29.35707092285156     -1
kind
     25     
    2700          153950     
       12.25000000000000  
 OBS            40
      -3.66096633560716
       0.07339320395287
       1.00000000000000
 39 41 -1
obdef
loc3d
        4.93755681423869              0.67212761520231             23.80049896240234     -1
kind
     25     
    2700          153950     
       12.25000000000000  
 OBS            41
       2.05740547124522
       1.44764389334727
       1.00000000000000
 40 42 -1
obdef
loc3d
        4.93524778363115              0.68687961042640            201.53530883789060     -1
kind
     25     
    2700          153950     
       12.25000000000000  
 OBS            42
       7.95684182810462
       1.12164485628390
       1.00000000000000
 41 43 -1
obdef
loc3d
        4.94487715611266              0.69284945127485            184.54177856445310     -1
kind
     25     
    2700          153950     
       12.25000000000000  
 OBS            43
      -3.27571370517839
      -0.10580350610300
       1.00000000000000
 42 44 -1
obdef
loc3d
        4.93574679201688              0.68074234291388             92.12267303466797     -1
kind
     25     
    2700          153950     
       12.25000000000000  
 OBS            44
      -2.10433837417356
       1.90153516950851
       1.00000000000000
 43 45 -1
obdef
loc3d
        4.93948311897746              0.68677523412020            143.54531860351560     -1
kind
     25     
    2700          153950     
       12.25000000000000  
 OBS            45
      -1.27729493262553
       1.60720906529509
       1.00000000000000
 44 46 -1
obdef
loc3d
        4.93535147134114              0.68874818734546            154.91955566406250     -1
kind
     25     
    2700          153950     
       12.25000000000000  
 OBS            46
       2.09987648781679
       0.09446024980773
       1.00000000000000
 45 47 -1
obdef
loc3d
        4.93998720508067              0.67099618858999             15.00000000000000     -1
kind
     25     
    2700          153950     
       12.25000000000000  
 OBS            47
       1.24162791062549
       2.36774452911250
       1.00000000000000
 46 48 -1
obdef
loc3d
        4.95377154670010              0.68841616298427              1.00000000000000     -1
kind
     25     
    2700          153950     
       12.25000000000000  
 OBS            48
       0.20636408087043
       1.16305472867028
       1.00000000000000
 47 49 -1
obdef
loc3d
        4.94369600674710              0.67424831199146             56.55799865722656     -1
kind
     25     
    2700          153950     
       12.25000000000000  
 OBS            49
       1.45737758932427
      -1.02052714689300
       1.00000000000000
 48 50 -1
obdef
loc3d
        4.94554915949750              0.67592825057405             27.37830162048340     -1
kind
     25     
    2700          153950     
       12.25000000000000  
 OBS            50
       0.94624374774848
       1.22095520354275
       1.00000000000000
 49 51 -1
obdef
loc3d
        4.93817225910204              0.68863985936718            220.11502075195310     -1
kind
     25     
    2700          153950     
       12.25000000000000  
 OBS            51
       2.30458199832517
      -0.94934017522811
       1.00000000000000
 50 52 -1
obdef
loc3d
        4.94679227765370              0.67424304503817             25.38815879821777     -1
kind
     25     
    2700          153950     
       12.25000000000000  
 OBS            52
       1.46586066832581
       0.08171392735126
       1.00000000000000
 51 53 -1
obdef
loc3d
        4.93825175772606              0.67415674930066             45.00000000000000     -1
kind
     25     
    2700          153950     
       12.25000000000000  
 OBS            53
       4.78474215184309
       1.53877585453935
       1.00000000000000
 52 54 -1
obdef
loc3d
        4.94311892630401              0.68721450203000            155.69055175781250     -1
kind
     25     
    2700          153950     
       12.25000000000000  
 OBS            54
      -1.75372927879860
      -0.36294716117517
       1.00000000000000
 53 55 -1
obdef
loc3d
        4.94449382724881              0.67792071808206             14.15527343750000     -1
kind
     25     
    2700          153950     
       12.25000000000000  
 OBS            55
      -3.42677464449092
      -0.76977463898202
       1.00000000000000
 54 56 -1
obdef
loc3d
        4.94565692959859              0.66987151098961             30.00000000000000     -1
kind
     25     
    2700          153950     
       12.25000000000000  
 OBS            56
       0.51456129398560
       1.39847361686292
       1.00000000000000
 55 57 -1
obdef
loc3d
        4.93623940611723              0.68485115788194            160.48159790039060     -1
kind
     25     
    2700          153950     
       12.25000000000000  
 OBS            57
      -2.62434575535930
       0.31534129709254
       1.00000000000000
 56 58 -1
obdef
loc3d
        4.93207688179052              0.69191340558627            266.88421630859381     -1
kind
     25     
    2700          153950     
       12.25000000000000  
 OBS            58
       1.87618334311870
       1.07789165609400
       1.00000000000000
 57 59 -1
obdef
loc3d
        4.94337184525690              0.69048472086632            168.92642211914060     -1
kind
     25     
    2700          153950     
       12.25000000000000  
 OBS            59
       3.29911468363540
       4.43653821986399
       1.00000000000000
 58 60 -1
obdef
loc3d
        4.93083275656657              0.69156409584246            530.37139892578125     -1
kind
     25     
    2700          153950     
       12.25000000000000  
 OBS            60
      -2.05861692307246
       0.18770061722466
       1.00000000000000
 59 61 -1
obdef
loc3d
        4.93576715774405              0.67026358084744             15.00000000000000     -1
kind
     25     
    2700          153950     
       12.25000000000000  
 OBS            61
       6.72383609666327
       1.87807676508662
       1.00000000000000
 60 62 -1
obdef
loc3d
        4.94676264345478              0.69035499858378            170.37097167968750     -1
kind
     25     
    2700          153950     
       12.25000000000000  
 OBS            62
      -0.11916844725230
       0.45876569037738
       1.00000000000000
 61 63 -1
obdef
loc3d
        4.94046883892718              0.69230960363225            232.29916381835940     -1
kind
     25     
    2700          153950     
       12.25000000000000  
 OBS            63
      -2.44222578852331
      -0.11761923866313
       1.00000000000000
 62 64 -1
obdef
loc3d
        4.94668005348904              0.66792517272334             30.00000000000000     -1
kind
     25     
    2700          153950     
       12.25000000000000  
 OBS            64
       4.92550503600386
       4.60533123999183
       1.00000000000000
 63 65 -1
obdef
loc3d
        4.93142664351951              0.69067116425814            352.18109130859381     -1
kind
     25     
    2700          153950     
       12.25000000000000  
 OBS            65
       6.44766726694025
       2.41441443130384
       1.00000000000000
 64 66 -1
obdef
loc3d
        4.93315860158957              0.69236546390432            148.09797668457031     -1
kind
     25     
    2700          153950     
       12.25000000000000  
 OBS            66
       0.02824626104376
       0.76580389219891
       1.00000000000000
 65 67 -1
obdef
loc3d
        4.94330474517536              0.68101851702487             28.94674682617188     -1
kind
     25     
    2700          153950     
       12.25000000000000  
 OBS            67
       4.76081762759931
       1.05193226161126
       1.00000000000000
 66 68 -1
obdef
loc3d
        4.93900329796962              0.68465687192145            135.10733032226560     -1
kind
     25     
    2700          153950     
       12.25000000000000  
 OBS            68
       2.94230079597656
       1.55221339063283
       1.00000000000000
 67 69 -1
obdef
loc3d
        4.94044166392076              0.68262352587105            131.77731323242190     -1
kind
     25     
    2700          153950     
       12.25000000000000  
 OBS            69
       2.00330577781577
       2.56868953927014
       1.00000000000000
 68 70 -1
obdef
loc3d
        4.92619210793233              0.68978851614430            140.91706848144531     -1
kind
     25     
    2700          153950     
       12.25000000000000  
 OBS            70
      -1.35619691275621
      -1.53644724304515
       1.00000000000000
 69 71 -1
obdef
loc3d
        4.94963312081941              0.66996996266355             29.99300956726074     -1
kind
     25     
    2700          153950     
       12.25000000000000  
 OBS            71
       4.23309680364418
       2.31987934072714
       1.00000000000000
 70 72 -1
obdef
loc3d
        4.92700392971737              0.68887132383449            128.38885498046881     -1
kind
     25     
    2700          153950     
       12.25000000000000  
 OBS            72
      -3.37702179117377
       0.81399157518923
       1.00000000000000
 71 73 -1
obdef
loc3d
        4.94246333188258              0.67229541033138             45.31371688842773     -1
kind
     25     
    2700          153950     
       12.25000000000000  
 OBS            73
       0.53564243340210
       1.15086622089483
       1.00000000000000
 72 74 -1
obdef
loc3d
        4.94297820410103              0.68302629331082             53.72113800048828     -1
kind
     25     
    2700          153950     
       12.25000000000000  
 OBS            74
      -2.32048214460478
       1.47933086155726
       1.00000000000000
 73 75 -1
obdef
loc3d
        4.94625467437127              0.67931016686449             42.11843872070312     -1
kind
     25     
    2700          153950     
       12.25000000000000  
 OBS            75
       3.33339443877806
       1.35441869877664
       1.00000000000000
 74 76 -1
obdef
loc3d
        4.93718236751881              0.69150375136553            153.15858459472659     -1
kind
     25     
    2700          153950     
       12.25000000000000  
 OBS            76
      -2.11004766958833
      -1.02452392525790
       1.00000000000000
 75 77 -1
obdef
loc3d
        4.90540352515539              0.69194112440599            606.33142089843750     -1
kind
     26     
    2700          153950     
       12.25000000000000  
 OBS            77
      -2.97485986425116
       1.46966215302616
       1.00000000000000
 76 78 -1
obdef
loc3d
        4.94546412681761              0.68348353984884             17.75631332397461     -1
kind
     26     
    2700          153950     
       12.25000000000000  
 OBS            78
      -0.08193472318824
       1.99394319822909
       1.00000000000000
 77 79 -1
obdef
loc3d
        4.94660974174000              0.67744857875853             29.35406684875488     -1
kind
     26     
    2700          153950     
       12.25000000000000  
 OBS            79
       1.25958877755120
       2.21916241207181
       1.00000000000000
 78 80 -1
obdef
loc3d
        4.94648126630843              0.68652865419204             54.82812500000000     -1
kind
     26     
    2700          153950     
       12.25000000000000  
 OBS            80
       4.01389894255902
       0.92967815523639
       1.00000000000000
 79 81 -1
obdef
loc3d
        4.94445426011379              0.68507566758975             62.61011505126953     -1
kind
     26     
    2700          153950     
       12.25000000000000  
 OBS            81
       1.83379686579993
       2.85591168056265
       1.00000000000000
 80 82 -1
obdef
loc3d
        4.94602055174578              0.68752162087271            134.15721130371091     -1
kind
     26     
    2700          153950     
       12.25000000000000  
 OBS            82
       6.49727393518699
       0.81434705387296
       1.00000000000000
 81 83 -1
obdef
loc3d
        4.94603912728501              0.67254511985829             35.00297546386719     -1
kind
     26     
    2700          153950     
       12.25000000000000  
 OBS            83
      -0.57271253900876
       2.57797092806219
       1.00000000000000
 82 84 -1
obdef
loc3d
        4.95877904994953              0.67986585977255             17.04111671447754     -1
kind
     26     
    2700          153950     
       12.25000000000000  
 OBS            84
       2.83833044309841
       2.21738121552820
       1.00000000000000
 83 85 -1
obdef
loc3d
        4.93958042817759              0.69095160998657            226.13127136230469     -1
kind
     26     
    2700          153950     
       12.25000000000000  
 OBS            85
       0.04553174017558
       4.31055086066505
       1.00000000000000
 84 86 -1
obdef
loc3d
        4.95756313665553              0.69181797222864             89.84997558593750     -1
kind
     26     
    2700          153950     
       12.25000000000000  
 OBS            86
      -2.27992230011685
       1.86321730056335
       1.00000000000000
 85 87 -1
obdef
loc3d
        4.94078657111844              0.67409210989409             60.81152343750000     -1
kind
     26     
    2700          153950     
       12.25000000000000  
 OBS            87
       0.52097550640624
       2.17190616036910
       1.00000000000000
 86 88 -1
obdef
loc3d
        4.95557846691255              0.67267262139613              1.00000000000000     -1
kind
     26     
    2700          153950     
       12.25000000000000  
 OBS            88
       1.32526453015635
       3.82399343178754
       1.00000000000000
 87 89 -1
obdef
loc3d
        4.93193348448080              0.68856418981073            106.00000000000000     -1
kind
     26     
    2700          153950     
       12.25000000000000  
 OBS            89
       1.27737383647080
      -0.77531917721637
       1.00000000000000
 88 90 -1
obdef
loc3d
        4.89970838141578              0.68765245249877            785.09423828125000     -1
kind
     26     
    2700          153950     
       12.25000000000000  
 OBS            90
       1.23173039101525
       3.72775145731474
       1.00000000000000
 89 91 -1
obdef
loc3d
        4.95026814558372              0.68993059237416             93.11567687988281     -1
kind
     26     
    2700          153950     
       12.25000000000000  
 OBS            91
       3.21840220246597
       3.28788009793446
       1.00000000000000
 90 92 -1
obdef
loc3d
        4.94174512165160              0.68484635226999            116.56585693359381     -1
kind
     26     
    2700          153950     
       12.25000000000000  
 OBS            92
       1.13113937677929
       2.68513906611266
       1.00000000000000
 91 93 -1
obdef
loc3d
        4.95420735021482              0.68473663912788             15.00000000000000     -1
kind
     26     
    2700          153950     
       12.25000000000000  
 OBS            93
       0.25434804974629
       2.90545507049593
       1.00000000000000
 92 94 -1
obdef
loc3d
        4.93477042118681              0.68310638816012            118.89588928222661     -1
kind
     26     
    2700          153950     
       12.25000000000000  
 OBS            94
      10.66956953359279
       3.50277257986978
       1.00000000000000
 93 95 -1
obdef
loc3d
        4.93795631029682              0.68276407673392            144.94107055664060     -1
kind
     26     
    2700          153950     
       12.25000000000000  
 OBS            95
       7.30865539032707
       1.28852149698666
       1.00000000000000
 94 96 -1
obdef
loc3d
        4.94001671685736              0.68064929967652             43.67281723022461     -1
kind
     26     
    2700          153950     
       12.25000000000000  
 OBS            96
       9.90149290149394
       2.29905125772228
       1.00000000000000
 95 97 -1
obdef
loc3d
        4.94058460161740              0.67807181314514             70.17810058593750     -1
kind
     26     
    2700          153950     
       12.25000000000000  
 OBS            97
      -0.61855133081339
       1.00736070548536
       1.00000000000000
 96 98 -1
obdef
loc3d
        4.95423295419494              0.68033176843505              3.71636104583740     -1
kind
     26     
    2700          153950     
       12.25000000000000  
 OBS            98
       5.23404802135241
       2.87434423359859
       1.00000000000000
 97 99 -1
obdef
loc3d
        4.94926894458696              0.66642585587446             10.91526031494141     -1
kind
     26     
    2700          153950     
       12.25000000000000  
 OBS            99
       2.62613748023541
       5.21004882122110
       1.00000000000000
 98 100 -1
obdef
loc3d
        4.96223480186848              0.66700036066835              5.00000000000000     -1
kind
     26     
    2700          153950     
       12.25000000000000  
 OBS            100
       7.27750166744866
       2.25184572620134
       1.00000000000000
 99 101 -1
obdef
loc3d
        4.95546148971009              0.67729393735082              6.17724800109863     -1
kind
     26     
    2700          153950     
       12.25000000000000  
 OBS            101
       9.43876847059087
       3.42657220645940
       1.00000000000000
 100 102 -1
obdef
loc3d
        4.92652723985629              0.69051382381431            146.04148864746091     -1
kind
     26     
    2700          153950     
       12.25000000000000  
 OBS            102
       7.35523242978229
       4.96705714768549
       1.00000000000000
 101 103 -1
obdef
loc3d
        4.96366005344362              0.66920346185787              6.00000000000000     -1
kind
     26     
    2700          153950     
       12.25000000000000  
 OBS            103
       5.27169973149744
       5.97590088928769
       1.00000000000000
 102 104 -1
obdef
loc3d
        4.97052949833720              0.66907739847133              8.84140872955322     -1
kind
     26     
    2700          153950     
       12.25000000000000  
 OBS            104
      -0.27146367774186
       4.01076021181987
       1.00000000000000
 103 105 -1
obdef
loc3d
        4.93727739535368              0.69277976810143            187.24655151367190     -1
kind
     26     
    2700          153950     
       12.25000000000000  
 OBS            105
      -0.07084398976096
       2.50322043406987
       1.00000000000000
 104 106 -1
obdef
loc3d
        4.94575592838423              0.68143846111579             35.01654815673828     -1
kind
     26     
    2700          153950     
       12.25000000000000  
 OBS            106
       5.75179621695260
       3.34431915178055
       1.00000000000000
 105 107 -1
obdef
loc3d
        4.93184075890513              0.68784163962489             92.58054351806641     -1
kind
     26     
    2700          153950     
       12.25000000000000  
 OBS            107
       3.12086686295232
       2.24825665760842
       1.00000000000000
 106 108 -1
obdef
loc3d
        4.94081711590956              0.68854862967758            162.55853271484381     -1
kind
     26     
    2700          153950     
       12.25000000000000  
 OBS            108
      -2.42820714736177
       1.61624698412755
       1.00000000000000
 107 109 -1
obdef
loc3d
        4.94249854456299              0.67650785339572             60.39866638183594     -1
kind
     26     
    2700          153950     
       12.25000000000000  
 OBS            109
       6.15224666184386
       2.48421287060288
       1.00000000000000
 108 110 -1
obdef
loc3d
        4.93162931041089              0.68282844530430             93.04485321044922     -1
kind
     26     
    2700          153950     
       12.25000000000000  
 OBS            110
       8.63054362204644
       5.11668745569427
       1.00000000000000
 109 111 -1
obdef
loc3d
        4.93293180012842              0.69147876068069            106.50605773925780     -1
kind
     26     
    2700          153950     
       12.25000000000000  
 OBS            111
      -1.31670488337670
       2.74052067862933
       1.00000000000000
 110 112 -1
obdef
loc3d
        4.94231542915734              0.67925336633936             45.80761718750000     -1
kind
     26     
    2700          153950     
       12.25000000000000  
 OBS            112
       6.74551021981103
       0.49510817690678
       1.00000000000000
 111 113 -1
obdef
loc3d
        4.94267046375275              0.67009027494016             28.73577499389648     -1
kind
     26     
    2700          153950     
       12.25000000000000  
 OBS            113
       8.07423397934240
       1.22476475031393
       1.00000000000000
 112 114 -1
obdef
loc3d
        4.95301390972552              0.69283749825579             93.74549102783203     -1
kind
     26     
    2700          153950     
       12.25000000000000  
 OBS            114
      -1.35528416341313
       1.96998625896810
       1.00000000000000
 113 115 -1
obdef
loc3d
        4.93993476658470              0.67588412939320             29.35707092285156     -1
kind
     26     
    2700          153950     
       12.25000000000000  
 OBS            115
       2.63815377863793
       0.67700752232416
       1.00000000000000
 114 116 -1
obdef
loc3d
        4.93755681423869              0.67212761520231             23.80049896240234     -1
kind
     26     
    2700          153950     
       12.25000000000000  
 OBS            116
       5.76622903311724
       4.97992711950115
       1.00000000000000
 115 117 -1
obdef
loc3d
        4.93524778363115              0.68687961042640            201.53530883789060     -1
kind
     26     
    2700          153950     
       12.25000000000000  
 OBS            117
       2.00207386387822
       2.86449190568315
       1.00000000000000
 116 118 -1
obdef
loc3d
        4.94487715611266              0.69284945127485            184.54177856445310     -1
kind
     26     
    2700          153950     
       12.25000000000000  
 OBS            118
       0.91981131731585
       2.23540544627280
       1.00000000000000
 117 119 -1
obdef
loc3d
        4.93574679201688              0.68074234291388             92.12267303466797     -1
kind
     26     
    2700          153950     
       12.25000000000000  
 OBS            119
      -1.29508698991304
       4.67572214085384
       1.00000000000000
 118 120 -1
obdef
loc3d
        4.93948311897746              0.68677523412020            143.54531860351560     -1
kind
     26     
    2700          153950     
       12.25000000000000  
 OBS            120
       4.49497301409655
       2.72638798994573
       1.00000000000000
 119 121 -1
obdef
loc3d
        4.93535147134114              0.68874818734546            154.91955566406250     -1
kind
     26     
    2700          153950     
       12.25000000000000  
 OBS            121
       4.29256426136820
       0.93543038195536
       1.00000000000000
 120 122 -1
obdef
loc3d
        4.93998720508067              0.67099618858999             15.00000000000000     -1
kind
     26     
    2700          153950     
       12.25000000000000  
 OBS            122
       3.86023837366049
       2.57125910081296
       1.00000000000000
 121 123 -1
obdef
loc3d
        4.95377154670010              0.68841616298427              1.00000000000000     -1
kind
     26     
    2700          153950     
       12.25000000000000  
 OBS            123
      -0.43329273075442
       1.39894697197507
       1.00000000000000
 122 124 -1
obdef
loc3d
        4.94369600674710              0.67424831199146             56.55799865722656     -1
kind
     26     
    2700          153950     
       12.25000000000000  
 OBS            124
       1.44073694336467
      -1.16030604585985
       1.00000000000000
 123 125 -1
obdef
loc3d
        4.94554915949750              0.67592825057405             27.37830162048340     -1
kind
     26     
    2700          153950     
       12.25000000000000  
 OBS            125
       1.29650101695889
       4.48118386720047
       1.00000000000000
 124 126 -1
obdef
loc3d
        4.93817225910204              0.68863985936718            220.11502075195310     -1
kind
     26     
    2700          153950     
       12.25000000000000  
 OBS            126
       0.86872621863382
       0.66817455510342
       1.00000000000000
 125 127 -1
obdef
loc3d
        4.94679227765370              0.67424304503817             25.38815879821777     -1
kind
     26     
    2700          153950     
       12.25000000000000  
 OBS            127
       2.21273225545023
       1.55393921273202
       1.00000000000000
 126 128 -1
obdef
loc3d
        4.93825175772606              0.67415674930066             45.00000000000000     -1
kind
     26     
    2700          153950     
       12.25000000000000  
 OBS            128
       1.05439691531871
       2.84349382611472
       1.00000000000000
 127 129 -1
obdef
loc3d
        4.94311892630401              0.68721450203000            155.69055175781250     -1
kind
     26     
    2700          153950     
       12.25000000000000  
 OBS            129
      -0.93905199602170
       0.64500740063062
       1.00000000000000
 128 130 -1
obdef
loc3d
        4.94449382724881              0.67792071808206             14.15527343750000     -1
kind
     26     
    2700          153950     
       12.25000000000000  
 OBS            130
      -4.34291669417058
      -0.05067631118445
       1.00000000000000
 129 131 -1
obdef
loc3d
        4.94565692959859              0.66987151098961             30.00000000000000     -1
kind
     26     
    2700          153950     
       12.25000000000000  
 OBS            131
       8.36394686231480
       3.11308623793895
       1.00000000000000
 130 132 -1
obdef
loc3d
        4.93623940611723              0.68485115788194            160.48159790039060     -1
kind
     26     
    2700          153950     
       12.25000000000000  
 OBS            132
       2.01429861127543
       1.92639711847727
       1.00000000000000
 131 133 -1
obdef
loc3d
        4.93207688179052              0.69191340558627            266.88421630859381     -1
kind
     26     
    2700          153950     
       12.25000000000000  
 OBS            133
       7.70157479860315
       3.14685519389617
       1.00000000000000
 132 134 -1
obdef
loc3d
        4.94337184525690              0.69048472086632            168.92642211914060     -1
kind
     26     
    2700          153950     
       12.25000000000000  
 OBS            134
       7.77784105493344
       4.34425595631139
       1.00000000000000
 133 135 -1
obdef
loc3d
        4.93083275656657              0.69156409584246            530.37139892578125     -1
kind
     26     
    2700          153950     
       12.25000000000000  
 OBS            135
      -6.94276210050790
       0.70293780145838
       1.00000000000000
 134 136 -1
obdef
loc3d
        4.93576715774405              0.67026358084744             15.00000000000000     -1
kind
     26     
    2700          153950     
       12.25000000000000  
 OBS            136
       5.52428263493302
       4.16447860429842
       1.00000000000000
 135 137 -1
obdef
loc3d
        4.94676264345478              0.69035499858378            170.37097167968750     -1
kind
     26     
    2700          153950     
       12.25000000000000  
 OBS            137
       7.44835185657413
       3.61342710816606
       1.00000000000000
 136 138 -1
obdef
loc3d
        4.94046883892718              0.69230960363225            232.29916381835940     -1
kind
     26     
    2700          153950     
       12.25000000000000  
 OBS            138
      -0.52554825194235
      -1.43452219294610
       1.00000000000000
 137 139 -1
obdef
loc3d
        4.94668005348904              0.66792517272334             30.00000000000000     -1
kind
     26     
    2700          153950     
       12.25000000000000  
 OBS            139
       5.05507604499387
       2.74132709923241
       1.00000000000000
 138 140 -1
obdef
loc3d
        4.93142664351951              0.69067116425814            352.18109130859381     -1
kind
     26     
    2700          153950     
       12.25000000000000  
 OBS            140
       2.81056440808278
       5.00627979756264
       1.00000000000000
 139 141 -1
obdef
loc3d
        4.93315860158957              0.69236546390432            148.09797668457031     -1
kind
     26     
    2700          153950     
       12.25000000000000  
 OBS            141
       5.88373875104992
       3.23362399413936
       1.00000000000000
 140 142 -1
obdef
loc3d
        4.94330474517536              0.68101851702487             28.94674682617188     -1
kind
     26     
    2700          153950     
       12.25000000000000  
 OBS            142
      -0.36336865113351
       2.60838177545314
       1.00000000000000
 141 143 -1
obdef
loc3d
        4.93900329796962              0.68465687192145            135.10733032226560     -1
kind
     26     
    2700          153950     
       12.25000000000000  
 OBS            143
       5.58223254955601
       4.03273655399316
       1.00000000000000
 142 144 -1
obdef
loc3d
        4.94044166392076              0.68262352587105            131.77731323242190     -1
kind
     26     
    2700          153950     
       12.25000000000000  
 OBS            144
       3.81884995776224
       3.51564210851783
       1.00000000000000
 143 145 -1
obdef
loc3d
        4.92619210793233              0.68978851614430            140.91706848144531     -1
kind
     26     
    2700          153950     
       12.25000000000000  
 OBS            145
      -2.98468290338403
      -0.01335304735271
       1.00000000000000
 144 146 -1
obdef
loc3d
        4.94963312081941              0.66996996266355             29.99300956726074     -1
kind
     26     
    2700          153950     
       12.25000000000000  
 OBS            146
       3.33202863666449
       3.68754828853213
       1.00000000000000
 145 147 -1
obdef
loc3d
        4.92700392971737              0.68887132383449            128.38885498046881     -1
kind
     26     
    2700          153950     
       12.25000000000000  
 OBS            147
      -0.15782911796809
       0.86183340055401
       1.00000000000000
 146 148 -1
obdef
loc3d
        4.94246333188258              0.67229541033138             45.31371688842773     -1
kind
     26     
    2700          153950     
       12.25000000000000  
 OBS            148
       1.87835452630552
       1.85110506334515
       1.00000000000000
 147 149 -1
obdef
loc3d
        4.94297820410103              0.68302629331082             53.72113800048828     -1
kind
     26     
    2700          153950     
       12.25000000000000  
 OBS            149
       3.30918366280179
       2.76090403671314
       1.00000000000000
 148 150 -1
obdef
loc3d
        4.94625467437127              0.67931016686449             42.11843872070312     -1
kind
     26     
    2700          153950     
       12.25000000000000  
 OBS            150
       1.10759528866579
       3.22336958076521
       1.00000000000000
 149 151 -1
obdef
loc3d
        4.93718236751881              0.69150375136553            153.15858459472659     -1
kind
     26     
    2700          153950     
       12.25000000000000  
 OBS            151
     295.98145267903749
     296.15378236211302
       1.00000000000000
 150 152 -1
obdef
loc3d
        4.90540352515539              0.69194112440599            606.33142089843750     -1
kind
     27     
    2700          153950     
        6.25000000000000  
 OBS            152
     298.23896690972771
     297.53549338586998
       1.00000000000000
 151 153 -1
obdef
loc3d
        4.94546412681761              0.68348353984884             17.75631332397461     -1
kind
     27     
    2700          153950     
        6.25000000000000  
 OBS            153
     298.09580849980443
     298.14447183160399
       1.00000000000000
 152 154 -1
obdef
loc3d
        4.94660974174000              0.67744857875853             29.35406684875488     -1
kind
     27     
    2700          153950     
        6.25000000000000  
 OBS            154
     298.53203259587315
     298.05214804944899
       1.00000000000000
 153 155 -1
obdef
loc3d
        4.94648126630843              0.68652865419204             54.82812500000000     -1
kind
     27     
    2700          153950     
        6.25000000000000  
 OBS            155
     299.20931984680931
     297.83848210999798
       1.00000000000000
 154 156 -1
obdef
loc3d
        4.94445426011379              0.68507566758975             62.61011505126953     -1
kind
     27     
    2700          153950     
        6.25000000000000  
 OBS            156
     297.63429247503660
     298.01642255963202
       1.00000000000000
 155 157 -1
obdef
loc3d
        4.94602055174578              0.68752162087271            134.15721130371091     -1
kind
     27     
    2700          153950     
        6.25000000000000  
 OBS            157
     300.92776403599055
     300.03183504503198
       1.00000000000000
 156 158 -1
obdef
loc3d
        4.94603912728501              0.67254511985829             35.00297546386719     -1
kind
     27     
    2700          153950     
        6.25000000000000  
 OBS            158
     300.26748439410210
     299.81920795081697
       1.00000000000000
 157 159 -1
obdef
loc3d
        4.95877904994953              0.67986585977255             17.04111671447754     -1
kind
     27     
    2700          153950     
        6.25000000000000  
 OBS            159
     297.97166781227014
     297.72358168779198
       1.00000000000000
 158 160 -1
obdef
loc3d
        4.93958042817759              0.69095160998657            226.13127136230469     -1
kind
     27     
    2700          153950     
        6.25000000000000  
 OBS            160
     298.89391647770071
     297.91860625471600
       1.00000000000000
 159 161 -1
obdef
loc3d
        4.95756313665553              0.69181797222864             89.84997558593750     -1
kind
     27     
    2700          153950     
        6.25000000000000  
 OBS            161
     301.25229282609996
     299.01047152603002
       1.00000000000000
 160 162 -1
obdef
loc3d
        4.94078657111844              0.67409210989409             60.81152343750000     -1
kind
     27     
    2700          153950     
        6.25000000000000  
 OBS            162
     302.12219350480547
     300.49775537119001
       1.00000000000000
 161 163 -1
obdef
loc3d
        4.95557846691255              0.67267262139613              1.00000000000000     -1
kind
     27     
    2700          153950     
        6.25000000000000  
 OBS            163
     298.28466368398159
     299.05696157706802
       1.00000000000000
 162 164 -1
obdef
loc3d
        4.93193348448080              0.68856418981073            106.00000000000000     -1
kind
     27     
    2700          153950     
        6.25000000000000  
 OBS            164
     294.39106874119960
     293.73890001379999
       1.00000000000000
 163 165 -1
obdef
loc3d
        4.89970838141578              0.68765245249877            785.09423828125000     -1
kind
     27     
    2700          153950     
        6.25000000000000  
 OBS            165
     298.84383955456997
     297.74998657039998
       1.00000000000000
 164 166 -1
obdef
loc3d
        4.95026814558372              0.68993059237416             93.11567687988281     -1
kind
     27     
    2700          153950     
        6.25000000000000  
 OBS            166
     296.01648492993468
     297.76570177342899
       1.00000000000000
 165 167 -1
obdef
loc3d
        4.94174512165160              0.68484635226999            116.56585693359381     -1
kind
     27     
    2700          153950     
        6.25000000000000  
 OBS            167
     300.72350601162867
     298.82846416193598
       1.00000000000000
 166 168 -1
obdef
loc3d
        4.95420735021482              0.68473663912788             15.00000000000000     -1
kind
     27     
    2700          153950     
        6.25000000000000  
 OBS            168
     297.09437586391965
     297.65581363768399
       1.00000000000000
 167 169 -1
obdef
loc3d
        4.93477042118681              0.68310638816012            118.89588928222661     -1
kind
     27     
    2700          153950     
        6.25000000000000  
 OBS            169
     297.49238244351415
     297.24550123275401
       1.00000000000000
 168 170 -1
obdef
loc3d
        4.93795631029682              0.68276407673392            144.94107055664060     -1
kind
     27     
    2700          153950     
        6.25000000000000  
 OBS            170
     296.66444790683624
     297.25990059876301
       1.00000000000000
 169 171 -1
obdef
loc3d
        4.94001671685736              0.68064929967652             43.67281723022461     -1
kind
     27     
    2700          153950     
        6.25000000000000  
 OBS            171
     296.93934028014257
     297.85716458151501
       1.00000000000000
 170 172 -1
obdef
loc3d
        4.94058460161740              0.67807181314514             70.17810058593750     -1
kind
     27     
    2700          153950     
        6.25000000000000  
 OBS            172
     299.91644273085956
     299.39314064886997
       1.00000000000000
 171 173 -1
obdef
loc3d
        4.95423295419494              0.68033176843505              3.71636104583740     -1
kind
     27     
    2700          153950     
        6.25000000000000  
 OBS            173
     301.40156220013210
     300.79062594441899
       1.00000000000000
 172 174 -1
obdef
loc3d
        4.94926894458696              0.66642585587446             10.91526031494141     -1
kind
     27     
    2700          153950     
        6.25000000000000  
 OBS            174
     301.01426738021593
     299.86333216617402
       1.00000000000000
 173 175 -1
obdef
loc3d
        4.96223480186848              0.66700036066835              5.00000000000000     -1
kind
     27     
    2700          153950     
        6.25000000000000  
 OBS            175
     298.15117553497430
     298.92024766463999
       1.00000000000000
 174 176 -1
obdef
loc3d
        4.95546148971009              0.67729393735082              6.17724800109863     -1
kind
     27     
    2700          153950     
        6.25000000000000  
 OBS            176
     301.62937489339402
     300.53149046578102
       1.00000000000000
 175 177 -1
obdef
loc3d
        4.92652723985629              0.69051382381431            146.04148864746091     -1
kind
     27     
    2700          153950     
        6.25000000000000  
 OBS            177
     302.02416101832625
     299.69212184145999
       1.00000000000000
 176 178 -1
obdef
loc3d
        4.96366005344362              0.66920346185787              6.00000000000000     -1
kind
     27     
    2700          153950     
        6.25000000000000  
 OBS            178
     297.71689623156129
     297.46514450332302
       1.00000000000000
 177 179 -1
obdef
loc3d
        4.97052949833720              0.66907739847133              8.84140872955322     -1
kind
     27     
    2700          153950     
        6.25000000000000  
 OBS            179
     299.36665341002197
     298.76511356908202
       1.00000000000000
 178 180 -1
obdef
loc3d
        4.93727739535368              0.69277976810143            187.24655151367190     -1
kind
     27     
    2700          153950     
        6.25000000000000  
 OBS            180
     296.89820369216557
     297.79434847020099
       1.00000000000000
 179 181 -1
obdef
loc3d
        4.94575592838423              0.68143846111579             35.01654815673828     -1
kind
     27     
    2700          153950     
        6.25000000000000  
 OBS            181
     297.49580183572522
     298.68854964421502
       1.00000000000000
 180 182 -1
obdef
loc3d
        4.93184075890513              0.68784163962489             92.58054351806641     -1
kind
     27     
    2700          153950     
        6.25000000000000  
 OBS            182
     298.74428929701554
     297.53239036442199
       1.00000000000000
 181 183 -1
obdef
loc3d
        4.94081711590956              0.68854862967758            162.55853271484381     -1
kind
     27     
    2700          153950     
        6.25000000000000  
 OBS            183
     297.21137072385835
     298.38152458425299
       1.00000000000000
 182 184 -1
obdef
loc3d
        4.94249854456299              0.67650785339572             60.39866638183594     -1
kind
     27     
    2700          153950     
        6.25000000000000  
 OBS            184
     298.00976922648977
     298.16567418834097
       1.00000000000000
 183 185 -1
obdef
loc3d
        4.93162931041089              0.68282844530430             93.04485321044922     -1
kind
     27     
    2700          153950     
        6.25000000000000  
 OBS            185
     300.30138293141783
     299.54741330752699
       1.00000000000000
 184 186 -1
obdef
loc3d
        4.93293180012842              0.69147876068069            106.50605773925780     -1
kind
     27     
    2700          153950     
        6.25000000000000  
 OBS            186
     297.19601421999545
     298.21059675091499
       1.00000000000000
 185 187 -1
obdef
loc3d
        4.94231542915734              0.67925336633936             45.80761718750000     -1
kind
     27     
    2700          153950     
        6.25000000000000  
 OBS            187
     299.28974043714010
     300.45849938114998
       1.00000000000000
 186 188 -1
obdef
loc3d
        4.94267046375275              0.67009027494016             28.73577499389648     -1
kind
     27     
    2700          153950     
        6.25000000000000  
 OBS            188
     299.57477279494196
     298.68783813093199
       1.00000000000000
 187 189 -1
obdef
loc3d
        4.95301390972552              0.69283749825579             93.74549102783203     -1
kind
     27     
    2700          153950     
        6.25000000000000  
 OBS            189
     298.37183813468255
     298.76592974064198
       1.00000000000000
 188 190 -1
obdef
loc3d
        4.93993476658470              0.67588412939320             29.35707092285156     -1
kind
     27     
    2700          153950     
        6.25000000000000  
 OBS            190
     298.64450033796197
     298.54041530321200
       1.00000000000000
 189 191 -1
obdef
loc3d
        4.93755681423869              0.67212761520231             23.80049896240234     -1
kind
     27     
    2700          153950     
        6.25000000000000  
 OBS            191
     298.67574639373811
     297.97619894012797
       1.00000000000000
 190 192 -1
obdef
loc3d
        4.93524778363115              0.68687961042640            201.53530883789060     -1
kind
     27     
    2700          153950     
        6.25000000000000  
 OBS            192
     297.16413409397353
     296.86605517755299
       1.00000000000000
 191 193 -1
obdef
loc3d
        4.94487715611266              0.69284945127485            184.54177856445310     -1
kind
     27     
    2700          153950     
        6.25000000000000  
 OBS            193
     297.68275680914860
     297.54599502472001
       1.00000000000000
 192 194 -1
obdef
loc3d
        4.93574679201688              0.68074234291388             92.12267303466797     -1
kind
     27     
    2700          153950     
        6.25000000000000  
 OBS            194
     297.10153415479061
     298.01824234736398
       1.00000000000000
 193 195 -1
obdef
loc3d
        4.93948311897746              0.68677523412020            143.54531860351560     -1
kind
     27     
    2700          153950     
        6.25000000000000  
 OBS            195
     297.07321892840741
     298.68176989535601
       1.00000000000000
 194 196 -1
obdef
loc3d
        4.93535147134114              0.68874818734546            154.91955566406250     -1
kind
     27     
    2700          153950     
        6.25000000000000  
 OBS            196
     300.88930400531132
     299.93339672829597
       1.00000000000000
 195 197 -1
obdef
loc3d
        4.93998720508067              0.67099618858999             15.00000000000000     -1
kind
     27     
    2700          153950     
        6.25000000000000  
 OBS            197
     299.05560276711680
     298.83268871654599
       1.00000000000000
 196 198 -1
obdef
loc3d
        4.95377154670010              0.68841616298427              1.00000000000000     -1
kind
     27     
    2700          153950     
        6.25000000000000  
 OBS            198
     298.00777436600083
     299.31647845187098
       1.00000000000000
 197 199 -1
obdef
loc3d
        4.94369600674710              0.67424831199146             56.55799865722656     -1
kind
     27     
    2700          153950     
        6.25000000000000  
 OBS            199
     296.84365866609932
     298.42559230806700
       1.00000000000000
 198 200 -1
obdef
loc3d
        4.94554915949750              0.67592825057405             27.37830162048340     -1
kind
     27     
    2700          153950     
        6.25000000000000  
 OBS            200
     296.16046941707464
     297.11175069683901
       1.00000000000000
 199 201 -1
obdef
loc3d
        4.93817225910204              0.68863985936718            220.11502075195310     -1
kind
     27     
    2700          153950     
        6.25000000000000  
 OBS            201
     297.69861155254034
     299.50370284416601
       1.00000000000000
 200 202 -1
obdef
loc3d
        4.94679227765370              0.67424304503817             25.38815879821777     -1
kind
     27     
    2700          153950     
        6.25000000000000  
 OBS            202
     297.81618753220170
     298.60429426759299
       1.00000000000000
 201 203 -1
obdef
loc3d
        4.93825175772606              0.67415674930066             45.00000000000000     -1
kind
     27     
    2700          153950     
        6.25000000000000  
 OBS            203
     299.48183144718030
     297.86313640238802
       1.00000000000000
 202 204 -1
obdef
loc3d
        4.94311892630401              0.68721450203000            155.69055175781250     -1
kind
     27     
    2700          153950     
        6.25000000000000  
 OBS            204
     299.53872516767456
     298.22852370247000
       1.00000000000000
 203 205 -1
obdef
loc3d
        4.94449382724881              0.67792071808206             14.15527343750000     -1
kind
     27     
    2700          153950     
        6.25000000000000  
 OBS            205
     301.80352313140901
     300.68122141583700
       1.00000000000000
 204 206 -1
obdef
loc3d
        4.94565692959859              0.66987151098961             30.00000000000000     -1
kind
     27     
    2700          153950     
        6.25000000000000  
 OBS            206
     296.59957086622131
     297.36381895497198
       1.00000000000000
 205 207 -1
obdef
loc3d
        4.93623940611723              0.68485115788194            160.48159790039060     -1
kind
     27     
    2700          153950     
        6.25000000000000  
 OBS            207
     297.39031700563919
     299.23745721660401
       1.00000000000000
 206 208 -1
obdef
loc3d
        4.93207688179052              0.69191340558627            266.88421630859381     -1
kind
     27     
    2700          153950     
        6.25000000000000  
 OBS            208
     297.87199179735728
     297.50615696981703
       1.00000000000000
 207 209 -1
obdef
loc3d
        4.94337184525690              0.69048472086632            168.92642211914060     -1
kind
     27     
    2700          153950     
        6.25000000000000  
 OBS            209
     298.46892465626780
     297.41414429238699
       1.00000000000000
 208 210 -1
obdef
loc3d
        4.93083275656657              0.69156409584246            530.37139892578125     -1
kind
     27     
    2700          153950     
        6.25000000000000  
 OBS            210
     298.87532277721294
     299.19945026733802
       1.00000000000000
 209 211 -1
obdef
loc3d
        4.93576715774405              0.67026358084744             15.00000000000000     -1
kind
     27     
    2700          153950     
        6.25000000000000  
 OBS            211
     296.57495431267199
     297.54082913063201
       1.00000000000000
 210 212 -1
obdef
loc3d
        4.94676264345478              0.69035499858378            170.37097167968750     -1
kind
     27     
    2700          153950     
        6.25000000000000  
 OBS            212
     296.07276654250967
     297.92918841406998
       1.00000000000000
 211 213 -1
obdef
loc3d
        4.94046883892718              0.69230960363225            232.29916381835940     -1
kind
     27     
    2700          153950     
        6.25000000000000  
 OBS            213
     301.49429980003714
     301.22897925193200
       1.00000000000000
 212 214 -1
obdef
loc3d
        4.94668005348904              0.66792517272334             30.00000000000000     -1
kind
     27     
    2700          153950     
        6.25000000000000  
 OBS            214
     299.30211457259583
     298.42556170220797
       1.00000000000000
 213 215 -1
obdef
loc3d
        4.93142664351951              0.69067116425814            352.18109130859381     -1
kind
     27     
    2700          153950     
        6.25000000000000  
 OBS            215
     299.04935410293473
     299.18943840877603
       1.00000000000000
 214 216 -1
obdef
loc3d
        4.93315860158957              0.69236546390432            148.09797668457031     -1
kind
     27     
    2700          153950     
        6.25000000000000  
 OBS            216
     299.48915506854843
     297.81659288498901
       1.00000000000000
 215 217 -1
obdef
loc3d
        4.94330474517536              0.68101851702487             28.94674682617188     -1
kind
     27     
    2700          153950     
        6.25000000000000  
 OBS            217
     296.46217015193241
     297.10825921079902
       1.00000000000000
 216 218 -1
obdef
loc3d
        4.93900329796962              0.68465687192145            135.10733032226560     -1
kind
     27     
    2700          153950     
        6.25000000000000  
 OBS            218
     296.85618143865179
     297.11616326907802
       1.00000000000000
 217 219 -1
obdef
loc3d
        4.94044166392076              0.68262352587105            131.77731323242190     -1
kind
     27     
    2700          153950     
        6.25000000000000  
 OBS            219
     300.00006194211710
     300.18470284563000
       1.00000000000000
 218 220 -1
obdef
loc3d
        4.92619210793233              0.68978851614430            140.91706848144531     -1
kind
     27     
    2700          153950     
        6.25000000000000  
 OBS            220
     299.74432667667696
     299.50440914223401
       1.00000000000000
 219 221 -1
obdef
loc3d
        4.94963312081941              0.66996996266355             29.99300956726074     -1
kind
     27     
    2700          153950     
        6.25000000000000  
 OBS            221
     299.06337821024800
     299.26199680311902
       1.00000000000000
 220 222 -1
obdef
loc3d
        4.92700392971737              0.68887132383449            128.38885498046881     -1
kind
     27     
    2700          153950     
        6.25000000000000  
 OBS            222
     300.60647243356340
     299.62331423831603
       1.00000000000000
 221 223 -1
obdef
loc3d
        4.94246333188258              0.67229541033138             45.31371688842773     -1
kind
     27     
    2700          153950     
        6.25000000000000  
 OBS            223
     296.39558454735834
     297.27659765163003
       1.00000000000000
 222 224 -1
obdef
loc3d
        4.94297820410103              0.68302629331082             53.72113800048828     -1
kind
     27     
    2700          153950     
        6.25000000000000  
 OBS            224
     299.05674192130743
     298.34851841890497
       1.00000000000000
 223 225 -1
obdef
loc3d
        4.94625467437127              0.67931016686449             42.11843872070312     -1
kind
     27     
    2700          153950     
        6.25000000000000  
 OBS            225
     300.68749015647944
     298.46634886029898
       1.00000000000000
 224 -1 -1
obdef
loc3d
        4.93718236751881              0.69150375136553            153.15858459472659     -1
kind
     27     
    2700          153950     
        6.25000000000000  
