 obs_sequence
obs_kind_definitions
       3
    25          LAND_SFC_U_WIND_COMPONENT   
    26          LAND_SFC_V_WIND_COMPONENT   
    27          LAND_SFC_TEMPERATURE   
  num_copies:            2  num_qc:            1
 num_obs:       225  max_num_obs:       225
observations
truth
QC radar
  first:            1  last:       225
 OBS            1
       3.06595549755692
       3.52944406250596
       1.00000000000000
 -1 2 -1
obdef
loc3d
        4.90540352515539              0.69194112440599            606.33142089843750     -1
kind
     25     
    9000          153950     
       12.25000000000000  
 OBS            2
      -0.84303605484664
       1.04649685959136
       1.00000000000000
 1 3 -1
obdef
loc3d
        4.94546412681761              0.68348353984884             17.75631332397461     -1
kind
     25     
    9000          153950     
       12.25000000000000  
 OBS            3
      -3.78644206054470
       0.88585428243246
       1.00000000000000
 2 4 -1
obdef
loc3d
        4.94660974174000              0.67744857875853             29.35406684875488     -1
kind
     25     
    9000          153950     
       12.25000000000000  
 OBS            4
       1.47634017590559
       1.16820308227946
       1.00000000000000
 3 5 -1
obdef
loc3d
        4.94648126630843              0.68652865419204             54.82812500000000     -1
kind
     25     
    9000          153950     
       12.25000000000000  
 OBS            5
      -3.84330739623642
       1.95293092870019
       1.00000000000000
 4 6 -1
obdef
loc3d
        4.94445426011379              0.68507566758975             62.61011505126953     -1
kind
     25     
    9000          153950     
       12.25000000000000  
 OBS            6
       3.64478689279553
       1.72835450225746
       1.00000000000000
 5 7 -1
obdef
loc3d
        4.94602055174578              0.68752162087271            134.15721130371091     -1
kind
     25     
    9000          153950     
       12.25000000000000  
 OBS            7
       0.11750198441168
       0.17607655807421
       1.00000000000000
 6 8 -1
obdef
loc3d
        4.94603912728501              0.67254511985829             35.00297546386719     -1
kind
     25     
    9000          153950     
       12.25000000000000  
 OBS            8
       0.01034668024714
       0.63093943420147
       1.00000000000000
 7 9 -1
obdef
loc3d
        4.95877904994953              0.67986585977255             17.04111671447754     -1
kind
     25     
    9000          153950     
       12.25000000000000  
 OBS            9
       6.97627660181003
       4.01707657549134
       1.00000000000000
 8 10 -1
obdef
loc3d
        4.93958042817759              0.69095160998657            226.13127136230469     -1
kind
     25     
    9000          153950     
       12.25000000000000  
 OBS            10
      -3.14025523713002
       1.42095781982618
       1.00000000000000
 9 11 -1
obdef
loc3d
        4.95756313665553              0.69181797222864             89.84997558593750     -1
kind
     25     
    9000          153950     
       12.25000000000000  
 OBS            11
       1.91981866507291
       1.12591623548795
       1.00000000000000
 10 12 -1
obdef
loc3d
        4.94078657111844              0.67409210989409             60.81152343750000     -1
kind
     25     
    9000          153950     
       12.25000000000000  
 OBS            12
      -4.72885954406331
       0.45120367702748
       1.00000000000000
 11 13 -1
obdef
loc3d
        4.95557846691255              0.67267262139613              1.00000000000000     -1
kind
     25     
    9000          153950     
       12.25000000000000  
 OBS            13
       5.16730172745740
       1.87030458325654
       1.00000000000000
 12 14 -1
obdef
loc3d
        4.93193348448080              0.68856418981073            106.00000000000000     -1
kind
     25     
    9000          153950     
       12.25000000000000  
 OBS            14
      -6.87126787032869
       2.81558823356991
       1.00000000000000
 13 15 -1
obdef
loc3d
        4.89970838141578              0.68765245249877            785.09423828125000     -1
kind
     25     
    9000          153950     
       12.25000000000000  
 OBS            15
       4.87504608619638
       2.37174139875293
       1.00000000000000
 14 16 -1
obdef
loc3d
        4.95026814558372              0.68993059237416             93.11567687988281     -1
kind
     25     
    9000          153950     
       12.25000000000000  
 OBS            16
       0.54298230916019
       1.81346048865013
       1.00000000000000
 15 17 -1
obdef
loc3d
        4.94174512165160              0.68484635226999            116.56585693359381     -1
kind
     25     
    9000          153950     
       12.25000000000000  
 OBS            17
       2.68448293938221
      -1.24052217889914
       1.00000000000000
 16 18 -1
obdef
loc3d
        4.95420735021482              0.68473663912788             15.00000000000000     -1
kind
     25     
    9000          153950     
       12.25000000000000  
 OBS            18
      -1.01048717420131
       1.12930682208769
       1.00000000000000
 17 19 -1
obdef
loc3d
        4.93477042118681              0.68310638816012            118.89588928222661     -1
kind
     25     
    9000          153950     
       12.25000000000000  
 OBS            19
       5.44799024140524
       2.02482609262339
       1.00000000000000
 18 20 -1
obdef
loc3d
        4.93795631029682              0.68276407673392            144.94107055664060     -1
kind
     25     
    9000          153950     
       12.25000000000000  
 OBS            20
      -1.37273386321219
       1.64830877142275
       1.00000000000000
 19 21 -1
obdef
loc3d
        4.94001671685736              0.68064929967652             43.67281723022461     -1
kind
     25     
    9000          153950     
       12.25000000000000  
 OBS            21
      -1.80593367635711
       1.72160396282630
       1.00000000000000
 20 22 -1
obdef
loc3d
        4.94058460161740              0.67807181314514             70.17810058593750     -1
kind
     25     
    9000          153950     
       12.25000000000000  
 OBS            22
      -0.47130093750178
       0.04558373850768
       1.00000000000000
 21 23 -1
obdef
loc3d
        4.95423295419494              0.68033176843505              3.71636104583740     -1
kind
     25     
    9000          153950     
       12.25000000000000  
 OBS            23
      -3.66246521695334
      -0.50916467073706
       1.00000000000000
 22 24 -1
obdef
loc3d
        4.94926894458696              0.66642585587446             10.91526031494141     -1
kind
     25     
    9000          153950     
       12.25000000000000  
 OBS            24
       0.44960159231684
       0.37325826972052
       1.00000000000000
 23 25 -1
obdef
loc3d
        4.96223480186848              0.66700036066835              5.00000000000000     -1
kind
     25     
    9000          153950     
       12.25000000000000  
 OBS            25
      -0.10819806206992
       0.01554754609017
       1.00000000000000
 24 26 -1
obdef
loc3d
        4.95546148971009              0.67729393735082              6.17724800109863     -1
kind
     25     
    9000          153950     
       12.25000000000000  
 OBS            26
      -1.35076882281016
       0.35096551815827
       1.00000000000000
 25 27 -1
obdef
loc3d
        4.92652723985629              0.69051382381431            146.04148864746091     -1
kind
     25     
    9000          153950     
       12.25000000000000  
 OBS            27
      -1.45982606854905
       0.59659295875931
       1.00000000000000
 26 28 -1
obdef
loc3d
        4.96366005344362              0.66920346185787              6.00000000000000     -1
kind
     25     
    9000          153950     
       12.25000000000000  
 OBS            28
      -1.29230119338733
       1.31243482457204
       1.00000000000000
 27 29 -1
obdef
loc3d
        4.97052949833720              0.66907739847133              8.84140872955322     -1
kind
     25     
    9000          153950     
       12.25000000000000  
 OBS            29
       0.28483853421249
       1.93512139391155
       1.00000000000000
 28 30 -1
obdef
loc3d
        4.93505853489354              0.69035668900909            163.38452148437500     -1
kind
     25     
    9000          153950     
       12.25000000000000  
 OBS            30
       6.36123363557767
       1.22284513492444
       1.00000000000000
 29 31 -1
obdef
loc3d
        4.93979773523841              0.67259214116167             45.00000000000000     -1
kind
     25     
    9000          153950     
       12.25000000000000  
 OBS            31
      -0.54529784016008
      -0.29583302277843
       1.00000000000000
 30 32 -1
obdef
loc3d
        4.92901815402419              0.68818595396932            126.56063842773440     -1
kind
     25     
    9000          153950     
       12.25000000000000  
 OBS            32
       1.97827197664323
       2.11337580173431
       1.00000000000000
 31 33 -1
obdef
loc3d
        4.92864050752959              0.68988490592333            360.09008789062500     -1
kind
     25     
    9000          153950     
       12.25000000000000  
 OBS            33
       4.65654424611268
       2.67839190195648
       1.00000000000000
 32 34 -1
obdef
loc3d
        4.94071794293451              0.68880476183725            173.77728271484381     -1
kind
     25     
    9000          153950     
       12.25000000000000  
 OBS            34
       1.38987810229067
      -0.06606145606090
       1.00000000000000
 33 35 -1
obdef
loc3d
        4.94475069255349              0.67936922784321             17.10044860839844     -1
kind
     25     
    9000          153950     
       12.25000000000000  
 OBS            35
       2.85540062284869
       0.16990542313121
       1.00000000000000
 34 36 -1
obdef
loc3d
        4.93040524362615              0.68956958577383            472.38653564453119     -1
kind
     25     
    9000          153950     
       12.25000000000000  
 OBS            36
       4.84454665134379
       2.05932741618262
       1.00000000000000
 35 37 -1
obdef
loc3d
        4.93438788521233              0.68743777381223            157.39462280273440     -1
kind
     25     
    9000          153950     
       12.25000000000000  
 OBS            37
      -2.03993235526345
      -1.02485085527022
       1.00000000000000
 36 38 -1
obdef
loc3d
        4.93003537520636              0.69083454089469            382.75677490234381     -1
kind
     25     
    9000          153950     
       12.25000000000000  
 OBS            38
       7.85192850468832
       1.81429191747823
       1.00000000000000
 37 39 -1
obdef
loc3d
        4.94262489165251              0.68702513034102            130.29710388183591     -1
kind
     25     
    9000          153950     
       12.25000000000000  
 OBS            39
      -2.69834605642635
       0.83956970614617
       1.00000000000000
 38 40 -1
obdef
loc3d
        4.93100113789334              0.68653549583784             94.66114807128906     -1
kind
     25     
    9000          153950     
       12.25000000000000  
 OBS            40
      -0.49992638856703
       1.08925982234597
       1.00000000000000
 39 41 -1
obdef
loc3d
        4.94000002935902              0.67612888350011             59.69976806640625     -1
kind
     25     
    9000          153950     
       12.25000000000000  
 OBS            41
       1.23420729872621
       3.90168017709321
       1.00000000000000
 40 42 -1
obdef
loc3d
        4.94231604692662              0.69077376274482            190.83442687988281     -1
kind
     25     
    9000          153950     
       12.25000000000000  
 OBS            42
      -2.22574277873163
       1.13989892255213
       1.00000000000000
 41 43 -1
obdef
loc3d
        4.93554247635603              0.69268257167582            131.09960937500000     -1
kind
     25     
    9000          153950     
       12.25000000000000  
 OBS            43
      -1.01849767903104
       2.79989245081462
       1.00000000000000
 42 44 -1
obdef
loc3d
        4.94069913477896              0.68279864123905            131.77731323242190     -1
kind
     25     
    9000          153950     
       12.25000000000000  
 OBS            44
       0.05264277330869
       0.06158347310552
       1.00000000000000
 43 45 -1
obdef
loc3d
        4.94367854378329              0.67420565331297             56.55799865722656     -1
kind
     25     
    9000          153950     
       12.25000000000000  
 OBS            45
       0.65967845481027
       0.50963474017238
       1.00000000000000
 44 46 -1
obdef
loc3d
        4.93814984943932              0.67457436016830             39.55386734008789     -1
kind
     25     
    9000          153950     
       12.25000000000000  
 OBS            46
      -1.74007491567835
       1.05824910190350
       1.00000000000000
 45 47 -1
obdef
loc3d
        4.94253566982520              0.68065092526894             48.56933593750000     -1
kind
     25     
    9000          153950     
       12.25000000000000  
 OBS            47
      -2.04305044906141
       1.39216203826453
       1.00000000000000
 46 48 -1
obdef
loc3d
        4.93593154408741              0.68080949477360             85.35743713378906     -1
kind
     25     
    9000          153950     
       12.25000000000000  
 OBS            48
       4.51348573418313
       2.04209781032495
       1.00000000000000
 47 49 -1
obdef
loc3d
        4.94758068519446              0.69282395273635            179.51908874511719     -1
kind
     25     
    9000          153950     
       12.25000000000000  
 OBS            49
       4.58916739561674
      -0.57727763511736
       1.00000000000000
 48 50 -1
obdef
loc3d
        4.93541634697774              0.67261831698898             21.54207611083984     -1
kind
     25     
    9000          153950     
       12.25000000000000  
 OBS            50
      -0.19580615979650
       1.76330483721284
       1.00000000000000
 49 51 -1
obdef
loc3d
        4.93342752395137              0.68533697059699            120.48287200927730     -1
kind
     25     
    9000          153950     
       12.25000000000000  
 OBS            51
      -1.66006750001085
       0.36958313619026
       1.00000000000000
 50 52 -1
obdef
loc3d
        4.92811551620144              0.69141391763145            189.00242614746091     -1
kind
     25     
    9000          153950     
       12.25000000000000  
 OBS            52
       3.08936316215577
       0.50937130010421
       1.00000000000000
 51 53 -1
obdef
loc3d
        4.94328780634786              0.67761918906629             21.61136627197266     -1
kind
     25     
    9000          153950     
       12.25000000000000  
 OBS            53
      -1.04159199580801
       3.44987258272774
       1.00000000000000
 52 54 -1
obdef
loc3d
        4.93617130041664              0.68578341426755            199.41349792480469     -1
kind
     25     
    9000          153950     
       12.25000000000000  
 OBS            54
       0.01292573062833
       0.56368452415378
       1.00000000000000
 53 55 -1
obdef
loc3d
        4.94488890698391              0.68151038983677             42.34177017211914     -1
kind
     25     
    9000          153950     
       12.25000000000000  
 OBS            55
      -1.37494104662263
       0.38222180420569
       1.00000000000000
 54 56 -1
obdef
loc3d
        4.94610769319308              0.67540343249948             44.88281250000000     -1
kind
     25     
    9000          153950     
       12.25000000000000  
 OBS            56
       7.16860491486012
       4.69385097007846
       1.00000000000000
 55 57 -1
obdef
loc3d
        4.93098289428918              0.69278368564599            411.59194946289062     -1
kind
     25     
    9000          153950     
       12.25000000000000  
 OBS            57
      -1.02729891649708
       0.41111814015921
       1.00000000000000
 56 58 -1
obdef
loc3d
        4.93746284305807              0.67295620864423             44.45593643188477     -1
kind
     25     
    9000          153950     
       12.25000000000000  
 OBS            58
       3.08073981991307
       3.16226225155546
       1.00000000000000
 57 59 -1
obdef
loc3d
        4.93742549337872              0.68866580079864            241.84100341796881     -1
kind
     25     
    9000          153950     
       12.25000000000000  
 OBS            59
      -0.89504175494422
       0.20730949385699
       1.00000000000000
 58 60 -1
obdef
loc3d
        4.94310367286119              0.67063823067780             37.30942153930664     -1
kind
     25     
    9000          153950     
       12.25000000000000  
 OBS            60
       5.15891871251531
      -0.76284712032632
       1.00000000000000
 59 61 -1
obdef
loc3d
        4.94312354358950              0.69286317278749            201.84664916992190     -1
kind
     25     
    9000          153950     
       12.25000000000000  
 OBS            61
       0.42501579789047
      -0.33790956975286
       1.00000000000000
 60 62 -1
obdef
loc3d
        4.93202293942753              0.69056809921756            124.38476562500000     -1
kind
     25     
    9000          153950     
       12.25000000000000  
 OBS            62
       6.81078379770448
       2.11004564363030
       1.00000000000000
 61 63 -1
obdef
loc3d
        4.93852899085493              0.69282303339671            210.85327148437500     -1
kind
     25     
    9000          153950     
       12.25000000000000  
 OBS            63
       2.14628312366487
       3.25817714121952
       1.00000000000000
 62 64 -1
obdef
loc3d
        4.93925110381924              0.68654477021234            169.40324401855469     -1
kind
     25     
    9000          153950     
       12.25000000000000  
 OBS            64
      -3.57276320355628
      -0.89690028410427
       1.00000000000000
 63 65 -1
obdef
loc3d
        4.94561300163474              0.69021407942450            101.67103576660161     -1
kind
     25     
    9000          153950     
       12.25000000000000  
 OBS            65
      -6.22796290963380
      -1.00019196368006
       1.00000000000000
 64 66 -1
obdef
loc3d
        4.94677761419795              0.66921213830349             30.00000000000000     -1
kind
     25     
    9000          153950     
       12.25000000000000  
 OBS            66
       0.08696009106966
       0.85083962578744
       1.00000000000000
 65 67 -1
obdef
loc3d
        4.91464000802058              0.69220313236118            256.98049926757812     -1
kind
     25     
    9000          153950     
       12.25000000000000  
 OBS            67
      -1.48300378484077
       0.65514994996470
       1.00000000000000
 66 68 -1
obdef
loc3d
        4.91222840493483              0.69213090540308            311.66015625000000     -1
kind
     25     
    9000          153950     
       12.25000000000000  
 OBS            68
       3.97250997655853
       1.87010010749282
       1.00000000000000
 67 69 -1
obdef
loc3d
        4.90319820253832              0.69077085029214            558.21520996093750     -1
kind
     25     
    9000          153950     
       12.25000000000000  
 OBS            69
       4.10074679147617
       2.33182615813723
       1.00000000000000
 68 70 -1
obdef
loc3d
        4.90548367400941              0.68961427180382            340.45385742187500     -1
kind
     25     
    9000          153950     
       12.25000000000000  
 OBS            70
       6.05045034010377
       1.61739870390129
       1.00000000000000
 69 71 -1
obdef
loc3d
        4.90182808691748              0.69286665451088            711.58941650390625     -1
kind
     25     
    9000          153950     
       12.25000000000000  
 OBS            71
       3.46826927047091
      -0.81472033399739
       1.00000000000000
 70 72 -1
obdef
loc3d
        4.92199514385413              0.69211089395115            185.84292602539060     -1
kind
     25     
    9000          153950     
       12.25000000000000  
 OBS            72
       3.07479823021111
       3.72271737272397
       1.00000000000000
 71 73 -1
obdef
loc3d
        4.91709198426003              0.69266703903771            205.88345336914060     -1
kind
     25     
    9000          153950     
       12.25000000000000  
 OBS            73
       4.66852589656098
       1.57128567322154
       1.00000000000000
 72 74 -1
obdef
loc3d
        4.91305125126208              0.69031483822850            320.48217773437500     -1
kind
     25     
    9000          153950     
       12.25000000000000  
 OBS            74
      -2.57770080360838
       0.12565722494098
       1.00000000000000
 73 75 -1
obdef
loc3d
        4.90918301095293              0.69233086407935            229.95614624023440     -1
kind
     25     
    9000          153950     
       12.25000000000000  
 OBS            75
       3.47912792210626
       2.54252278910057
       1.00000000000000
 74 76 -1
obdef
loc3d
        4.90002894620424              0.69031812013417            840.25653076171875     -1
kind
     25     
    9000          153950     
       12.25000000000000  
 OBS            76
       0.01788016552814
      -2.07897756233069
       1.00000000000000
 75 77 -1
obdef
loc3d
        4.90540352515539              0.69194112440599            606.33142089843750     -1
kind
     26     
    9000          153950     
       12.25000000000000  
 OBS            77
      -2.68227893068227
       0.57274548695706
       1.00000000000000
 76 78 -1
obdef
loc3d
        4.94546412681761              0.68348353984884             17.75631332397461     -1
kind
     26     
    9000          153950     
       12.25000000000000  
 OBS            78
       5.31939860461876
       1.76534933122027
       1.00000000000000
 77 79 -1
obdef
loc3d
        4.94660974174000              0.67744857875853             29.35406684875488     -1
kind
     26     
    9000          153950     
       12.25000000000000  
 OBS            79
       1.84519933717495
       1.45473238586265
       1.00000000000000
 78 80 -1
obdef
loc3d
        4.94648126630843              0.68652865419204             54.82812500000000     -1
kind
     26     
    9000          153950     
       12.25000000000000  
 OBS            80
       0.00046368273970
       0.82060232073881
       1.00000000000000
 79 81 -1
obdef
loc3d
        4.94445426011379              0.68507566758975             62.61011505126953     -1
kind
     26     
    9000          153950     
       12.25000000000000  
 OBS            81
       7.05846797201251
       1.75599453353219
       1.00000000000000
 80 82 -1
obdef
loc3d
        4.94602055174578              0.68752162087271            134.15721130371091     -1
kind
     26     
    9000          153950     
       12.25000000000000  
 OBS            82
       0.97378633956088
       2.09579876712045
       1.00000000000000
 81 83 -1
obdef
loc3d
        4.94603912728501              0.67254511985829             35.00297546386719     -1
kind
     26     
    9000          153950     
       12.25000000000000  
 OBS            83
       4.41030883105241
       4.59804770361217
       1.00000000000000
 82 84 -1
obdef
loc3d
        4.95877904994953              0.67986585977255             17.04111671447754     -1
kind
     26     
    9000          153950     
       12.25000000000000  
 OBS            84
       7.65672262903195
       3.23812356089571
       1.00000000000000
 83 85 -1
obdef
loc3d
        4.93958042817759              0.69095160998657            226.13127136230469     -1
kind
     26     
    9000          153950     
       12.25000000000000  
 OBS            85
       5.01570631905950
       0.64431170659867
       1.00000000000000
 84 86 -1
obdef
loc3d
        4.95756313665553              0.69181797222864             89.84997558593750     -1
kind
     26     
    9000          153950     
       12.25000000000000  
 OBS            86
       4.16748205172587
       2.10617494039972
       1.00000000000000
 85 87 -1
obdef
loc3d
        4.94078657111844              0.67409210989409             60.81152343750000     -1
kind
     26     
    9000          153950     
       12.25000000000000  
 OBS            87
      10.52296205805599
       5.42471795915367
       1.00000000000000
 86 88 -1
obdef
loc3d
        4.95557846691255              0.67267262139613              1.00000000000000     -1
kind
     26     
    9000          153950     
       12.25000000000000  
 OBS            88
       4.09865387053335
       2.84243161425511
       1.00000000000000
 87 89 -1
obdef
loc3d
        4.93193348448080              0.68856418981073            106.00000000000000     -1
kind
     26     
    9000          153950     
       12.25000000000000  
 OBS            89
       1.98628037222583
      -0.03758354844269
       1.00000000000000
 88 90 -1
obdef
loc3d
        4.89970838141578              0.68765245249877            785.09423828125000     -1
kind
     26     
    9000          153950     
       12.25000000000000  
 OBS            90
       1.91150016138176
       2.74780477054305
       1.00000000000000
 89 91 -1
obdef
loc3d
        4.95026814558372              0.68993059237416             93.11567687988281     -1
kind
     26     
    9000          153950     
       12.25000000000000  
 OBS            91
       2.94448728639685
       1.18321847172690
       1.00000000000000
 90 92 -1
obdef
loc3d
        4.94174512165160              0.68484635226999            116.56585693359381     -1
kind
     26     
    9000          153950     
       12.25000000000000  
 OBS            92
       5.28693281368843
       2.63342894521190
       1.00000000000000
 91 93 -1
obdef
loc3d
        4.95420735021482              0.68473663912788             15.00000000000000     -1
kind
     26     
    9000          153950     
       12.25000000000000  
 OBS            93
      -1.35450738124607
       0.70473383200575
       1.00000000000000
 92 94 -1
obdef
loc3d
        4.93477042118681              0.68310638816012            118.89588928222661     -1
kind
     26     
    9000          153950     
       12.25000000000000  
 OBS            94
       5.23949774362684
       1.63863916120922
       1.00000000000000
 93 95 -1
obdef
loc3d
        4.93795631029682              0.68276407673392            144.94107055664060     -1
kind
     26     
    9000          153950     
       12.25000000000000  
 OBS            95
       0.02372028679192
       0.98210816752357
       1.00000000000000
 94 96 -1
obdef
loc3d
        4.94001671685736              0.68064929967652             43.67281723022461     -1
kind
     26     
    9000          153950     
       12.25000000000000  
 OBS            96
       4.60229686452965
       2.68716064280908
       1.00000000000000
 95 97 -1
obdef
loc3d
        4.94058460161740              0.67807181314514             70.17810058593750     -1
kind
     26     
    9000          153950     
       12.25000000000000  
 OBS            97
       5.85303017606456
       3.81558500451572
       1.00000000000000
 96 98 -1
obdef
loc3d
        4.95423295419494              0.68033176843505              3.71636104583740     -1
kind
     26     
    9000          153950     
       12.25000000000000  
 OBS            98
       3.09071492336770
       2.56998249258113
       1.00000000000000
 97 99 -1
obdef
loc3d
        4.94926894458696              0.66642585587446             10.91526031494141     -1
kind
     26     
    9000          153950     
       12.25000000000000  
 OBS            99
       4.68354342328496
       4.96686627835461
       1.00000000000000
 98 100 -1
obdef
loc3d
        4.96223480186848              0.66700036066835              5.00000000000000     -1
kind
     26     
    9000          153950     
       12.25000000000000  
 OBS            100
       6.39529622859414
       4.22326775604354
       1.00000000000000
 99 101 -1
obdef
loc3d
        4.95546148971009              0.67729393735082              6.17724800109863     -1
kind
     26     
    9000          153950     
       12.25000000000000  
 OBS            101
       9.78017759060213
       1.60157559459304
       1.00000000000000
 100 102 -1
obdef
loc3d
        4.92652723985629              0.69051382381431            146.04148864746091     -1
kind
     26     
    9000          153950     
       12.25000000000000  
 OBS            102
       0.83718020525223
       4.61515603837796
       1.00000000000000
 101 103 -1
obdef
loc3d
        4.96366005344362              0.66920346185787              6.00000000000000     -1
kind
     26     
    9000          153950     
       12.25000000000000  
 OBS            103
       7.74987594544652
       5.23339915893493
       1.00000000000000
 102 104 -1
obdef
loc3d
        4.97052949833720              0.66907739847133              8.84140872955322     -1
kind
     26     
    9000          153950     
       12.25000000000000  
 OBS            104
       5.57315083233908
       5.01193431261713
       1.00000000000000
 103 105 -1
obdef
loc3d
        4.93505853489354              0.69035668900909            163.38452148437500     -1
kind
     26     
    9000          153950     
       12.25000000000000  
 OBS            105
      -2.11219093285795
       1.63911160622722
       1.00000000000000
 104 106 -1
obdef
loc3d
        4.93979773523841              0.67259214116167             45.00000000000000     -1
kind
     26     
    9000          153950     
       12.25000000000000  
 OBS            106
       3.07498217773304
       1.77336395538064
       1.00000000000000
 105 107 -1
obdef
loc3d
        4.92901815402419              0.68818595396932            126.56063842773440     -1
kind
     26     
    9000          153950     
       12.25000000000000  
 OBS            107
       6.32205062513082
       1.11099235520844
       1.00000000000000
 106 108 -1
obdef
loc3d
        4.92864050752959              0.68988490592333            360.09008789062500     -1
kind
     26     
    9000          153950     
       12.25000000000000  
 OBS            108
       0.10208725456671
       1.49443819359470
       1.00000000000000
 107 109 -1
obdef
loc3d
        4.94071794293451              0.68880476183725            173.77728271484381     -1
kind
     26     
    9000          153950     
       12.25000000000000  
 OBS            109
       3.99915353352074
       2.50416492169162
       1.00000000000000
 108 110 -1
obdef
loc3d
        4.94475069255349              0.67936922784321             17.10044860839844     -1
kind
     26     
    9000          153950     
       12.25000000000000  
 OBS            110
       4.83383833448232
       2.00733162622752
       1.00000000000000
 109 111 -1
obdef
loc3d
        4.93040524362615              0.68956958577383            472.38653564453119     -1
kind
     26     
    9000          153950     
       12.25000000000000  
 OBS            111
       2.75932817723568
       3.22384372261906
       1.00000000000000
 110 112 -1
obdef
loc3d
        4.93438788521233              0.68743777381223            157.39462280273440     -1
kind
     26     
    9000          153950     
       12.25000000000000  
 OBS            112
       4.01658003341232
       1.21201948932242
       1.00000000000000
 111 113 -1
obdef
loc3d
        4.93003537520636              0.69083454089469            382.75677490234381     -1
kind
     26     
    9000          153950     
       12.25000000000000  
 OBS            113
      -1.45787787748167
       1.40990233889588
       1.00000000000000
 112 114 -1
obdef
loc3d
        4.94262489165251              0.68702513034102            130.29710388183591     -1
kind
     26     
    9000          153950     
       12.25000000000000  
 OBS            114
       3.36139359511614
       2.08640712213139
       1.00000000000000
 113 115 -1
obdef
loc3d
        4.93100113789334              0.68653549583784             94.66114807128906     -1
kind
     26     
    9000          153950     
       12.25000000000000  
 OBS            115
       2.48152194096873
       2.47197172451980
       1.00000000000000
 114 116 -1
obdef
loc3d
        4.94000002935902              0.67612888350011             59.69976806640625     -1
kind
     26     
    9000          153950     
       12.25000000000000  
 OBS            116
       3.23367982451910
       3.08898996328997
       1.00000000000000
 115 117 -1
obdef
loc3d
        4.94231604692662              0.69077376274482            190.83442687988281     -1
kind
     26     
    9000          153950     
       12.25000000000000  
 OBS            117
       3.01534240237466
       4.15562505624797
       1.00000000000000
 116 118 -1
obdef
loc3d
        4.93554247635603              0.69268257167582            131.09960937500000     -1
kind
     26     
    9000          153950     
       12.25000000000000  
 OBS            118
       5.96991728449978
       1.74612091134060
       1.00000000000000
 117 119 -1
obdef
loc3d
        4.94069913477896              0.68279864123905            131.77731323242190     -1
kind
     26     
    9000          153950     
       12.25000000000000  
 OBS            119
      -1.61420133512100
       1.95016427144587
       1.00000000000000
 118 120 -1
obdef
loc3d
        4.94367854378329              0.67420565331297             56.55799865722656     -1
kind
     26     
    9000          153950     
       12.25000000000000  
 OBS            120
       0.39477494180404
       2.15037582220438
       1.00000000000000
 119 121 -1
obdef
loc3d
        4.93814984943932              0.67457436016830             39.55386734008789     -1
kind
     26     
    9000          153950     
       12.25000000000000  
 OBS            121
       9.09637634634963
       1.89959043241488
       1.00000000000000
 120 122 -1
obdef
loc3d
        4.94253566982520              0.68065092526894             48.56933593750000     -1
kind
     26     
    9000          153950     
       12.25000000000000  
 OBS            122
       2.77989288821642
       1.51703865358084
       1.00000000000000
 121 123 -1
obdef
loc3d
        4.93593154408741              0.68080949477360             85.35743713378906     -1
kind
     26     
    9000          153950     
       12.25000000000000  
 OBS            123
       0.77894343337311
       0.07235250096799
       1.00000000000000
 122 124 -1
obdef
loc3d
        4.94758068519446              0.69282395273635            179.51908874511719     -1
kind
     26     
    9000          153950     
       12.25000000000000  
 OBS            124
       4.43721433932063
       2.03992384449911
       1.00000000000000
 123 125 -1
obdef
loc3d
        4.93541634697774              0.67261831698898             21.54207611083984     -1
kind
     26     
    9000          153950     
       12.25000000000000  
 OBS            125
      -0.09484961770525
       2.90291578160822
       1.00000000000000
 124 126 -1
obdef
loc3d
        4.93342752395137              0.68533697059699            120.48287200927730     -1
kind
     26     
    9000          153950     
       12.25000000000000  
 OBS            126
       1.11105959967051
       2.18468513416461
       1.00000000000000
 125 127 -1
obdef
loc3d
        4.92811551620144              0.69141391763145            189.00242614746091     -1
kind
     26     
    9000          153950     
       12.25000000000000  
 OBS            127
       4.16742017473889
       2.02227067125790
       1.00000000000000
 126 128 -1
obdef
loc3d
        4.94328780634786              0.67761918906629             21.61136627197266     -1
kind
     26     
    9000          153950     
       12.25000000000000  
 OBS            128
       3.00193339884008
       2.90747838499815
       1.00000000000000
 127 129 -1
obdef
loc3d
        4.93617130041664              0.68578341426755            199.41349792480469     -1
kind
     26     
    9000          153950     
       12.25000000000000  
 OBS            129
       2.93897635000127
       1.55566895786688
       1.00000000000000
 128 130 -1
obdef
loc3d
        4.94488890698391              0.68151038983677             42.34177017211914     -1
kind
     26     
    9000          153950     
       12.25000000000000  
 OBS            130
       5.85925173064898
       2.92752505455829
       1.00000000000000
 129 131 -1
obdef
loc3d
        4.94610769319308              0.67540343249948             44.88281250000000     -1
kind
     26     
    9000          153950     
       12.25000000000000  
 OBS            131
       6.68386383901259
       2.56420121015144
       1.00000000000000
 130 132 -1
obdef
loc3d
        4.93098289428918              0.69278368564599            411.59194946289062     -1
kind
     26     
    9000          153950     
       12.25000000000000  
 OBS            132
      -0.23987659545516
       2.14609728301125
       1.00000000000000
 131 133 -1
obdef
loc3d
        4.93746284305807              0.67295620864423             44.45593643188477     -1
kind
     26     
    9000          153950     
       12.25000000000000  
 OBS            133
      -0.15202615691578
       0.89498093435794
       1.00000000000000
 132 134 -1
obdef
loc3d
        4.93742549337872              0.68866580079864            241.84100341796881     -1
kind
     26     
    9000          153950     
       12.25000000000000  
 OBS            134
      -0.84168269264137
       1.79164296561220
       1.00000000000000
 133 135 -1
obdef
loc3d
        4.94310367286119              0.67063823067780             37.30942153930664     -1
kind
     26     
    9000          153950     
       12.25000000000000  
 OBS            135
       4.78737520119084
       1.35888149947385
       1.00000000000000
 134 136 -1
obdef
loc3d
        4.94312354358950              0.69286317278749            201.84664916992190     -1
kind
     26     
    9000          153950     
       12.25000000000000  
 OBS            136
      10.02737184278130
       3.81913021188895
       1.00000000000000
 135 137 -1
obdef
loc3d
        4.93202293942753              0.69056809921756            124.38476562500000     -1
kind
     26     
    9000          153950     
       12.25000000000000  
 OBS            137
       3.37244797981759
       2.95621653135187
       1.00000000000000
 136 138 -1
obdef
loc3d
        4.93852899085493              0.69282303339671            210.85327148437500     -1
kind
     26     
    9000          153950     
       12.25000000000000  
 OBS            138
       4.03533472153459
       3.21860592409315
       1.00000000000000
 137 139 -1
obdef
loc3d
        4.93925110381924              0.68654477021234            169.40324401855469     -1
kind
     26     
    9000          153950     
       12.25000000000000  
 OBS            139
      -0.22873724343984
       1.65198863240924
       1.00000000000000
 138 140 -1
obdef
loc3d
        4.94561300163474              0.69021407942450            101.67103576660161     -1
kind
     26     
    9000          153950     
       12.25000000000000  
 OBS            140
      -0.48062184922499
       1.65009808403664
       1.00000000000000
 139 141 -1
obdef
loc3d
        4.94677761419795              0.66921213830349             30.00000000000000     -1
kind
     26     
    9000          153950     
       12.25000000000000  
 OBS            141
      -1.74135226815780
      -0.67753456858407
       1.00000000000000
 140 142 -1
obdef
loc3d
        4.91464000802058              0.69220313236118            256.98049926757812     -1
kind
     26     
    9000          153950     
       12.25000000000000  
 OBS            142
       3.01200047234318
      -1.75456652145432
       1.00000000000000
 141 143 -1
obdef
loc3d
        4.91222840493483              0.69213090540308            311.66015625000000     -1
kind
     26     
    9000          153950     
       12.25000000000000  
 OBS            143
      -4.97974439556945
       0.43264849334810
       1.00000000000000
 142 144 -1
obdef
loc3d
        4.90319820253832              0.69077085029214            558.21520996093750     -1
kind
     26     
    9000          153950     
       12.25000000000000  
 OBS            144
      -2.39412409813076
      -0.79716180367536
       1.00000000000000
 143 145 -1
obdef
loc3d
        4.90548367400941              0.68961427180382            340.45385742187500     -1
kind
     26     
    9000          153950     
       12.25000000000000  
 OBS            145
      -6.39612484941793
      -0.20796161737147
       1.00000000000000
 144 146 -1
obdef
loc3d
        4.90182808691748              0.69286665451088            711.58941650390625     -1
kind
     26     
    9000          153950     
       12.25000000000000  
 OBS            146
      -2.29376219855192
      -1.22576243892012
       1.00000000000000
 145 147 -1
obdef
loc3d
        4.92199514385413              0.69211089395115            185.84292602539060     -1
kind
     26     
    9000          153950     
       12.25000000000000  
 OBS            147
      -3.08919275077403
      -1.25041807091952
       1.00000000000000
 146 148 -1
obdef
loc3d
        4.91709198426003              0.69266703903771            205.88345336914060     -1
kind
     26     
    9000          153950     
       12.25000000000000  
 OBS            148
       1.01460532466529
      -0.24655091638929
       1.00000000000000
 147 149 -1
obdef
loc3d
        4.91305125126208              0.69031483822850            320.48217773437500     -1
kind
     26     
    9000          153950     
       12.25000000000000  
 OBS            149
       0.15823388008322
      -1.14016803949988
       1.00000000000000
 148 150 -1
obdef
loc3d
        4.90918301095293              0.69233086407935            229.95614624023440     -1
kind
     26     
    9000          153950     
       12.25000000000000  
 OBS            150
      -4.08576091482960
       0.47731247166497
       1.00000000000000
 149 151 -1
obdef
loc3d
        4.90002894620424              0.69031812013417            840.25653076171875     -1
kind
     26     
    9000          153950     
       12.25000000000000  
 OBS            151
     296.52707400789342
     295.63027520405097
       1.00000000000000
 150 152 -1
obdef
loc3d
        4.90540352515539              0.69194112440599            606.33142089843750     -1
kind
     27     
    9000          153950     
        6.25000000000000  
 OBS            152
     297.80573189132025
     296.98017647274298
       1.00000000000000
 151 153 -1
obdef
loc3d
        4.94546412681761              0.68348353984884             17.75631332397461     -1
kind
     27     
    9000          153950     
        6.25000000000000  
 OBS            153
     295.75508654769448
     297.60252095109399
       1.00000000000000
 152 154 -1
obdef
loc3d
        4.94660974174000              0.67744857875853             29.35406684875488     -1
kind
     27     
    9000          153950     
        6.25000000000000  
 OBS            154
     296.66033989796608
     297.33135203011699
       1.00000000000000
 153 155 -1
obdef
loc3d
        4.94648126630843              0.68652865419204             54.82812500000000     -1
kind
     27     
    9000          153950     
        6.25000000000000  
 OBS            155
     297.89635649730235
     297.13362446815597
       1.00000000000000
 154 156 -1
obdef
loc3d
        4.94445426011379              0.68507566758975             62.61011505126953     -1
kind
     27     
    9000          153950     
        6.25000000000000  
 OBS            156
     297.80729964574823
     297.37652285091798
       1.00000000000000
 155 157 -1
obdef
loc3d
        4.94602055174578              0.68752162087271            134.15721130371091     -1
kind
     27     
    9000          153950     
        6.25000000000000  
 OBS            157
     298.50469890827043
     298.69635109748202
       1.00000000000000
 156 158 -1
obdef
loc3d
        4.94603912728501              0.67254511985829             35.00297546386719     -1
kind
     27     
    9000          153950     
        6.25000000000000  
 OBS            158
     298.53881803460865
     298.96546893753202
       1.00000000000000
 157 159 -1
obdef
loc3d
        4.95877904994953              0.67986585977255             17.04111671447754     -1
kind
     27     
    9000          153950     
        6.25000000000000  
 OBS            159
     295.56351525272686
     297.34425270926101
       1.00000000000000
 158 160 -1
obdef
loc3d
        4.93958042817759              0.69095160998657            226.13127136230469     -1
kind
     27     
    9000          153950     
        6.25000000000000  
 OBS            160
     295.29532155706084
     297.26152303853900
       1.00000000000000
 159 161 -1
obdef
loc3d
        4.95756313665553              0.69181797222864             89.84997558593750     -1
kind
     27     
    9000          153950     
        6.25000000000000  
 OBS            161
     297.66377030614399
     297.95702135438398
       1.00000000000000
 160 162 -1
obdef
loc3d
        4.94078657111844              0.67409210989409             60.81152343750000     -1
kind
     27     
    9000          153950     
        6.25000000000000  
 OBS            162
     299.48009761984366
     299.40045090231303
       1.00000000000000
 161 163 -1
obdef
loc3d
        4.95557846691255              0.67267262139613              1.00000000000000     -1
kind
     27     
    9000          153950     
        6.25000000000000  
 OBS            163
     299.17888559990689
     298.83265210019499
       1.00000000000000
 162 164 -1
obdef
loc3d
        4.93193348448080              0.68856418981073            106.00000000000000     -1
kind
     27     
    9000          153950     
        6.25000000000000  
 OBS            164
     291.40067958806009
     292.80950202972002
       1.00000000000000
 163 165 -1
obdef
loc3d
        4.89970838141578              0.68765245249877            785.09423828125000     -1
kind
     27     
    9000          153950     
        6.25000000000000  
 OBS            165
     296.81446418235254
     297.14544058041201
       1.00000000000000
 164 166 -1
obdef
loc3d
        4.95026814558372              0.68993059237416             93.11567687988281     -1
kind
     27     
    9000          153950     
        6.25000000000000  
 OBS            166
     297.30652293494961
     297.16798689932398
       1.00000000000000
 165 167 -1
obdef
loc3d
        4.94174512165160              0.68484635226999            116.56585693359381     -1
kind
     27     
    9000          153950     
        6.25000000000000  
 OBS            167
     298.28214517482201
     297.61434044282902
       1.00000000000000
 166 168 -1
obdef
loc3d
        4.95420735021482              0.68473663912788             15.00000000000000     -1
kind
     27     
    9000          153950     
        6.25000000000000  
 OBS            168
     297.09382280329316
     297.14654686449501
       1.00000000000000
 167 169 -1
obdef
loc3d
        4.93477042118681              0.68310638816012            118.89588928222661     -1
kind
     27     
    9000          153950     
        6.25000000000000  
 OBS            169
     297.89652401783184
     297.14513121338899
       1.00000000000000
 168 170 -1
obdef
loc3d
        4.93795631029682              0.68276407673392            144.94107055664060     -1
kind
     27     
    9000          153950     
        6.25000000000000  
 OBS            170
     295.92734973659577
     296.94818057392200
       1.00000000000000
 169 171 -1
obdef
loc3d
        4.94001671685736              0.68064929967652             43.67281723022461     -1
kind
     27     
    9000          153950     
        6.25000000000000  
 OBS            171
     297.45905625595316
     297.81150792271501
       1.00000000000000
 170 172 -1
obdef
loc3d
        4.94058460161740              0.67807181314514             70.17810058593750     -1
kind
     27     
    9000          153950     
        6.25000000000000  
 OBS            172
     299.10982097514278
     298.27877638323201
       1.00000000000000
 171 173 -1
obdef
loc3d
        4.95423295419494              0.68033176843505              3.71636104583740     -1
kind
     27     
    9000          153950     
        6.25000000000000  
 OBS            173
     300.24781921104636
     299.72731782804698
       1.00000000000000
 172 174 -1
obdef
loc3d
        4.94926894458696              0.66642585587446             10.91526031494141     -1
kind
     27     
    9000          153950     
        6.25000000000000  
 OBS            174
     298.14968463299277
     298.95043732815799
       1.00000000000000
 173 175 -1
obdef
loc3d
        4.96223480186848              0.66700036066835              5.00000000000000     -1
kind
     27     
    9000          153950     
        6.25000000000000  
 OBS            175
     296.19506806894196
     298.46502434107799
       1.00000000000000
 174 176 -1
obdef
loc3d
        4.95546148971009              0.67729393735082              6.17724800109863     -1
kind
     27     
    9000          153950     
        6.25000000000000  
 OBS            176
     299.85549645409890
     299.75093352212900
       1.00000000000000
 175 177 -1
obdef
loc3d
        4.92652723985629              0.69051382381431            146.04148864746091     -1
kind
     27     
    9000          153950     
        6.25000000000000  
 OBS            177
     297.20799781555638
     298.50218067245800
       1.00000000000000
 176 178 -1
obdef
loc3d
        4.96366005344362              0.66920346185787              6.00000000000000     -1
kind
     27     
    9000          153950     
        6.25000000000000  
 OBS            178
     297.29426470056143
     296.79645372315298
       1.00000000000000
 177 179 -1
obdef
loc3d
        4.97052949833720              0.66907739847133              8.84140872955322     -1
kind
     27     
    9000          153950     
        6.25000000000000  
 OBS            179
     297.24742113531687
     298.01012961950698
       1.00000000000000
 178 180 -1
obdef
loc3d
        4.93505853489354              0.69035668900909            163.38452148437500     -1
kind
     27     
    9000          153950     
        6.25000000000000  
 OBS            180
     297.53518211650703
     298.11106464429997
       1.00000000000000
 179 181 -1
obdef
loc3d
        4.93979773523841              0.67259214116167             45.00000000000000     -1
kind
     27     
    9000          153950     
        6.25000000000000  
 OBS            181
     297.47758155455136
     297.73965289543003
       1.00000000000000
 180 182 -1
obdef
loc3d
        4.92901815402419              0.68818595396932            126.56063842773440     -1
kind
     27     
    9000          153950     
        6.25000000000000  
 OBS            182
     298.78056937716190
     298.67758444362198
       1.00000000000000
 181 183 -1
obdef
loc3d
        4.92864050752959              0.68988490592333            360.09008789062500     -1
kind
     27     
    9000          153950     
        6.25000000000000  
 OBS            183
     296.56030968317469
     297.33794190416899
       1.00000000000000
 182 184 -1
obdef
loc3d
        4.94071794293451              0.68880476183725            173.77728271484381     -1
kind
     27     
    9000          153950     
        6.25000000000000  
 OBS            184
     297.13375785041040
     297.47394749908801
       1.00000000000000
 183 185 -1
obdef
loc3d
        4.94475069255349              0.67936922784321             17.10044860839844     -1
kind
     27     
    9000          153950     
        6.25000000000000  
 OBS            185
     298.57503249752779
     297.10838115299799
       1.00000000000000
 184 186 -1
obdef
loc3d
        4.93040524362615              0.68956958577383            472.38653564453119     -1
kind
     27     
    9000          153950     
        6.25000000000000  
 OBS            186
     297.40572645784584
     298.45113880327500
       1.00000000000000
 185 187 -1
obdef
loc3d
        4.93438788521233              0.68743777381223            157.39462280273440     -1
kind
     27     
    9000          153950     
        6.25000000000000  
 OBS            187
     297.73378220946159
     297.30073099008098
       1.00000000000000
 186 188 -1
obdef
loc3d
        4.93003537520636              0.69083454089469            382.75677490234381     -1
kind
     27     
    9000          153950     
        6.25000000000000  
 OBS            188
     299.76604851669055
     297.71554911301098
       1.00000000000000
 187 189 -1
obdef
loc3d
        4.94262489165251              0.68702513034102            130.29710388183591     -1
kind
     27     
    9000          153950     
        6.25000000000000  
 OBS            189
     296.39631071085432
     297.51265731017799
       1.00000000000000
 188 190 -1
obdef
loc3d
        4.93100113789334              0.68653549583784             94.66114807128906     -1
kind
     27     
    9000          153950     
        6.25000000000000  
 OBS            190
     298.95832428596628
     297.85054435567298
       1.00000000000000
 189 191 -1
obdef
loc3d
        4.94000002935902              0.67612888350011             59.69976806640625     -1
kind
     27     
    9000          153950     
        6.25000000000000  
 OBS            191
     299.94184888065809
     296.96032029670198
       1.00000000000000
 190 192 -1
obdef
loc3d
        4.94231604692662              0.69077376274482            190.83442687988281     -1
kind
     27     
    9000          153950     
        6.25000000000000  
 OBS            192
     299.75190469985199
     298.20902955115702
       1.00000000000000
 191 193 -1
obdef
loc3d
        4.93554247635603              0.69268257167582            131.09960937500000     -1
kind
     27     
    9000          153950     
        6.25000000000000  
 OBS            193
     298.08521754342786
     297.25899192885902
       1.00000000000000
 192 194 -1
obdef
loc3d
        4.94069913477896              0.68279864123905            131.77731323242190     -1
kind
     27     
    9000          153950     
        6.25000000000000  
 OBS            194
     298.40651872739937
     297.79437325760199
       1.00000000000000
 193 195 -1
obdef
loc3d
        4.94367854378329              0.67420565331297             56.55799865722656     -1
kind
     27     
    9000          153950     
        6.25000000000000  
 OBS            195
     296.88054286753601
     297.66357437193301
       1.00000000000000
 194 196 -1
obdef
loc3d
        4.93814984943932              0.67457436016830             39.55386734008789     -1
kind
     27     
    9000          153950     
        6.25000000000000  
 OBS            196
     296.32807511296323
     296.68624924762298
       1.00000000000000
 195 197 -1
obdef
loc3d
        4.94253566982520              0.68065092526894             48.56933593750000     -1
kind
     27     
    9000          153950     
        6.25000000000000  
 OBS            197
     296.47160583728436
     297.13556868193399
       1.00000000000000
 196 198 -1
obdef
loc3d
        4.93593154408741              0.68080949477360             85.35743713378906     -1
kind
     27     
    9000          153950     
        6.25000000000000  
 OBS            198
     295.07571232814803
     296.66178552730503
       1.00000000000000
 197 199 -1
obdef
loc3d
        4.94758068519446              0.69282395273635            179.51908874511719     -1
kind
     27     
    9000          153950     
        6.25000000000000  
 OBS            199
     298.01646698305359
     297.53131304740998
       1.00000000000000
 198 200 -1
obdef
loc3d
        4.93541634697774              0.67261831698898             21.54207611083984     -1
kind
     27     
    9000          153950     
        6.25000000000000  
 OBS            200
     297.13136035643566
     297.53385364573899
       1.00000000000000
 199 201 -1
obdef
loc3d
        4.93342752395137              0.68533697059699            120.48287200927730     -1
kind
     27     
    9000          153950     
        6.25000000000000  
 OBS            201
     298.43668930780757
     299.34936408105199
       1.00000000000000
 200 202 -1
obdef
loc3d
        4.92811551620144              0.69141391763145            189.00242614746091     -1
kind
     27     
    9000          153950     
        6.25000000000000  
 OBS            202
     297.13876389852021
     297.75104818987199
       1.00000000000000
 201 203 -1
obdef
loc3d
        4.94328780634786              0.67761918906629             21.61136627197266     -1
kind
     27     
    9000          153950     
        6.25000000000000  
 OBS            203
     298.42624976585233
     297.62346583677203
       1.00000000000000
 202 204 -1
obdef
loc3d
        4.93617130041664              0.68578341426755            199.41349792480469     -1
kind
     27     
    9000          153950     
        6.25000000000000  
 OBS            204
     295.52855016254296
     296.86286257056798
       1.00000000000000
 203 205 -1
obdef
loc3d
        4.94488890698391              0.68151038983677             42.34177017211914     -1
kind
     27     
    9000          153950     
        6.25000000000000  
 OBS            205
     298.81274392852140
     298.27750684222099
       1.00000000000000
 204 206 -1
obdef
loc3d
        4.94610769319308              0.67540343249948             44.88281250000000     -1
kind
     27     
    9000          153950     
        6.25000000000000  
 OBS            206
     298.40961385284584
     298.54762933377702
       1.00000000000000
 205 207 -1
obdef
loc3d
        4.93098289428918              0.69278368564599            411.59194946289062     -1
kind
     27     
    9000          153950     
        6.25000000000000  
 OBS            207
     297.65934168179137
     297.70518217136600
       1.00000000000000
 206 208 -1
obdef
loc3d
        4.93746284305807              0.67295620864423             44.45593643188477     -1
kind
     27     
    9000          153950     
        6.25000000000000  
 OBS            208
     296.28526266642098
     297.37647489461898
       1.00000000000000
 207 209 -1
obdef
loc3d
        4.93742549337872              0.68866580079864            241.84100341796881     -1
kind
     27     
    9000          153950     
        6.25000000000000  
 OBS            209
     297.77812805358678
     298.86887611887897
       1.00000000000000
 208 210 -1
obdef
loc3d
        4.94310367286119              0.67063823067780             37.30942153930664     -1
kind
     27     
    9000          153950     
        6.25000000000000  
 OBS            210
     296.06127467668512
     296.40722767170200
       1.00000000000000
 209 211 -1
obdef
loc3d
        4.94312354358950              0.69286317278749            201.84664916992190     -1
kind
     27     
    9000          153950     
        6.25000000000000  
 OBS            211
     298.85214800050113
     298.83179570633598
       1.00000000000000
 210 212 -1
obdef
loc3d
        4.93202293942753              0.69056809921756            124.38476562500000     -1
kind
     27     
    9000          153950     
        6.25000000000000  
 OBS            212
     299.51281428973840
     297.73819574408799
       1.00000000000000
 211 213 -1
obdef
loc3d
        4.93852899085493              0.69282303339671            210.85327148437500     -1
kind
     27     
    9000          153950     
        6.25000000000000  
 OBS            213
     297.00272991647250
     297.95717543099198
       1.00000000000000
 212 214 -1
obdef
loc3d
        4.93925110381924              0.68654477021234            169.40324401855469     -1
kind
     27     
    9000          153950     
        6.25000000000000  
 OBS            214
     297.55035321061985
     297.89104035359600
       1.00000000000000
 213 215 -1
obdef
loc3d
        4.94561300163474              0.69021407942450            101.67103576660161     -1
kind
     27     
    9000          153950     
        6.25000000000000  
 OBS            215
     300.03051581673060
     300.03400049943599
       1.00000000000000
 214 216 -1
obdef
loc3d
        4.94677761419795              0.66921213830349             30.00000000000000     -1
kind
     27     
    9000          153950     
        6.25000000000000  
 OBS            216
     298.77790314640504
     298.40418440883599
       1.00000000000000
 215 217 -1
obdef
loc3d
        4.91464000802058              0.69220313236118            256.98049926757812     -1
kind
     27     
    9000          153950     
        6.25000000000000  
 OBS            217
     297.54538186744008
     297.84311188177003
       1.00000000000000
 216 218 -1
obdef
loc3d
        4.91222840493483              0.69213090540308            311.66015625000000     -1
kind
     27     
    9000          153950     
        6.25000000000000  
 OBS            218
     291.68364466230832
     293.31054233250001
       1.00000000000000
 217 219 -1
obdef
loc3d
        4.90319820253832              0.69077085029214            558.21520996093750     -1
kind
     27     
    9000          153950     
        6.25000000000000  
 OBS            219
     297.42506803208749
     297.98281057311800
       1.00000000000000
 218 220 -1
obdef
loc3d
        4.90548367400941              0.68961427180382            340.45385742187500     -1
kind
     27     
    9000          153950     
        6.25000000000000  
 OBS            220
     294.05415238455993
     293.79035535672699
       1.00000000000000
 219 221 -1
obdef
loc3d
        4.90182808691748              0.69286665451088            711.58941650390625     -1
kind
     27     
    9000          153950     
        6.25000000000000  
 OBS            221
     299.99960286119756
     299.34970056580102
       1.00000000000000
 220 222 -1
obdef
loc3d
        4.92199514385413              0.69211089395115            185.84292602539060     -1
kind
     27     
    9000          153950     
        6.25000000000000  
 OBS            222
     299.25147577383257
     299.84851849119701
       1.00000000000000
 221 223 -1
obdef
loc3d
        4.91709198426003              0.69266703903771            205.88345336914060     -1
kind
     27     
    9000          153950     
        6.25000000000000  
 OBS            223
     299.76278830137159
     298.35968663374399
       1.00000000000000
 222 224 -1
obdef
loc3d
        4.91305125126208              0.69031483822850            320.48217773437500     -1
kind
     27     
    9000          153950     
        6.25000000000000  
 OBS            224
     299.58464335462753
     298.28562195568401
       1.00000000000000
 223 225 -1
obdef
loc3d
        4.90918301095293              0.69233086407935            229.95614624023440     -1
kind
     27     
    9000          153950     
        6.25000000000000  
 OBS            225
     293.32102630730600
     292.28718195853997
       1.00000000000000
 224 -1 -1
obdef
loc3d
        4.90002894620424              0.69031812013417            840.25653076171875     -1
kind
     27     
    9000          153950     
        6.25000000000000  
