 obs_sequence
obs_kind_definitions
       3
    25          LAND_SFC_U_WIND_COMPONENT   
    26          LAND_SFC_V_WIND_COMPONENT   
    27          LAND_SFC_TEMPERATURE   
  num_copies:            2  num_qc:            1
 num_obs:       225  max_num_obs:       225
observations
truth
QC radar
  first:            1  last:       225
 OBS            1
      -6.76412352833847
      -1.07560641782215
       1.00000000000000
 -1 2 -1
obdef
loc3d
        4.90540352515539              0.69194112440599            606.33142089843750     -1
kind
     25     
    15300          153950     
       12.25000000000000  
 OBS            2
       2.54495755981687
       1.41779535246698
       1.00000000000000
 1 3 -1
obdef
loc3d
        4.94546412681761              0.68348353984884             17.75631332397461     -1
kind
     25     
    15300          153950     
       12.25000000000000  
 OBS            3
       1.31249792597240
       2.26195972640166
       1.00000000000000
 2 4 -1
obdef
loc3d
        4.94660974174000              0.67744857875853             29.35406684875488     -1
kind
     25     
    15300          153950     
       12.25000000000000  
 OBS            4
       0.46427479655396
       0.64856194169112
       1.00000000000000
 3 5 -1
obdef
loc3d
        4.94648126630843              0.68652865419204             54.82812500000000     -1
kind
     25     
    15300          153950     
       12.25000000000000  
 OBS            5
       1.83318132729678
       2.22119294085070
       1.00000000000000
 4 6 -1
obdef
loc3d
        4.94445426011379              0.68507566758975             62.61011505126953     -1
kind
     25     
    15300          153950     
       12.25000000000000  
 OBS            6
       4.36023539982982
       1.23107812062121
       1.00000000000000
 5 7 -1
obdef
loc3d
        4.94602055174578              0.68752162087271            134.15721130371091     -1
kind
     25     
    15300          153950     
       12.25000000000000  
 OBS            7
       0.31012172078182
       1.75955970201169
       1.00000000000000
 6 8 -1
obdef
loc3d
        4.94603912728501              0.67254511985829             35.00297546386719     -1
kind
     25     
    15300          153950     
       12.25000000000000  
 OBS            8
       0.78779143922653
       1.02025437980656
       1.00000000000000
 7 9 -1
obdef
loc3d
        4.95877904994953              0.67986585977255             17.04111671447754     -1
kind
     25     
    15300          153950     
       12.25000000000000  
 OBS            9
      -1.52832284192760
       2.72770674980287
       1.00000000000000
 8 10 -1
obdef
loc3d
        4.93958042817759              0.69095160998657            226.13127136230469     -1
kind
     25     
    15300          153950     
       12.25000000000000  
 OBS            10
       0.83152323503059
       0.18248856002234
       1.00000000000000
 9 11 -1
obdef
loc3d
        4.95756313665553              0.69181797222864             89.84997558593750     -1
kind
     25     
    15300          153950     
       12.25000000000000  
 OBS            11
       2.05343967402114
       1.42171376733240
       1.00000000000000
 10 12 -1
obdef
loc3d
        4.94078657111844              0.67409210989409             60.81152343750000     -1
kind
     25     
    15300          153950     
       12.25000000000000  
 OBS            12
       1.32702760042940
       1.10770571988990
       1.00000000000000
 11 13 -1
obdef
loc3d
        4.95557846691255              0.67267262139613              1.00000000000000     -1
kind
     25     
    15300          153950     
       12.25000000000000  
 OBS            13
      -2.23590005267586
       0.60522736886485
       1.00000000000000
 12 14 -1
obdef
loc3d
        4.93193348448080              0.68856418981073            106.00000000000000     -1
kind
     25     
    15300          153950     
       12.25000000000000  
 OBS            14
       9.55824404870430
       3.13299856839371
       1.00000000000000
 13 15 -1
obdef
loc3d
        4.89970838141578              0.68765245249877            785.09423828125000     -1
kind
     25     
    15300          153950     
       12.25000000000000  
 OBS            15
      -1.46950526942824
       0.21556608611983
       1.00000000000000
 14 16 -1
obdef
loc3d
        4.95026814558372              0.68993059237416             93.11567687988281     -1
kind
     25     
    15300          153950     
       12.25000000000000  
 OBS            16
       3.30361250605914
       0.51283760733168
       1.00000000000000
 15 17 -1
obdef
loc3d
        4.94174512165160              0.68484635226999            116.56585693359381     -1
kind
     25     
    15300          153950     
       12.25000000000000  
 OBS            17
      -4.20773665057435
      -0.08813160674993
       1.00000000000000
 16 18 -1
obdef
loc3d
        4.95420735021482              0.68473663912788             15.00000000000000     -1
kind
     25     
    15300          153950     
       12.25000000000000  
 OBS            18
      -2.89955881272695
       0.57823349343411
       1.00000000000000
 17 19 -1
obdef
loc3d
        4.93477042118681              0.68310638816012            118.89588928222661     -1
kind
     25     
    15300          153950     
       12.25000000000000  
 OBS            19
      -0.34767767032950
       2.14084040951374
       1.00000000000000
 18 20 -1
obdef
loc3d
        4.93795631029682              0.68276407673392            144.94107055664060     -1
kind
     25     
    15300          153950     
       12.25000000000000  
 OBS            20
       2.53877070573724
       1.08091547289455
       1.00000000000000
 19 21 -1
obdef
loc3d
        4.94001671685736              0.68064929967652             43.67281723022461     -1
kind
     25     
    15300          153950     
       12.25000000000000  
 OBS            21
       2.67809136771187
       1.54948112907686
       1.00000000000000
 20 22 -1
obdef
loc3d
        4.94058460161740              0.67807181314514             70.17810058593750     -1
kind
     25     
    15300          153950     
       12.25000000000000  
 OBS            22
      -0.39706014537914
       0.91149652734867
       1.00000000000000
 21 23 -1
obdef
loc3d
        4.95423295419494              0.68033176843505              3.71636104583740     -1
kind
     25     
    15300          153950     
       12.25000000000000  
 OBS            23
       3.34525945682480
       1.21907977759617
       1.00000000000000
 22 24 -1
obdef
loc3d
        4.94926894458696              0.66642585587446             10.91526031494141     -1
kind
     25     
    15300          153950     
       12.25000000000000  
 OBS            24
       5.06053886884783
       1.58281170726008
       1.00000000000000
 23 25 -1
obdef
loc3d
        4.96223480186848              0.66700036066835              5.00000000000000     -1
kind
     25     
    15300          153950     
       12.25000000000000  
 OBS            25
       4.13523815157268
       0.46653532159097
       1.00000000000000
 24 26 -1
obdef
loc3d
        4.95546148971009              0.67729393735082              6.17724800109863     -1
kind
     25     
    15300          153950     
       12.25000000000000  
 OBS            26
       1.30660060067454
       2.60157352204267
       1.00000000000000
 25 27 -1
obdef
loc3d
        4.92652723985629              0.69051382381431            146.04148864746091     -1
kind
     25     
    15300          153950     
       12.25000000000000  
 OBS            27
      -0.82842948595870
       1.53149586342063
       1.00000000000000
 26 28 -1
obdef
loc3d
        4.96366005344362              0.66920346185787              6.00000000000000     -1
kind
     25     
    15300          153950     
       12.25000000000000  
 OBS            28
      -4.72622415538415
       1.50071650969134
       1.00000000000000
 27 29 -1
obdef
loc3d
        4.97052949833720              0.66907739847133              8.84140872955322     -1
kind
     25     
    15300          153950     
       12.25000000000000  
 OBS            29
      -0.26087033656352
      -0.56816926026296
       1.00000000000000
 28 30 -1
obdef
loc3d
        4.95245337490985              0.69269329908122            116.45774841308589     -1
kind
     25     
    15300          153950     
       12.25000000000000  
 OBS            30
       0.76039871528177
      -0.44649299684748
       1.00000000000000
 29 31 -1
obdef
loc3d
        4.94885353278042              0.69277717633329            144.09075927734381     -1
kind
     25     
    15300          153950     
       12.25000000000000  
 OBS            31
       1.36772173800199
       3.22509135611635
       1.00000000000000
 30 32 -1
obdef
loc3d
        4.94336975041274              0.69009669144632            168.92642211914060     -1
kind
     25     
    15300          153950     
       12.25000000000000  
 OBS            32
       4.10781679046974
       2.23601645180527
       1.00000000000000
 31 33 -1
obdef
loc3d
        4.93556788041953              0.67027828664670             15.00000000000000     -1
kind
     25     
    15300          153950     
       12.25000000000000  
 OBS            33
       5.06934375794344
       0.77340552705246
       1.00000000000000
 32 34 -1
obdef
loc3d
        4.94033180527593              0.67113295277478             15.00000000000000     -1
kind
     25     
    15300          153950     
       12.25000000000000  
 OBS            34
       5.98985894553435
       1.75319792775077
       1.00000000000000
 33 35 -1
obdef
loc3d
        4.94303858410231              0.67245219021673             45.31371688842773     -1
kind
     25     
    15300          153950     
       12.25000000000000  
 OBS            35
       4.90501545856784
       2.37350167289372
       1.00000000000000
 34 36 -1
obdef
loc3d
        4.94353452184302              0.67563108019985             33.40631103515625     -1
kind
     25     
    15300          153950     
       12.25000000000000  
 OBS            36
       2.55028561855801
       1.97036039710703
       1.00000000000000
 35 37 -1
obdef
loc3d
        4.94374389829480              0.67833415521310             29.86422538757324     -1
kind
     25     
    15300          153950     
       12.25000000000000  
 OBS            37
      -0.93979128224469
       1.72624851416005
       1.00000000000000
 36 38 -1
obdef
loc3d
        4.94273365028682              0.68737244152012            176.80966186523440     -1
kind
     25     
    15300          153950     
       12.25000000000000  
 OBS            38
       7.44189116793146
       2.56890045047588
       1.00000000000000
 37 39 -1
obdef
loc3d
        4.92701506510552              0.68724654189208            235.55827331542969     -1
kind
     25     
    15300          153950     
       12.25000000000000  
 OBS            39
       2.08957127245059
       1.54126489621585
       1.00000000000000
 38 40 -1
obdef
loc3d
        4.93770287749180              0.68559892863867            149.84144592285159     -1
kind
     25     
    15300          153950     
       12.25000000000000  
 OBS            40
      -2.70607869095094
       1.52667677949847
       1.00000000000000
 39 41 -1
obdef
loc3d
        4.92849072850511              0.69275166570057            196.64169311523440     -1
kind
     25     
    15300          153950     
       12.25000000000000  
 OBS            41
      -2.64060494772013
       0.72885041493948
       1.00000000000000
 40 42 -1
obdef
loc3d
        4.94704606827608              0.66890083993760             30.00000000000000     -1
kind
     25     
    15300          153950     
       12.25000000000000  
 OBS            42
       8.48342701242288
       3.87340046350389
       1.00000000000000
 41 43 -1
obdef
loc3d
        4.93215285315783              0.69272179551745            405.54205322265619     -1
kind
     25     
    15300          153950     
       12.25000000000000  
 OBS            43
       2.24851950276133
       3.96582476113269
       1.00000000000000
 42 44 -1
obdef
loc3d
        4.93041137291484              0.68610286792166             95.01055908203125     -1
kind
     25     
    15300          153950     
       12.25000000000000  
 OBS            44
       6.32344197140340
       1.28599625727347
       1.00000000000000
 43 45 -1
obdef
loc3d
        4.94340662813579              0.66912283370227             30.00000000000000     -1
kind
     25     
    15300          153950     
       12.25000000000000  
 OBS            45
       4.42893680241795
       3.12000093339390
       1.00000000000000
 44 46 -1
obdef
loc3d
        4.94246051140049              0.69284522685509            232.15176391601560     -1
kind
     25     
    15300          153950     
       12.25000000000000  
 OBS            46
       3.56880590429588
      -0.03945452505888
       1.00000000000000
 45 47 -1
obdef
loc3d
        4.94897278262263              0.68784055253573             58.60614395141602     -1
kind
     25     
    15300          153950     
       12.25000000000000  
 OBS            47
       3.51283540225370
       1.79505428547156
       1.00000000000000
 46 48 -1
obdef
loc3d
        4.94541527617556              0.68071005727643             33.77826690673828     -1
kind
     25     
    15300          153950     
       12.25000000000000  
 OBS            48
       2.45857639191250
       1.43911321711429
       1.00000000000000
 47 49 -1
obdef
loc3d
        4.93748800785195              0.67296050504062             44.45593643188477     -1
kind
     25     
    15300          153950     
       12.25000000000000  
 OBS            49
      -2.44503890598351
       0.51106099253633
       1.00000000000000
 48 50 -1
obdef
loc3d
        4.93696530791536              0.69256666762304            156.90283203125000     -1
kind
     25     
    15300          153950     
       12.25000000000000  
 OBS            50
       2.56125854042252
       0.00524504727310
       1.00000000000000
 49 51 -1
obdef
loc3d
        4.92145179475246              0.69276808226809            165.77503967285159     -1
kind
     25     
    15300          153950     
       12.25000000000000  
 OBS            51
       0.80427885735030
       2.29890032409867
       1.00000000000000
 50 52 -1
obdef
loc3d
        4.93950672299123              0.68813471885857            177.40441894531250     -1
kind
     25     
    15300          153950     
       12.25000000000000  
 OBS            52
       3.40511259087497
       2.52017828677976
       1.00000000000000
 51 53 -1
obdef
loc3d
        4.93611382531472              0.68823817566222            173.73840332031250     -1
kind
     25     
    15300          153950     
       12.25000000000000  
 OBS            53
       6.18664751907741
       1.56170986212305
       1.00000000000000
 52 54 -1
obdef
loc3d
        4.94685988234341              0.69028594514941            170.37097167968750     -1
kind
     25     
    15300          153950     
       12.25000000000000  
 OBS            54
       4.95788561133011
       3.18101807132781
       1.00000000000000
 53 55 -1
obdef
loc3d
        4.93440797857224              0.69076858072881            137.08886718750000     -1
kind
     25     
    15300          153950     
       12.25000000000000  
 OBS            55
      -6.14103499155783
       0.33415880060205
       1.00000000000000
 54 56 -1
obdef
loc3d
        4.93397023736678              0.68569719666510            120.48287200927730     -1
kind
     25     
    15300          153950     
       12.25000000000000  
 OBS            56
       2.80833362317941
       1.38790180087478
       1.00000000000000
 55 57 -1
obdef
loc3d
        4.96098036034072              0.67790128169477             17.24609375000000     -1
kind
     25     
    15300          153950     
       12.25000000000000  
 OBS            57
      -0.20979328559702
       0.16420594447354
       1.00000000000000
 56 58 -1
obdef
loc3d
        4.95746178551042              0.68576241061300             17.20619201660156     -1
kind
     25     
    15300          153950     
       12.25000000000000  
 OBS            58
      -1.85680371158965
       1.29362736147373
       1.00000000000000
 57 59 -1
obdef
loc3d
        4.96821528454312              0.66626811336639              8.93466186523438     -1
kind
     25     
    15300          153950     
       12.25000000000000  
 OBS            59
       3.54665198901906
       1.05693720507245
       1.00000000000000
 58 60 -1
obdef
loc3d
        4.95821139545160              0.68356985009176             15.00000000000000     -1
kind
     25     
    15300          153950     
       12.25000000000000  
 OBS            60
       6.68270661778850
       1.38443156295027
       1.00000000000000
 59 61 -1
obdef
loc3d
        4.95929084301108              0.67289450711582              9.91464328765869     -1
kind
     25     
    15300          153950     
       12.25000000000000  
 OBS            61
       2.23832615548603
       1.51931489368754
       1.00000000000000
 60 62 -1
obdef
loc3d
        4.95884231318174              0.67566319569297             12.79061889648438     -1
kind
     25     
    15300          153950     
       12.25000000000000  
 OBS            62
       1.74818680551664
       1.29263800442223
       1.00000000000000
 61 63 -1
obdef
loc3d
        4.96068172506451              0.68176493518182             14.00000000000000     -1
kind
     25     
    15300          153950     
       12.25000000000000  
 OBS            63
       5.63318541705955
       0.22348103751312
       1.00000000000000
 62 64 -1
obdef
loc3d
        4.96044430349621              0.68522255501691             15.00000000000000     -1
kind
     25     
    15300          153950     
       12.25000000000000  
 OBS            64
       1.16803447903864
       1.04052470900375
       1.00000000000000
 63 65 -1
obdef
loc3d
        4.95653505007277              0.68174821287482             15.07347202301025     -1
kind
     25     
    15300          153950     
       12.25000000000000  
 OBS            65
       1.12522426315788
       1.29878768835459
       1.00000000000000
 64 66 -1
obdef
loc3d
        4.96521948188739              0.66389255790081              6.10258388519287     -1
kind
     25     
    15300          153950     
       12.25000000000000  
 OBS            66
       1.53077182487545
       1.50091404329967
       1.00000000000000
 65 67 -1
obdef
loc3d
        4.96720461139216              0.67033432936439             12.91210937500000     -1
kind
     25     
    15300          153950     
       12.25000000000000  
 OBS            67
      -1.01412000869064
       0.63683446116436
       1.00000000000000
 66 68 -1
obdef
loc3d
        4.96018888249816              0.68814255256013             15.00000000000000     -1
kind
     25     
    15300          153950     
       12.25000000000000  
 OBS            68
      -3.17945334934021
       0.57785873418311
       1.00000000000000
 67 69 -1
obdef
loc3d
        4.95410557213704              0.69029785801799             54.42578125000000     -1
kind
     25     
    15300          153950     
       12.25000000000000  
 OBS            69
       0.95503643152159
      -0.56429920158030
       1.00000000000000
 68 70 -1
obdef
loc3d
        4.95508230192316              0.68705689194968              9.08530712127686     -1
kind
     25     
    15300          153950     
       12.25000000000000  
 OBS            70
      -3.58808309483010
       2.54263095300964
       1.00000000000000
 69 71 -1
obdef
loc3d
        4.89659470219302              0.68517541625982            824.84875488281250     -1
kind
     25     
    15300          153950     
       12.25000000000000  
 OBS            71
      -1.21589288755272
       0.73174920984874
       1.00000000000000
 70 72 -1
obdef
loc3d
        4.89719607397323              0.69286120068011            493.76440429687500     -1
kind
     25     
    15300          153950     
       12.25000000000000  
 OBS            72
      -0.37380350177057
       1.06468256096904
       1.00000000000000
 71 73 -1
obdef
loc3d
        4.91562721585699              0.69268557315466            290.85858154296881     -1
kind
     25     
    15300          153950     
       12.25000000000000  
 OBS            73
       9.54850117933958
       1.53575072021004
       1.00000000000000
 72 74 -1
obdef
loc3d
        4.89650463462054              0.68965598658767            806.96582031250000     -1
kind
     25     
    15300          153950     
       12.25000000000000  
 OBS            74
       4.76380128077477
       2.22133369316796
       1.00000000000000
 73 75 -1
obdef
loc3d
        4.90117724149658              0.69117926561099            769.23168945312500     -1
kind
     25     
    15300          153950     
       12.25000000000000  
 OBS            75
       3.93637128220979
       0.96418964822419
       1.00000000000000
 74 76 -1
obdef
loc3d
        4.91058697772938              0.69047364022544            228.45222473144531     -1
kind
     25     
    15300          153950     
       12.25000000000000  
 OBS            76
      -1.37062780060695
       0.51156982985097
       1.00000000000000
 75 77 -1
obdef
loc3d
        4.90540352515539              0.69194112440599            606.33142089843750     -1
kind
     26     
    15300          153950     
       12.25000000000000  
 OBS            77
      -2.82201098486792
       0.58953087776745
       1.00000000000000
 76 78 -1
obdef
loc3d
        4.94546412681761              0.68348353984884             17.75631332397461     -1
kind
     26     
    15300          153950     
       12.25000000000000  
 OBS            78
       9.61071423207340
       1.46849990342751
       1.00000000000000
 77 79 -1
obdef
loc3d
        4.94660974174000              0.67744857875853             29.35406684875488     -1
kind
     26     
    15300          153950     
       12.25000000000000  
 OBS            79
      -1.89472291867226
       1.08323584870765
       1.00000000000000
 78 80 -1
obdef
loc3d
        4.94648126630843              0.68652865419204             54.82812500000000     -1
kind
     26     
    15300          153950     
       12.25000000000000  
 OBS            80
       1.55791075234836
       1.41042088738174
       1.00000000000000
 79 81 -1
obdef
loc3d
        4.94445426011379              0.68507566758975             62.61011505126953     -1
kind
     26     
    15300          153950     
       12.25000000000000  
 OBS            81
       1.77712703615353
       2.61428348164298
       1.00000000000000
 80 82 -1
obdef
loc3d
        4.94602055174578              0.68752162087271            134.15721130371091     -1
kind
     26     
    15300          153950     
       12.25000000000000  
 OBS            82
       5.32364322732415
       1.92416947670372
       1.00000000000000
 81 83 -1
obdef
loc3d
        4.94603912728501              0.67254511985829             35.00297546386719     -1
kind
     26     
    15300          153950     
       12.25000000000000  
 OBS            83
       2.93751036136353
       3.43218184397686
       1.00000000000000
 82 84 -1
obdef
loc3d
        4.95877904994953              0.67986585977255             17.04111671447754     -1
kind
     26     
    15300          153950     
       12.25000000000000  
 OBS            84
      -1.02217568357696
       2.65641704769064
       1.00000000000000
 83 85 -1
obdef
loc3d
        4.93958042817759              0.69095160998657            226.13127136230469     -1
kind
     26     
    15300          153950     
       12.25000000000000  
 OBS            85
       2.55719330701780
       2.27818894695811
       1.00000000000000
 84 86 -1
obdef
loc3d
        4.95756313665553              0.69181797222864             89.84997558593750     -1
kind
     26     
    15300          153950     
       12.25000000000000  
 OBS            86
       0.46842718749978
       1.36321484159498
       1.00000000000000
 85 87 -1
obdef
loc3d
        4.94078657111844              0.67409210989409             60.81152343750000     -1
kind
     26     
    15300          153950     
       12.25000000000000  
 OBS            87
      10.79232177461988
       4.47508095574293
       1.00000000000000
 86 88 -1
obdef
loc3d
        4.95557846691255              0.67267262139613              1.00000000000000     -1
kind
     26     
    15300          153950     
       12.25000000000000  
 OBS            88
      -2.26131245807334
       2.16166140601119
       1.00000000000000
 87 89 -1
obdef
loc3d
        4.93193348448080              0.68856418981073            106.00000000000000     -1
kind
     26     
    15300          153950     
       12.25000000000000  
 OBS            89
      -2.86969674282191
      -2.10813886285510
       1.00000000000000
 88 90 -1
obdef
loc3d
        4.89970838141578              0.68765245249877            785.09423828125000     -1
kind
     26     
    15300          153950     
       12.25000000000000  
 OBS            90
      -0.51223712615148
       1.31974051270000
       1.00000000000000
 89 91 -1
obdef
loc3d
        4.95026814558372              0.68993059237416             93.11567687988281     -1
kind
     26     
    15300          153950     
       12.25000000000000  
 OBS            91
      -0.41746962483513
       1.47254323597594
       1.00000000000000
 90 92 -1
obdef
loc3d
        4.94174512165160              0.68484635226999            116.56585693359381     -1
kind
     26     
    15300          153950     
       12.25000000000000  
 OBS            92
      -1.66509874959668
       0.88512269855737
       1.00000000000000
 91 93 -1
obdef
loc3d
        4.95420735021482              0.68473663912788             15.00000000000000     -1
kind
     26     
    15300          153950     
       12.25000000000000  
 OBS            93
      -3.77040988691673
       1.42770881073635
       1.00000000000000
 92 94 -1
obdef
loc3d
        4.93477042118681              0.68310638816012            118.89588928222661     -1
kind
     26     
    15300          153950     
       12.25000000000000  
 OBS            94
       9.43432752055458
       2.16808429360869
       1.00000000000000
 93 95 -1
obdef
loc3d
        4.93795631029682              0.68276407673392            144.94107055664060     -1
kind
     26     
    15300          153950     
       12.25000000000000  
 OBS            95
       3.58154464757108
       1.79600931245164
       1.00000000000000
 94 96 -1
obdef
loc3d
        4.94001671685736              0.68064929967652             43.67281723022461     -1
kind
     26     
    15300          153950     
       12.25000000000000  
 OBS            96
       0.09063024017760
       2.45312339939009
       1.00000000000000
 95 97 -1
obdef
loc3d
        4.94058460161740              0.67807181314514             70.17810058593750     -1
kind
     26     
    15300          153950     
       12.25000000000000  
 OBS            97
      -3.51634206633253
       2.63756228057169
       1.00000000000000
 96 98 -1
obdef
loc3d
        4.95423295419494              0.68033176843505              3.71636104583740     -1
kind
     26     
    15300          153950     
       12.25000000000000  
 OBS            98
      -0.91025021662432
       3.12125774383472
       1.00000000000000
 97 99 -1
obdef
loc3d
        4.94926894458696              0.66642585587446             10.91526031494141     -1
kind
     26     
    15300          153950     
       12.25000000000000  
 OBS            99
       1.91089472975208
       4.59401958892071
       1.00000000000000
 98 100 -1
obdef
loc3d
        4.96223480186848              0.66700036066835              5.00000000000000     -1
kind
     26     
    15300          153950     
       12.25000000000000  
 OBS            100
       5.90046198235592
       3.52517847017948
       1.00000000000000
 99 101 -1
obdef
loc3d
        4.95546148971009              0.67729393735082              6.17724800109863     -1
kind
     26     
    15300          153950     
       12.25000000000000  
 OBS            101
       0.12893607883831
       0.89161624699002
       1.00000000000000
 100 102 -1
obdef
loc3d
        4.92652723985629              0.69051382381431            146.04148864746091     -1
kind
     26     
    15300          153950     
       12.25000000000000  
 OBS            102
      10.02322663234452
       4.41482273953212
       1.00000000000000
 101 103 -1
obdef
loc3d
        4.96366005344362              0.66920346185787              6.00000000000000     -1
kind
     26     
    15300          153950     
       12.25000000000000  
 OBS            103
       4.75060031686247
       4.49773888727152
       1.00000000000000
 102 104 -1
obdef
loc3d
        4.97052949833720              0.66907739847133              8.84140872955322     -1
kind
     26     
    15300          153950     
       12.25000000000000  
 OBS            104
       4.32894331802768
       2.93735569527299
       1.00000000000000
 103 105 -1
obdef
loc3d
        4.95245337490985              0.69269329908122            116.45774841308589     -1
kind
     26     
    15300          153950     
       12.25000000000000  
 OBS            105
       2.96493075810941
       1.95864388092784
       1.00000000000000
 104 106 -1
obdef
loc3d
        4.94885353278042              0.69277717633329            144.09075927734381     -1
kind
     26     
    15300          153950     
       12.25000000000000  
 OBS            106
       1.41293914223349
       0.82964267719903
       1.00000000000000
 105 107 -1
obdef
loc3d
        4.94336975041274              0.69009669144632            168.92642211914060     -1
kind
     26     
    15300          153950     
       12.25000000000000  
 OBS            107
      -1.21936181008734
       0.22426885990733
       1.00000000000000
 106 108 -1
obdef
loc3d
        4.93556788041953              0.67027828664670             15.00000000000000     -1
kind
     26     
    15300          153950     
       12.25000000000000  
 OBS            108
      -0.62304101823149
       1.29819716448861
       1.00000000000000
 107 109 -1
obdef
loc3d
        4.94033180527593              0.67113295277478             15.00000000000000     -1
kind
     26     
    15300          153950     
       12.25000000000000  
 OBS            109
      -4.27908243310551
       1.17997665965185
       1.00000000000000
 108 110 -1
obdef
loc3d
        4.94303858410231              0.67245219021673             45.31371688842773     -1
kind
     26     
    15300          153950     
       12.25000000000000  
 OBS            110
      -2.55495596044948
       1.64851705581969
       1.00000000000000
 109 111 -1
obdef
loc3d
        4.94353452184302              0.67563108019985             33.40631103515625     -1
kind
     26     
    15300          153950     
       12.25000000000000  
 OBS            111
       5.39486907883119
       1.32316869524868
       1.00000000000000
 110 112 -1
obdef
loc3d
        4.94374389829480              0.67833415521310             29.86422538757324     -1
kind
     26     
    15300          153950     
       12.25000000000000  
 OBS            112
       2.13115531439470
       2.20473400766678
       1.00000000000000
 111 113 -1
obdef
loc3d
        4.94273365028682              0.68737244152012            176.80966186523440     -1
kind
     26     
    15300          153950     
       12.25000000000000  
 OBS            113
       3.25387600618665
       1.69697250789353
       1.00000000000000
 112 114 -1
obdef
loc3d
        4.92701506510552              0.68724654189208            235.55827331542969     -1
kind
     26     
    15300          153950     
       12.25000000000000  
 OBS            114
      -3.32157340757876
       0.81480633450948
       1.00000000000000
 113 115 -1
obdef
loc3d
        4.93770287749180              0.68559892863867            149.84144592285159     -1
kind
     26     
    15300          153950     
       12.25000000000000  
 OBS            115
      -1.09941994109859
       2.71144177828410
       1.00000000000000
 114 116 -1
obdef
loc3d
        4.92849072850511              0.69275166570057            196.64169311523440     -1
kind
     26     
    15300          153950     
       12.25000000000000  
 OBS            116
       1.86581771923816
       2.67815586069156
       1.00000000000000
 115 117 -1
obdef
loc3d
        4.94704606827608              0.66890083993760             30.00000000000000     -1
kind
     26     
    15300          153950     
       12.25000000000000  
 OBS            117
       1.30650292597057
       0.15278285954587
       1.00000000000000
 116 118 -1
obdef
loc3d
        4.93215285315783              0.69272179551745            405.54205322265619     -1
kind
     26     
    15300          153950     
       12.25000000000000  
 OBS            118
       2.18299568265168
       0.15001249064018
       1.00000000000000
 117 119 -1
obdef
loc3d
        4.93041137291484              0.68610286792166             95.01055908203125     -1
kind
     26     
    15300          153950     
       12.25000000000000  
 OBS            119
      -1.22483564220610
       1.74349031933598
       1.00000000000000
 118 120 -1
obdef
loc3d
        4.94340662813579              0.66912283370227             30.00000000000000     -1
kind
     26     
    15300          153950     
       12.25000000000000  
 OBS            120
       3.77659372073774
       2.16952315678901
       1.00000000000000
 119 121 -1
obdef
loc3d
        4.94246051140049              0.69284522685509            232.15176391601560     -1
kind
     26     
    15300          153950     
       12.25000000000000  
 OBS            121
      -1.95111833775023
       1.15921044373730
       1.00000000000000
 120 122 -1
obdef
loc3d
        4.94897278262263              0.68784055253573             58.60614395141602     -1
kind
     26     
    15300          153950     
       12.25000000000000  
 OBS            122
       5.60780443095904
       1.40467907949805
       1.00000000000000
 121 123 -1
obdef
loc3d
        4.94541527617556              0.68071005727643             33.77826690673828     -1
kind
     26     
    15300          153950     
       12.25000000000000  
 OBS            123
       4.43181918743267
       1.71143665279370
       1.00000000000000
 122 124 -1
obdef
loc3d
        4.93748800785195              0.67296050504062             44.45593643188477     -1
kind
     26     
    15300          153950     
       12.25000000000000  
 OBS            124
       5.07906155092818
       1.59539424583616
       1.00000000000000
 123 125 -1
obdef
loc3d
        4.93696530791536              0.69256666762304            156.90283203125000     -1
kind
     26     
    15300          153950     
       12.25000000000000  
 OBS            125
      -2.23291453039397
      -0.76603898023063
       1.00000000000000
 124 126 -1
obdef
loc3d
        4.92145179475246              0.69276808226809            165.77503967285159     -1
kind
     26     
    15300          153950     
       12.25000000000000  
 OBS            126
       6.71159784711342
       1.66616900345321
       1.00000000000000
 125 127 -1
obdef
loc3d
        4.93950672299123              0.68813471885857            177.40441894531250     -1
kind
     26     
    15300          153950     
       12.25000000000000  
 OBS            127
       3.27734697026703
       1.65238560095911
       1.00000000000000
 126 128 -1
obdef
loc3d
        4.93611382531472              0.68823817566222            173.73840332031250     -1
kind
     26     
    15300          153950     
       12.25000000000000  
 OBS            128
       5.84439331634931
       4.01781149609582
       1.00000000000000
 127 129 -1
obdef
loc3d
        4.94685988234341              0.69028594514941            170.37097167968750     -1
kind
     26     
    15300          153950     
       12.25000000000000  
 OBS            129
      -1.79869308846201
       3.55345960177330
       1.00000000000000
 128 130 -1
obdef
loc3d
        4.93440797857224              0.69076858072881            137.08886718750000     -1
kind
     26     
    15300          153950     
       12.25000000000000  
 OBS            130
      -1.82982806176638
       0.57858079159729
       1.00000000000000
 129 131 -1
obdef
loc3d
        4.93397023736678              0.68569719666510            120.48287200927730     -1
kind
     26     
    15300          153950     
       12.25000000000000  
 OBS            131
       4.39216789669390
       4.28714428938189
       1.00000000000000
 130 132 -1
obdef
loc3d
        4.96098036034072              0.67790128169477             17.24609375000000     -1
kind
     26     
    15300          153950     
       12.25000000000000  
 OBS            132
       3.86641912634785
      -0.64550469653936
       1.00000000000000
 131 133 -1
obdef
loc3d
        4.95746178551042              0.68576241061300             17.20619201660156     -1
kind
     26     
    15300          153950     
       12.25000000000000  
 OBS            133
       4.09143075619776
       3.88252525167751
       1.00000000000000
 132 134 -1
obdef
loc3d
        4.96821528454312              0.66626811336639              8.93466186523438     -1
kind
     26     
    15300          153950     
       12.25000000000000  
 OBS            134
       2.71196506740269
       2.58100724717131
       1.00000000000000
 133 135 -1
obdef
loc3d
        4.95821139545160              0.68356985009176             15.00000000000000     -1
kind
     26     
    15300          153950     
       12.25000000000000  
 OBS            135
       4.91873691127603
       3.60323965615905
       1.00000000000000
 134 136 -1
obdef
loc3d
        4.95929084301108              0.67289450711582              9.91464328765869     -1
kind
     26     
    15300          153950     
       12.25000000000000  
 OBS            136
       8.02104430882210
       4.56830046969918
       1.00000000000000
 135 137 -1
obdef
loc3d
        4.95884231318174              0.67566319569297             12.79061889648438     -1
kind
     26     
    15300          153950     
       12.25000000000000  
 OBS            137
      -0.07255753404320
       3.42937405089276
       1.00000000000000
 136 138 -1
obdef
loc3d
        4.96068172506451              0.68176493518182             14.00000000000000     -1
kind
     26     
    15300          153950     
       12.25000000000000  
 OBS            138
       2.54407971531215
       0.69951590178789
       1.00000000000000
 137 139 -1
obdef
loc3d
        4.96044430349621              0.68522255501691             15.00000000000000     -1
kind
     26     
    15300          153950     
       12.25000000000000  
 OBS            139
       1.35757979745098
       2.76466271391679
       1.00000000000000
 138 140 -1
obdef
loc3d
        4.95653505007277              0.68174821287482             15.07347202301025     -1
kind
     26     
    15300          153950     
       12.25000000000000  
 OBS            140
       2.26822187535506
       4.19869012210863
       1.00000000000000
 139 141 -1
obdef
loc3d
        4.96521948188739              0.66389255790081              6.10258388519287     -1
kind
     26     
    15300          153950     
       12.25000000000000  
 OBS            141
       2.44364050704974
       4.23754955066271
       1.00000000000000
 140 142 -1
obdef
loc3d
        4.96720461139216              0.67033432936439             12.91210937500000     -1
kind
     26     
    15300          153950     
       12.25000000000000  
 OBS            142
      -1.31702911948515
       1.24113709343283
       1.00000000000000
 141 143 -1
obdef
loc3d
        4.96018888249816              0.68814255256013             15.00000000000000     -1
kind
     26     
    15300          153950     
       12.25000000000000  
 OBS            143
       0.23633921879833
      -1.69446765973486
       1.00000000000000
 142 144 -1
obdef
loc3d
        4.95410557213704              0.69029785801799             54.42578125000000     -1
kind
     26     
    15300          153950     
       12.25000000000000  
 OBS            144
      -5.91229613790817
       1.86793143731034
       1.00000000000000
 143 145 -1
obdef
loc3d
        4.95508230192316              0.68705689194968              9.08530712127686     -1
kind
     26     
    15300          153950     
       12.25000000000000  
 OBS            145
       2.29627426335156
      -0.90923130922348
       1.00000000000000
 144 146 -1
obdef
loc3d
        4.89659470219302              0.68517541625982            824.84875488281250     -1
kind
     26     
    15300          153950     
       12.25000000000000  
 OBS            146
      -0.39362638278190
      -2.56186712654070
       1.00000000000000
 145 147 -1
obdef
loc3d
        4.89719607397323              0.69286120068011            493.76440429687500     -1
kind
     26     
    15300          153950     
       12.25000000000000  
 OBS            147
       4.51649395876144
       0.06739505397265
       1.00000000000000
 146 148 -1
obdef
loc3d
        4.91562721585699              0.69268557315466            290.85858154296881     -1
kind
     26     
    15300          153950     
       12.25000000000000  
 OBS            148
      -5.71661435843465
      -2.04456389713489
       1.00000000000000
 147 149 -1
obdef
loc3d
        4.89650463462054              0.68965598658767            806.96582031250000     -1
kind
     26     
    15300          153950     
       12.25000000000000  
 OBS            149
      -1.89615682436544
      -2.49662038142303
       1.00000000000000
 148 150 -1
obdef
loc3d
        4.90117724149658              0.69117926561099            769.23168945312500     -1
kind
     26     
    15300          153950     
       12.25000000000000  
 OBS            150
      -6.15499855902724
      -1.88381706892244
       1.00000000000000
 149 151 -1
obdef
loc3d
        4.91058697772938              0.69047364022544            228.45222473144531     -1
kind
     26     
    15300          153950     
       12.25000000000000  
 OBS            151
     295.04024701274858
     294.15100191774502
       1.00000000000000
 150 152 -1
obdef
loc3d
        4.90540352515539              0.69194112440599            606.33142089843750     -1
kind
     27     
    15300          153950     
        6.25000000000000  
 OBS            152
     298.25774457529184
     296.44662163902302
       1.00000000000000
 151 153 -1
obdef
loc3d
        4.94546412681761              0.68348353984884             17.75631332397461     -1
kind
     27     
    15300          153950     
        6.25000000000000  
 OBS            153
     297.41413454582761
     297.31109807165001
       1.00000000000000
 152 154 -1
obdef
loc3d
        4.94660974174000              0.67744857875853             29.35406684875488     -1
kind
     27     
    15300          153950     
        6.25000000000000  
 OBS            154
     296.99309517603558
     297.38247070673299
       1.00000000000000
 153 155 -1
obdef
loc3d
        4.94648126630843              0.68652865419204             54.82812500000000     -1
kind
     27     
    15300          153950     
        6.25000000000000  
 OBS            155
     295.56111902980757
     296.91475122343002
       1.00000000000000
 154 156 -1
obdef
loc3d
        4.94445426011379              0.68507566758975             62.61011505126953     -1
kind
     27     
    15300          153950     
        6.25000000000000  
 OBS            156
     295.21091458837435
     297.39423177895901
       1.00000000000000
 155 157 -1
obdef
loc3d
        4.94602055174578              0.68752162087271            134.15721130371091     -1
kind
     27     
    15300          153950     
        6.25000000000000  
 OBS            157
     297.62965552285652
     298.17208385119699
       1.00000000000000
 156 158 -1
obdef
loc3d
        4.94603912728501              0.67254511985829             35.00297546386719     -1
kind
     27     
    15300          153950     
        6.25000000000000  
 OBS            158
     298.92475492053865
     298.34661953367100
       1.00000000000000
 157 159 -1
obdef
loc3d
        4.95877904994953              0.67986585977255             17.04111671447754     -1
kind
     27     
    15300          153950     
        6.25000000000000  
 OBS            159
     298.62861871414862
     297.12342668054703
       1.00000000000000
 158 160 -1
obdef
loc3d
        4.93958042817759              0.69095160998657            226.13127136230469     -1
kind
     27     
    15300          153950     
        6.25000000000000  
 OBS            160
     297.05570433221442
     297.44167281019401
       1.00000000000000
 159 161 -1
obdef
loc3d
        4.95756313665553              0.69181797222864             89.84997558593750     -1
kind
     27     
    15300          153950     
        6.25000000000000  
 OBS            161
     297.46141789432454
     297.15601314157999
       1.00000000000000
 160 162 -1
obdef
loc3d
        4.94078657111844              0.67409210989409             60.81152343750000     -1
kind
     27     
    15300          153950     
        6.25000000000000  
 OBS            162
     297.43449977197537
     298.95055780510899
       1.00000000000000
 161 163 -1
obdef
loc3d
        4.95557846691255              0.67267262139613              1.00000000000000     -1
kind
     27     
    15300          153950     
        6.25000000000000  
 OBS            163
     296.34482858133629
     298.14120193272498
       1.00000000000000
 162 164 -1
obdef
loc3d
        4.93193348448080              0.68856418981073            106.00000000000000     -1
kind
     27     
    15300          153950     
        6.25000000000000  
 OBS            164
     293.17844887179587
     292.55233772497201
       1.00000000000000
 163 165 -1
obdef
loc3d
        4.89970838141578              0.68765245249877            785.09423828125000     -1
kind
     27     
    15300          153950     
        6.25000000000000  
 OBS            165
     297.33108121160978
     296.92562365613702
       1.00000000000000
 164 166 -1
obdef
loc3d
        4.95026814558372              0.68993059237416             93.11567687988281     -1
kind
     27     
    15300          153950     
        6.25000000000000  
 OBS            166
     295.97785667614119
     296.58496014797203
       1.00000000000000
 165 167 -1
obdef
loc3d
        4.94174512165160              0.68484635226999            116.56585693359381     -1
kind
     27     
    15300          153950     
        6.25000000000000  
 OBS            167
     296.17317354815850
     297.21672134756602
       1.00000000000000
 166 168 -1
obdef
loc3d
        4.95420735021482              0.68473663912788             15.00000000000000     -1
kind
     27     
    15300          153950     
        6.25000000000000  
 OBS            168
     295.91618353814533
     296.57397927845699
       1.00000000000000
 167 169 -1
obdef
loc3d
        4.93477042118681              0.68310638816012            118.89588928222661     -1
kind
     27     
    15300          153950     
        6.25000000000000  
 OBS            169
     295.20302542303881
     296.29335990009798
       1.00000000000000
 168 170 -1
obdef
loc3d
        4.93795631029682              0.68276407673392            144.94107055664060     -1
kind
     27     
    15300          153950     
        6.25000000000000  
 OBS            170
     294.76533573662863
     296.44229162683803
       1.00000000000000
 169 171 -1
obdef
loc3d
        4.94001671685736              0.68064929967652             43.67281723022461     -1
kind
     27     
    15300          153950     
        6.25000000000000  
 OBS            171
     298.09061165315194
     297.33938796957500
       1.00000000000000
 170 172 -1
obdef
loc3d
        4.94058460161740              0.67807181314514             70.17810058593750     -1
kind
     27     
    15300          153950     
        6.25000000000000  
 OBS            172
     299.33461843186825
     298.08189717694302
       1.00000000000000
 171 173 -1
obdef
loc3d
        4.95423295419494              0.68033176843505              3.71636104583740     -1
kind
     27     
    15300          153950     
        6.25000000000000  
 OBS            173
     300.61010522987112
     299.74851643854799
       1.00000000000000
 172 174 -1
obdef
loc3d
        4.94926894458696              0.66642585587446             10.91526031494141     -1
kind
     27     
    15300          153950     
        6.25000000000000  
 OBS            174
     299.60083863892947
     298.71025457023802
       1.00000000000000
 173 175 -1
obdef
loc3d
        4.96223480186848              0.66700036066835              5.00000000000000     -1
kind
     27     
    15300          153950     
        6.25000000000000  
 OBS            175
     298.10113139801200
     298.06129053023199
       1.00000000000000
 174 176 -1
obdef
loc3d
        4.95546148971009              0.67729393735082              6.17724800109863     -1
kind
     27     
    15300          153950     
        6.25000000000000  
 OBS            176
     297.38964671844082
     298.40381163856000
       1.00000000000000
 175 177 -1
obdef
loc3d
        4.92652723985629              0.69051382381431            146.04148864746091     -1
kind
     27     
    15300          153950     
        6.25000000000000  
 OBS            177
     296.85167145683505
     298.48378705038903
       1.00000000000000
 176 178 -1
obdef
loc3d
        4.96366005344362              0.66920346185787              6.00000000000000     -1
kind
     27     
    15300          153950     
        6.25000000000000  
 OBS            178
     298.64472419775552
     296.77148311008500
       1.00000000000000
 177 179 -1
obdef
loc3d
        4.97052949833720              0.66907739847133              8.84140872955322     -1
kind
     27     
    15300          153950     
        6.25000000000000  
 OBS            179
     296.96041480423054
     297.09696881167997
       1.00000000000000
 178 180 -1
obdef
loc3d
        4.95245337490985              0.69269329908122            116.45774841308589     -1
kind
     27     
    15300          153950     
        6.25000000000000  
 OBS            180
     295.26836118585754
     296.84021894380800
       1.00000000000000
 179 181 -1
obdef
loc3d
        4.94885353278042              0.69277717633329            144.09075927734381     -1
kind
     27     
    15300          153950     
        6.25000000000000  
 OBS            181
     298.93880790742986
     297.42898496969201
       1.00000000000000
 180 182 -1
obdef
loc3d
        4.94336975041274              0.69009669144632            168.92642211914060     -1
kind
     27     
    15300          153950     
        6.25000000000000  
 OBS            182
     297.88147572997843
     298.24747935046901
       1.00000000000000
 181 183 -1
obdef
loc3d
        4.93556788041953              0.67027828664670             15.00000000000000     -1
kind
     27     
    15300          153950     
        6.25000000000000  
 OBS            183
     300.44061799017601
     298.20372695281401
       1.00000000000000
 182 184 -1
obdef
loc3d
        4.94033180527593              0.67113295277478             15.00000000000000     -1
kind
     27     
    15300          153950     
        6.25000000000000  
 OBS            184
     298.46562434212933
     297.37609360070098
       1.00000000000000
 183 185 -1
obdef
loc3d
        4.94303858410231              0.67245219021673             45.31371688842773     -1
kind
     27     
    15300          153950     
        6.25000000000000  
 OBS            185
     297.87619842413358
     297.37492829449002
       1.00000000000000
 184 186 -1
obdef
loc3d
        4.94353452184302              0.67563108019985             33.40631103515625     -1
kind
     27     
    15300          153950     
        6.25000000000000  
 OBS            186
     297.20534720373144
     297.15591618123398
       1.00000000000000
 185 187 -1
obdef
loc3d
        4.94374389829480              0.67833415521310             29.86422538757324     -1
kind
     27     
    15300          153950     
        6.25000000000000  
 OBS            187
     296.77455674137980
     297.32579448449098
       1.00000000000000
 186 188 -1
obdef
loc3d
        4.94273365028682              0.68737244152012            176.80966186523440     -1
kind
     27     
    15300          153950     
        6.25000000000000  
 OBS            188
     297.74169492508378
     296.89676581640703
       1.00000000000000
 187 189 -1
obdef
loc3d
        4.92701506510552              0.68724654189208            235.55827331542969     -1
kind
     27     
    15300          153950     
        6.25000000000000  
 OBS            189
     297.90863426757397
     297.02732174397102
       1.00000000000000
 188 190 -1
obdef
loc3d
        4.93770287749180              0.68559892863867            149.84144592285159     -1
kind
     27     
    15300          153950     
        6.25000000000000  
 OBS            190
     298.29873287028306
     298.01339758544901
       1.00000000000000
 189 191 -1
obdef
loc3d
        4.92849072850511              0.69275166570057            196.64169311523440     -1
kind
     27     
    15300          153950     
        6.25000000000000  
 OBS            191
     300.33928449248208
     299.56196875886701
       1.00000000000000
 190 192 -1
obdef
loc3d
        4.94704606827608              0.66890083993760             30.00000000000000     -1
kind
     27     
    15300          153950     
        6.25000000000000  
 OBS            192
     299.24911239214373
     299.57648079680899
       1.00000000000000
 191 193 -1
obdef
loc3d
        4.93215285315783              0.69272179551745            405.54205322265619     -1
kind
     27     
    15300          153950     
        6.25000000000000  
 OBS            193
     297.71305434520565
     297.43243143361298
       1.00000000000000
 192 194 -1
obdef
loc3d
        4.93041137291484              0.68610286792166             95.01055908203125     -1
kind
     27     
    15300          153950     
        6.25000000000000  
 OBS            194
     298.89727067840084
     298.81421059512502
       1.00000000000000
 193 195 -1
obdef
loc3d
        4.94340662813579              0.66912283370227             30.00000000000000     -1
kind
     27     
    15300          153950     
        6.25000000000000  
 OBS            195
     297.30564792463844
     297.29539102769297
       1.00000000000000
 194 196 -1
obdef
loc3d
        4.94246051140049              0.69284522685509            232.15176391601560     -1
kind
     27     
    15300          153950     
        6.25000000000000  
 OBS            196
     297.02338311875957
     296.85178140231898
       1.00000000000000
 195 197 -1
obdef
loc3d
        4.94897278262263              0.68784055253573             58.60614395141602     -1
kind
     27     
    15300          153950     
        6.25000000000000  
 OBS            197
     295.59350141365462
     296.80120953549499
       1.00000000000000
 196 198 -1
obdef
loc3d
        4.94541527617556              0.68071005727643             33.77826690673828     -1
kind
     27     
    15300          153950     
        6.25000000000000  
 OBS            198
     298.22596443831401
     297.59808124860302
       1.00000000000000
 197 199 -1
obdef
loc3d
        4.93748800785195              0.67296050504062             44.45593643188477     -1
kind
     27     
    15300          153950     
        6.25000000000000  
 OBS            199
     296.09412519499807
     297.27818610265302
       1.00000000000000
 198 200 -1
obdef
loc3d
        4.93696530791536              0.69256666762304            156.90283203125000     -1
kind
     27     
    15300          153950     
        6.25000000000000  
 OBS            200
     297.26327451889847
     297.69137350783899
       1.00000000000000
 199 201 -1
obdef
loc3d
        4.92145179475246              0.69276808226809            165.77503967285159     -1
kind
     27     
    15300          153950     
        6.25000000000000  
 OBS            201
     295.91761523029629
     297.16757201544903
       1.00000000000000
 200 202 -1
obdef
loc3d
        4.93950672299123              0.68813471885857            177.40441894531250     -1
kind
     27     
    15300          153950     
        6.25000000000000  
 OBS            202
     298.26402683978068
     298.47998930766499
       1.00000000000000
 201 203 -1
obdef
loc3d
        4.93611382531472              0.68823817566222            173.73840332031250     -1
kind
     27     
    15300          153950     
        6.25000000000000  
 OBS            203
     294.67519694843071
     297.24769190307399
       1.00000000000000
 202 204 -1
obdef
loc3d
        4.94685988234341              0.69028594514941            170.37097167968750     -1
kind
     27     
    15300          153950     
        6.25000000000000  
 OBS            204
     299.78373004582681
     298.88506335187401
       1.00000000000000
 203 205 -1
obdef
loc3d
        4.93440797857224              0.69076858072881            137.08886718750000     -1
kind
     27     
    15300          153950     
        6.25000000000000  
 OBS            205
     298.17089169179087
     297.18983118558799
       1.00000000000000
 204 206 -1
obdef
loc3d
        4.93397023736678              0.68569719666510            120.48287200927730     -1
kind
     27     
    15300          153950     
        6.25000000000000  
 OBS            206
     297.59061311177663
     298.49705270819601
       1.00000000000000
 205 207 -1
obdef
loc3d
        4.96098036034072              0.67790128169477             17.24609375000000     -1
kind
     27     
    15300          153950     
        6.25000000000000  
 OBS            207
     297.32147090903749
     297.78582968151198
       1.00000000000000
 206 208 -1
obdef
loc3d
        4.95746178551042              0.68576241061300             17.20619201660156     -1
kind
     27     
    15300          153950     
        6.25000000000000  
 OBS            208
     295.48118348697210
     297.03673161407602
       1.00000000000000
 207 209 -1
obdef
loc3d
        4.96821528454312              0.66626811336639              8.93466186523438     -1
kind
     27     
    15300          153950     
        6.25000000000000  
 OBS            209
     298.12657359191809
     298.23729654941599
       1.00000000000000
 208 210 -1
obdef
loc3d
        4.95821139545160              0.68356985009176             15.00000000000000     -1
kind
     27     
    15300          153950     
        6.25000000000000  
 OBS            210
     299.36014195030981
     299.11563015040002
       1.00000000000000
 209 211 -1
obdef
loc3d
        4.95929084301108              0.67289450711582              9.91464328765869     -1
kind
     27     
    15300          153950     
        6.25000000000000  
 OBS            211
     299.27904147867662
     298.35296846357301
       1.00000000000000
 210 212 -1
obdef
loc3d
        4.95884231318174              0.67566319569297             12.79061889648438     -1
kind
     27     
    15300          153950     
        6.25000000000000  
 OBS            212
     300.75139243109368
     298.68174699043902
       1.00000000000000
 211 213 -1
obdef
loc3d
        4.96068172506451              0.68176493518182             14.00000000000000     -1
kind
     27     
    15300          153950     
        6.25000000000000  
 OBS            213
     297.85951407267117
     298.53358932218299
       1.00000000000000
 212 214 -1
obdef
loc3d
        4.96044430349621              0.68522255501691             15.00000000000000     -1
kind
     27     
    15300          153950     
        6.25000000000000  
 OBS            214
     298.05929934047259
     298.10767996129800
       1.00000000000000
 213 215 -1
obdef
loc3d
        4.95653505007277              0.68174821287482             15.07347202301025     -1
kind
     27     
    15300          153950     
        6.25000000000000  
 OBS            215
     297.88270797107151
     297.80934506683099
       1.00000000000000
 214 216 -1
obdef
loc3d
        4.96521948188739              0.66389255790081              6.10258388519287     -1
kind
     27     
    15300          153950     
        6.25000000000000  
 OBS            216
     298.10017042593472
     297.99343962993902
       1.00000000000000
 215 217 -1
obdef
loc3d
        4.96720461139216              0.67033432936439             12.91210937500000     -1
kind
     27     
    15300          153950     
        6.25000000000000  
 OBS            217
     297.86443095013448
     298.41412622413202
       1.00000000000000
 216 218 -1
obdef
loc3d
        4.96018888249816              0.68814255256013             15.00000000000000     -1
kind
     27     
    15300          153950     
        6.25000000000000  
 OBS            218
     298.68536732796889
     296.92171678084799
       1.00000000000000
 217 219 -1
obdef
loc3d
        4.95410557213704              0.69029785801799             54.42578125000000     -1
kind
     27     
    15300          153950     
        6.25000000000000  
 OBS            219
     297.76381807145918
     297.77710929853401
       1.00000000000000
 218 220 -1
obdef
loc3d
        4.95508230192316              0.68705689194968              9.08530712127686     -1
kind
     27     
    15300          153950     
        6.25000000000000  
 OBS            220
     291.86966722483260
     292.05782634822901
       1.00000000000000
 219 221 -1
obdef
loc3d
        4.89659470219302              0.68517541625982            824.84875488281250     -1
kind
     27     
    15300          153950     
        6.25000000000000  
 OBS            221
     293.22256499872850
     293.12572369448498
       1.00000000000000
 220 222 -1
obdef
loc3d
        4.89719607397323              0.69286120068011            493.76440429687500     -1
kind
     27     
    15300          153950     
        6.25000000000000  
 OBS            222
     295.95199411241202
     296.99038493578598
       1.00000000000000
 221 223 -1
obdef
loc3d
        4.91562721585699              0.69268557315466            290.85858154296881     -1
kind
     27     
    15300          153950     
        6.25000000000000  
 OBS            223
     289.23128901346462
     291.51771440842901
       1.00000000000000
 222 224 -1
obdef
loc3d
        4.89650463462054              0.68965598658767            806.96582031250000     -1
kind
     27     
    15300          153950     
        6.25000000000000  
 OBS            224
     292.04215562823191
     291.92350365752702
       1.00000000000000
 223 225 -1
obdef
loc3d
        4.90117724149658              0.69117926561099            769.23168945312500     -1
kind
     27     
    15300          153950     
        6.25000000000000  
 OBS            225
     296.17608974900281
     296.46919791697798
       1.00000000000000
 224 -1 -1
obdef
loc3d
        4.91058697772938              0.69047364022544            228.45222473144531     -1
kind
     27     
    15300          153950     
        6.25000000000000  
