 obs_sequence
obs_kind_definitions
       3
    25          LAND_SFC_U_WIND_COMPONENT   
    26          LAND_SFC_V_WIND_COMPONENT   
    27          LAND_SFC_TEMPERATURE   
  num_copies:            2  num_qc:            1
 num_obs:       225  max_num_obs:       225
observations
truth
QC radar
  first:            1  last:       225
 OBS            1
       3.52461083454894
       4.06232619594039
       1.00000000000000
 -1 2 -1
obdef
loc3d
        4.90540352515539              0.69194112440599            606.33142089843750     -1
kind
     25     
    3600          153950     
       12.25000000000000  
 OBS            2
       4.90109316100379
       0.81521891240245
       1.00000000000000
 1 3 -1
obdef
loc3d
        4.94546412681761              0.68348353984884             17.75631332397461     -1
kind
     25     
    3600          153950     
       12.25000000000000  
 OBS            3
       0.92732081853048
      -0.71226110597444
       1.00000000000000
 2 4 -1
obdef
loc3d
        4.94660974174000              0.67744857875853             29.35406684875488     -1
kind
     25     
    3600          153950     
       12.25000000000000  
 OBS            4
      -1.68260606989590
       0.80298780313366
       1.00000000000000
 3 5 -1
obdef
loc3d
        4.94648126630843              0.68652865419204             54.82812500000000     -1
kind
     25     
    3600          153950     
       12.25000000000000  
 OBS            5
       0.22814890296683
       0.72310813979983
       1.00000000000000
 4 6 -1
obdef
loc3d
        4.94445426011379              0.68507566758975             62.61011505126953     -1
kind
     25     
    3600          153950     
       12.25000000000000  
 OBS            6
       2.47810257110717
       1.27823690333020
       1.00000000000000
 5 7 -1
obdef
loc3d
        4.94602055174578              0.68752162087271            134.15721130371091     -1
kind
     25     
    3600          153950     
       12.25000000000000  
 OBS            7
      -5.04170402565339
      -0.88457221057130
       1.00000000000000
 6 8 -1
obdef
loc3d
        4.94603912728501              0.67254511985829             35.00297546386719     -1
kind
     25     
    3600          153950     
       12.25000000000000  
 OBS            8
       0.17319512329204
       2.62824811735425
       1.00000000000000
 7 9 -1
obdef
loc3d
        4.95877904994953              0.67986585977255             17.04111671447754     -1
kind
     25     
    3600          153950     
       12.25000000000000  
 OBS            9
       4.11600177036605
       0.76224423550708
       1.00000000000000
 8 10 -1
obdef
loc3d
        4.93958042817759              0.69095160998657            226.13127136230469     -1
kind
     25     
    3600          153950     
       12.25000000000000  
 OBS            10
       1.06376330682811
       2.58255840511722
       1.00000000000000
 9 11 -1
obdef
loc3d
        4.95756313665553              0.69181797222864             89.84997558593750     -1
kind
     25     
    3600          153950     
       12.25000000000000  
 OBS            11
       2.24396931975311
       0.34717833950314
       1.00000000000000
 10 12 -1
obdef
loc3d
        4.94078657111844              0.67409210989409             60.81152343750000     -1
kind
     25     
    3600          153950     
       12.25000000000000  
 OBS            12
       2.34011947337289
       1.74448975161404
       1.00000000000000
 11 13 -1
obdef
loc3d
        4.95557846691255              0.67267262139613              1.00000000000000     -1
kind
     25     
    3600          153950     
       12.25000000000000  
 OBS            13
       2.98624016223204
       2.79100938000739
       1.00000000000000
 12 14 -1
obdef
loc3d
        4.93193348448080              0.68856418981073            106.00000000000000     -1
kind
     25     
    3600          153950     
       12.25000000000000  
 OBS            14
       5.69469586401638
       2.50408405624020
       1.00000000000000
 13 15 -1
obdef
loc3d
        4.89970838141578              0.68765245249877            785.09423828125000     -1
kind
     25     
    3600          153950     
       12.25000000000000  
 OBS            15
      -1.12930903399529
       1.18761643499649
       1.00000000000000
 14 16 -1
obdef
loc3d
        4.95026814558372              0.68993059237416             93.11567687988281     -1
kind
     25     
    3600          153950     
       12.25000000000000  
 OBS            16
       9.60011727465193
       1.69397464452641
       1.00000000000000
 15 17 -1
obdef
loc3d
        4.94174512165160              0.68484635226999            116.56585693359381     -1
kind
     25     
    3600          153950     
       12.25000000000000  
 OBS            17
       0.79801029296267
       1.52562877353669
       1.00000000000000
 16 18 -1
obdef
loc3d
        4.95420735021482              0.68473663912788             15.00000000000000     -1
kind
     25     
    3600          153950     
       12.25000000000000  
 OBS            18
      -4.45041427626525
       0.56269928652625
       1.00000000000000
 17 19 -1
obdef
loc3d
        4.93477042118681              0.68310638816012            118.89588928222661     -1
kind
     25     
    3600          153950     
       12.25000000000000  
 OBS            19
       2.46118168506892
       1.54887240406501
       1.00000000000000
 18 20 -1
obdef
loc3d
        4.93795631029682              0.68276407673392            144.94107055664060     -1
kind
     25     
    3600          153950     
       12.25000000000000  
 OBS            20
       2.59650513137868
       1.13146977881696
       1.00000000000000
 19 21 -1
obdef
loc3d
        4.94001671685736              0.68064929967652             43.67281723022461     -1
kind
     25     
    3600          153950     
       12.25000000000000  
 OBS            21
       4.89872260510590
       0.71186217008641
       1.00000000000000
 20 22 -1
obdef
loc3d
        4.94058460161740              0.67807181314514             70.17810058593750     -1
kind
     25     
    3600          153950     
       12.25000000000000  
 OBS            22
      -5.60442325463317
      -0.24426475132012
       1.00000000000000
 21 23 -1
obdef
loc3d
        4.95423295419494              0.68033176843505              3.71636104583740     -1
kind
     25     
    3600          153950     
       12.25000000000000  
 OBS            23
      -3.53526689626210
      -0.40711892436056
       1.00000000000000
 22 24 -1
obdef
loc3d
        4.94926894458696              0.66642585587446             10.91526031494141     -1
kind
     25     
    3600          153950     
       12.25000000000000  
 OBS            24
      -1.45610503227559
       0.29529355782341
       1.00000000000000
 23 25 -1
obdef
loc3d
        4.96223480186848              0.66700036066835              5.00000000000000     -1
kind
     25     
    3600          153950     
       12.25000000000000  
 OBS            25
       0.14407886270248
       0.14945195458950
       1.00000000000000
 24 26 -1
obdef
loc3d
        4.95546148971009              0.67729393735082              6.17724800109863     -1
kind
     25     
    3600          153950     
       12.25000000000000  
 OBS            26
       3.14531229729433
       1.26289196748190
       1.00000000000000
 25 27 -1
obdef
loc3d
        4.92652723985629              0.69051382381431            146.04148864746091     -1
kind
     25     
    3600          153950     
       12.25000000000000  
 OBS            27
       0.52601677922547
       0.39832887251146
       1.00000000000000
 26 28 -1
obdef
loc3d
        4.96366005344362              0.66920346185787              6.00000000000000     -1
kind
     25     
    3600          153950     
       12.25000000000000  
 OBS            28
       1.94406422101541
       0.92164528248712
       1.00000000000000
 27 29 -1
obdef
loc3d
        4.97052949833720              0.66907739847133              8.84140872955322     -1
kind
     25     
    3600          153950     
       12.25000000000000  
 OBS            29
       6.34904510538739
       1.31476013649363
       1.00000000000000
 28 30 -1
obdef
loc3d
        4.95272465676814              0.69285338512106             17.57446289062500     -1
kind
     25     
    3600          153950     
       12.25000000000000  
 OBS            30
       4.47339817894764
       1.91416166361133
       1.00000000000000
 29 31 -1
obdef
loc3d
        4.94895487610473              0.69270373762026            144.09075927734381     -1
kind
     25     
    3600          153950     
       12.25000000000000  
 OBS            31
       2.72402699770651
       1.32946597965842
       1.00000000000000
 30 32 -1
obdef
loc3d
        4.94293085461737              0.69053117803871            168.92642211914060     -1
kind
     25     
    3600          153950     
       12.25000000000000  
 OBS            32
       4.17712532729661
       0.26206469116290
       1.00000000000000
 31 33 -1
obdef
loc3d
        4.93556788041953              0.67027828664670             15.00000000000000     -1
kind
     25     
    3600          153950     
       12.25000000000000  
 OBS            33
       1.04446824900343
      -0.48778350363824
       1.00000000000000
 32 34 -1
obdef
loc3d
        4.94611628544174              0.67496858055017             35.03607940673828     -1
kind
     25     
    3600          153950     
       12.25000000000000  
 OBS            34
      -0.72964052397841
       0.89934151458692
       1.00000000000000
 33 35 -1
obdef
loc3d
        4.94304709522229              0.67138694960003             45.00000000000000     -1
kind
     25     
    3600          153950     
       12.25000000000000  
 OBS            35
      -5.54241197372130
       0.33549092841774
       1.00000000000000
 34 36 -1
obdef
loc3d
        4.94323627307922              0.67609935421143             50.91764831542969     -1
kind
     25     
    3600          153950     
       12.25000000000000  
 OBS            36
      -6.09425115907077
       0.02247861933442
       1.00000000000000
 35 37 -1
obdef
loc3d
        4.94382880471830              0.67878617658979             35.27229690551758     -1
kind
     25     
    3600          153950     
       12.25000000000000  
 OBS            37
       1.89654291184827
       1.44123204422269
       1.00000000000000
 36 38 -1
obdef
loc3d
        4.94220707390035              0.68781081917460            173.94366455078119     -1
kind
     25     
    3600          153950     
       12.25000000000000  
 OBS            38
       2.34729454098694
       0.89520176315064
       1.00000000000000
 37 39 -1
obdef
loc3d
        4.92755542120837              0.68675243746254            174.61849975585940     -1
kind
     25     
    3600          153950     
       12.25000000000000  
 OBS            39
      -6.06512243497340
       1.32041793731514
       1.00000000000000
 38 40 -1
obdef
loc3d
        4.93770287749180              0.68559892863867            149.84144592285159     -1
kind
     25     
    3600          153950     
       12.25000000000000  
 OBS            40
      -0.61113011728758
       1.52477214772605
       1.00000000000000
 39 41 -1
obdef
loc3d
        4.92848130899840              0.69282991767383            196.64169311523440     -1
kind
     25     
    3600          153950     
       12.25000000000000  
 OBS            41
       1.03969577511219
      -0.73416130354286
       1.00000000000000
 40 42 -1
obdef
loc3d
        4.94329123891126              0.66857696973652             21.80461120605469     -1
kind
     25     
    3600          153950     
       12.25000000000000  
 OBS            42
       1.67297229886756
       2.61932753682209
       1.00000000000000
 41 43 -1
obdef
loc3d
        4.93215285315783              0.69272179551745            405.54205322265619     -1
kind
     25     
    3600          153950     
       12.25000000000000  
 OBS            43
       0.29605118672900
       0.60020509254343
       1.00000000000000
 42 44 -1
obdef
loc3d
        4.93085954966869              0.68304429171430             90.32812500000000     -1
kind
     25     
    3600          153950     
       12.25000000000000  
 OBS            44
       1.24074777112504
       0.35943891865868
       1.00000000000000
 43 45 -1
obdef
loc3d
        4.93705662369825              0.67280917017713             44.45593643188477     -1
kind
     25     
    3600          153950     
       12.25000000000000  
 OBS            45
      -2.67145525974741
       0.63711909445698
       1.00000000000000
 44 46 -1
obdef
loc3d
        4.94512604639754              0.69281773274108            184.54177856445310     -1
kind
     25     
    3600          153950     
       12.25000000000000  
 OBS            46
       1.59227883908813
       1.60853318213358
       1.00000000000000
 45 47 -1
obdef
loc3d
        4.94897278262263              0.68784055253573             58.60614395141602     -1
kind
     25     
    3600          153950     
       12.25000000000000  
 OBS            47
       1.77904377644745
       0.51252307945087
       1.00000000000000
 46 48 -1
obdef
loc3d
        4.94602769361993              0.68071046350214             21.00896453857422     -1
kind
     25     
    3600          153950     
       12.25000000000000  
 OBS            48
       4.29712333322696
      -0.46144352252548
       1.00000000000000
 47 49 -1
obdef
loc3d
        4.93975094338173              0.67132086947702             44.21312713623047     -1
kind
     25     
    3600          153950     
       12.25000000000000  
 OBS            49
       4.44420551413991
       1.46565296947301
       1.00000000000000
 48 50 -1
obdef
loc3d
        4.93608481943111              0.69281990441712            165.01060485839841     -1
kind
     25     
    3600          153950     
       12.25000000000000  
 OBS            50
      -0.50638819206691
       0.32060716966816
       1.00000000000000
 49 51 -1
obdef
loc3d
        4.92159319416735              0.69282443720594            292.33944702148438     -1
kind
     25     
    3600          153950     
       12.25000000000000  
 OBS            51
       6.23742519640340
       1.38594694296537
       1.00000000000000
 50 52 -1
obdef
loc3d
        4.93873881518950              0.68829597049600            229.64634704589841     -1
kind
     25     
    3600          153950     
       12.25000000000000  
 OBS            52
      -1.61861335920457
       1.95156213780587
       1.00000000000000
 51 53 -1
obdef
loc3d
        4.93527083413009              0.68767784768684            170.73742675781250     -1
kind
     25     
    3600          153950     
       12.25000000000000  
 OBS            53
      -0.61656249264232
       2.37437409250715
       1.00000000000000
 52 54 -1
obdef
loc3d
        4.94662113618514              0.69029960200592            170.37097167968750     -1
kind
     25     
    3600          153950     
       12.25000000000000  
 OBS            54
       1.28876220978061
       2.69145241484861
       1.00000000000000
 53 55 -1
obdef
loc3d
        4.93429249379945              0.69052021135789            149.81713867187500     -1
kind
     25     
    3600          153950     
       12.25000000000000  
 OBS            55
       8.35686902421940
       2.68799477449404
       1.00000000000000
 54 56 -1
obdef
loc3d
        4.93269049343414              0.68556567101287            183.19726562500000     -1
kind
     25     
    3600          153950     
       12.25000000000000  
 OBS            56
       6.39079891862991
       2.53552498581887
       1.00000000000000
 55 57 -1
obdef
loc3d
        4.96102089029673              0.67774516842699             17.24609375000000     -1
kind
     25     
    3600          153950     
       12.25000000000000  
 OBS            57
       0.36343542695791
       0.55960312258513
       1.00000000000000
 56 58 -1
obdef
loc3d
        4.95766343385975              0.68587140474105             17.20619201660156     -1
kind
     25     
    3600          153950     
       12.25000000000000  
 OBS            58
       0.30264176420470
       0.94565682449870
       1.00000000000000
 57 59 -1
obdef
loc3d
        4.96848382491262              0.66600327539335              8.93466186523438     -1
kind
     25     
    3600          153950     
       12.25000000000000  
 OBS            59
       3.16472010452524
       1.63895512286776
       1.00000000000000
 58 60 -1
obdef
loc3d
        4.95841046678131              0.68356976794003             15.00000000000000     -1
kind
     25     
    3600          153950     
       12.25000000000000  
 OBS            60
      -1.19923628140172
       0.28018986337314
       1.00000000000000
 59 61 -1
obdef
loc3d
        4.95968425198686              0.67283122878530              9.91464328765869     -1
kind
     25     
    3600          153950     
       12.25000000000000  
 OBS            61
       3.86200495353509
       1.80794752113403
       1.00000000000000
 60 62 -1
obdef
loc3d
        4.95850938370535              0.67569847985950              9.09960937500000     -1
kind
     25     
    3600          153950     
       12.25000000000000  
 OBS            62
       1.03187835972417
       2.41644241130030
       1.00000000000000
 61 63 -1
obdef
loc3d
        4.96062039600501              0.68186605212913             14.00000000000000     -1
kind
     25     
    3600          153950     
       12.25000000000000  
 OBS            63
      -1.38624377905469
       0.75811575259473
       1.00000000000000
 62 64 -1
obdef
loc3d
        4.96044430349621              0.68522255501691             15.00000000000000     -1
kind
     25     
    3600          153950     
       12.25000000000000  
 OBS            64
      -1.61125816916771
       0.67567529834117
       1.00000000000000
 63 65 -1
obdef
loc3d
        4.95666979050607              0.68165969365477             15.07347202301025     -1
kind
     25     
    3600          153950     
       12.25000000000000  
 OBS            65
       1.27251789593816
       0.01446314513437
       1.00000000000000
 64 66 -1
obdef
loc3d
        4.96483712939352              0.66390373451953              6.00000000000000     -1
kind
     25     
    3600          153950     
       12.25000000000000  
 OBS            66
      -0.35134619579398
       0.26535072628345
       1.00000000000000
 65 67 -1
obdef
loc3d
        4.96717335385836              0.67072562238302             13.76562500000000     -1
kind
     25     
    3600          153950     
       12.25000000000000  
 OBS            67
       0.05639312770828
       1.54045617494727
       1.00000000000000
 66 68 -1
obdef
loc3d
        4.96004611966382              0.68820120365869             15.00000000000000     -1
kind
     25     
    3600          153950     
       12.25000000000000  
 OBS            68
       3.02117648790881
       3.30933669159534
       1.00000000000000
 67 69 -1
obdef
loc3d
        4.95406364445895              0.69009645468583             54.42578125000000     -1
kind
     25     
    3600          153950     
       12.25000000000000  
 OBS            69
       5.95262223588237
       2.41133380044175
       1.00000000000000
 68 70 -1
obdef
loc3d
        4.95508230192316              0.68705689194968              9.08530712127686     -1
kind
     25     
    3600          153950     
       12.25000000000000  
 OBS            70
      -2.54122444497969
       1.09367058566486
       1.00000000000000
 69 71 -1
obdef
loc3d
        4.89647559039613              0.68497595921932            824.84875488281250     -1
kind
     25     
    3600          153950     
       12.25000000000000  
 OBS            71
       1.53030925289065
       2.20351368889184
       1.00000000000000
 70 72 -1
obdef
loc3d
        4.89667428721977              0.69273770557989            574.37286376953125     -1
kind
     25     
    3600          153950     
       12.25000000000000  
 OBS            72
       5.32127896282956
       3.38712025811532
       1.00000000000000
 71 73 -1
obdef
loc3d
        4.91583459977084              0.69278424988043            233.68589782714841     -1
kind
     25     
    3600          153950     
       12.25000000000000  
 OBS            73
       0.33575492904563
       3.45335961172379
       1.00000000000000
 72 74 -1
obdef
loc3d
        4.90300762067971              0.68954390300676            525.03326416015625     -1
kind
     25     
    3600          153950     
       12.25000000000000  
 OBS            74
       7.51135968022005
       0.67385511629975
       1.00000000000000
 73 75 -1
obdef
loc3d
        4.90168560310748              0.69286223560483            711.58941650390625     -1
kind
     25     
    3600          153950     
       12.25000000000000  
 OBS            75
       3.87529615000044
       1.35387679353131
       1.00000000000000
 74 76 -1
obdef
loc3d
        4.91091515139416              0.69052501454351            199.70848083496091     -1
kind
     25     
    3600          153950     
       12.25000000000000  
 OBS            76
       0.42958024499778
      -1.33218286827818
       1.00000000000000
 75 77 -1
obdef
loc3d
        4.90540352515539              0.69194112440599            606.33142089843750     -1
kind
     26     
    3600          153950     
       12.25000000000000  
 OBS            77
      -0.65291277007154
       0.75506992547313
       1.00000000000000
 76 78 -1
obdef
loc3d
        4.94546412681761              0.68348353984884             17.75631332397461     -1
kind
     26     
    3600          153950     
       12.25000000000000  
 OBS            78
       3.89956898483748
       1.93644186760968
       1.00000000000000
 77 79 -1
obdef
loc3d
        4.94660974174000              0.67744857875853             29.35406684875488     -1
kind
     26     
    3600          153950     
       12.25000000000000  
 OBS            79
       5.51817029502124
       1.69606197712347
       1.00000000000000
 78 80 -1
obdef
loc3d
        4.94648126630843              0.68652865419204             54.82812500000000     -1
kind
     26     
    3600          153950     
       12.25000000000000  
 OBS            80
       3.72034841220407
       1.05051037600388
       1.00000000000000
 79 81 -1
obdef
loc3d
        4.94445426011379              0.68507566758975             62.61011505126953     -1
kind
     26     
    3600          153950     
       12.25000000000000  
 OBS            81
       6.34061089449137
       2.35583325124439
       1.00000000000000
 80 82 -1
obdef
loc3d
        4.94602055174578              0.68752162087271            134.15721130371091     -1
kind
     26     
    3600          153950     
       12.25000000000000  
 OBS            82
      -2.44488841887226
       1.39692202466335
       1.00000000000000
 81 83 -1
obdef
loc3d
        4.94603912728501              0.67254511985829             35.00297546386719     -1
kind
     26     
    3600          153950     
       12.25000000000000  
 OBS            83
       5.53884608482748
       2.57672570465555
       1.00000000000000
 82 84 -1
obdef
loc3d
        4.95877904994953              0.67986585977255             17.04111671447754     -1
kind
     26     
    3600          153950     
       12.25000000000000  
 OBS            84
       5.23498511458123
       3.25878866245512
       1.00000000000000
 83 85 -1
obdef
loc3d
        4.93958042817759              0.69095160998657            226.13127136230469     -1
kind
     26     
    3600          153950     
       12.25000000000000  
 OBS            85
       7.49473120045564
       3.16743977995105
       1.00000000000000
 84 86 -1
obdef
loc3d
        4.95756313665553              0.69181797222864             89.84997558593750     -1
kind
     26     
    3600          153950     
       12.25000000000000  
 OBS            86
       5.43870502866008
       1.93464033828164
       1.00000000000000
 85 87 -1
obdef
loc3d
        4.94078657111844              0.67409210989409             60.81152343750000     -1
kind
     26     
    3600          153950     
       12.25000000000000  
 OBS            87
      -3.26970183569397
       1.66408115299854
       1.00000000000000
 86 88 -1
obdef
loc3d
        4.95557846691255              0.67267262139613              1.00000000000000     -1
kind
     26     
    3600          153950     
       12.25000000000000  
 OBS            88
       2.81690855797766
       3.46189934167382
       1.00000000000000
 87 89 -1
obdef
loc3d
        4.93193348448080              0.68856418981073            106.00000000000000     -1
kind
     26     
    3600          153950     
       12.25000000000000  
 OBS            89
      -2.05069021261500
      -0.55330369503325
       1.00000000000000
 88 90 -1
obdef
loc3d
        4.89970838141578              0.68765245249877            785.09423828125000     -1
kind
     26     
    3600          153950     
       12.25000000000000  
 OBS            90
      10.38969267089626
       2.90807881514649
       1.00000000000000
 89 91 -1
obdef
loc3d
        4.95026814558372              0.68993059237416             93.11567687988281     -1
kind
     26     
    3600          153950     
       12.25000000000000  
 OBS            91
      -1.86623208256044
       3.20371019167680
       1.00000000000000
 90 92 -1
obdef
loc3d
        4.94174512165160              0.68484635226999            116.56585693359381     -1
kind
     26     
    3600          153950     
       12.25000000000000  
 OBS            92
       7.76571106926589
       2.82014776315535
       1.00000000000000
 91 93 -1
obdef
loc3d
        4.95420735021482              0.68473663912788             15.00000000000000     -1
kind
     26     
    3600          153950     
       12.25000000000000  
 OBS            93
       4.99972472640724
       2.37055711513899
       1.00000000000000
 92 94 -1
obdef
loc3d
        4.93477042118681              0.68310638816012            118.89588928222661     -1
kind
     26     
    3600          153950     
       12.25000000000000  
 OBS            94
       8.51042124858528
       3.48772466187149
       1.00000000000000
 93 95 -1
obdef
loc3d
        4.93795631029682              0.68276407673392            144.94107055664060     -1
kind
     26     
    3600          153950     
       12.25000000000000  
 OBS            95
      -0.13979791502446
       1.44197818903798
       1.00000000000000
 94 96 -1
obdef
loc3d
        4.94001671685736              0.68064929967652             43.67281723022461     -1
kind
     26     
    3600          153950     
       12.25000000000000  
 OBS            96
       3.70806795912648
       2.61979291564356
       1.00000000000000
 95 97 -1
obdef
loc3d
        4.94058460161740              0.67807181314514             70.17810058593750     -1
kind
     26     
    3600          153950     
       12.25000000000000  
 OBS            97
       2.71559222065887
       2.14900214516754
       1.00000000000000
 96 98 -1
obdef
loc3d
        4.95423295419494              0.68033176843505              3.71636104583740     -1
kind
     26     
    3600          153950     
       12.25000000000000  
 OBS            98
      -0.51176837421336
       2.97578152132970
       1.00000000000000
 97 99 -1
obdef
loc3d
        4.94926894458696              0.66642585587446             10.91526031494141     -1
kind
     26     
    3600          153950     
       12.25000000000000  
 OBS            99
       4.11199451981534
       4.91202096899486
       1.00000000000000
 98 100 -1
obdef
loc3d
        4.96223480186848              0.66700036066835              5.00000000000000     -1
kind
     26     
    3600          153950     
       12.25000000000000  
 OBS            100
       3.32862409699709
       2.61906770965147
       1.00000000000000
 99 101 -1
obdef
loc3d
        4.95546148971009              0.67729393735082              6.17724800109863     -1
kind
     26     
    3600          153950     
       12.25000000000000  
 OBS            101
      -2.46398991660904
       2.64439937848593
       1.00000000000000
 100 102 -1
obdef
loc3d
        4.92652723985629              0.69051382381431            146.04148864746091     -1
kind
     26     
    3600          153950     
       12.25000000000000  
 OBS            102
       3.85234782715552
       4.72150641887959
       1.00000000000000
 101 103 -1
obdef
loc3d
        4.96366005344362              0.66920346185787              6.00000000000000     -1
kind
     26     
    3600          153950     
       12.25000000000000  
 OBS            103
       9.32132622280990
       6.16901910511212
       1.00000000000000
 102 104 -1
obdef
loc3d
        4.97052949833720              0.66907739847133              8.84140872955322     -1
kind
     26     
    3600          153950     
       12.25000000000000  
 OBS            104
       7.05244718381222
       2.97557829579338
       1.00000000000000
 103 105 -1
obdef
loc3d
        4.95272465676814              0.69285338512106             17.57446289062500     -1
kind
     26     
    3600          153950     
       12.25000000000000  
 OBS            105
       2.89626156410843
       2.58965575443798
       1.00000000000000
 104 106 -1
obdef
loc3d
        4.94895487610473              0.69270373762026            144.09075927734381     -1
kind
     26     
    3600          153950     
       12.25000000000000  
 OBS            106
       2.98608899977680
       2.44814459014149
       1.00000000000000
 105 107 -1
obdef
loc3d
        4.94293085461737              0.69053117803871            168.92642211914060     -1
kind
     26     
    3600          153950     
       12.25000000000000  
 OBS            107
       1.04314532379519
       0.63286518298703
       1.00000000000000
 106 108 -1
obdef
loc3d
        4.93556788041953              0.67027828664670             15.00000000000000     -1
kind
     26     
    3600          153950     
       12.25000000000000  
 OBS            108
       3.97476678776589
       1.01896005904206
       1.00000000000000
 107 109 -1
obdef
loc3d
        4.94611628544174              0.67496858055017             35.03607940673828     -1
kind
     26     
    3600          153950     
       12.25000000000000  
 OBS            109
      -0.66656648661671
       1.11957381342684
       1.00000000000000
 108 110 -1
obdef
loc3d
        4.94304709522229              0.67138694960003             45.00000000000000     -1
kind
     26     
    3600          153950     
       12.25000000000000  
 OBS            110
      -1.82792606359037
       0.98632006047901
       1.00000000000000
 109 111 -1
obdef
loc3d
        4.94323627307922              0.67609935421143             50.91764831542969     -1
kind
     26     
    3600          153950     
       12.25000000000000  
 OBS            111
       2.31321631240599
       1.55988755354999
       1.00000000000000
 110 112 -1
obdef
loc3d
        4.94382880471830              0.67878617658979             35.27229690551758     -1
kind
     26     
    3600          153950     
       12.25000000000000  
 OBS            112
       0.36711406640157
       2.70427594975728
       1.00000000000000
 111 113 -1
obdef
loc3d
        4.94220707390035              0.68781081917460            173.94366455078119     -1
kind
     26     
    3600          153950     
       12.25000000000000  
 OBS            113
       0.54067436688935
       1.68487734127831
       1.00000000000000
 112 114 -1
obdef
loc3d
        4.92755542120837              0.68675243746254            174.61849975585940     -1
kind
     26     
    3600          153950     
       12.25000000000000  
 OBS            114
       0.98379832753312
       2.83688352817037
       1.00000000000000
 113 115 -1
obdef
loc3d
        4.93770287749180              0.68559892863867            149.84144592285159     -1
kind
     26     
    3600          153950     
       12.25000000000000  
 OBS            115
       7.47214228673481
       5.36118424330296
       1.00000000000000
 114 116 -1
obdef
loc3d
        4.92848130899840              0.69282991767383            196.64169311523440     -1
kind
     26     
    3600          153950     
       12.25000000000000  
 OBS            116
      -1.92939969117576
      -0.15514356062328
       1.00000000000000
 115 117 -1
obdef
loc3d
        4.94329123891126              0.66857696973652             21.80461120605469     -1
kind
     26     
    3600          153950     
       12.25000000000000  
 OBS            117
       2.07312565641084
       3.65876827556284
       1.00000000000000
 116 118 -1
obdef
loc3d
        4.93215285315783              0.69272179551745            405.54205322265619     -1
kind
     26     
    3600          153950     
       12.25000000000000  
 OBS            118
       3.19886199227371
       1.63936065631647
       1.00000000000000
 117 119 -1
obdef
loc3d
        4.93085954966869              0.68304429171430             90.32812500000000     -1
kind
     26     
    3600          153950     
       12.25000000000000  
 OBS            119
       0.05227372592727
       1.57584031008804
       1.00000000000000
 118 120 -1
obdef
loc3d
        4.93705662369825              0.67280917017713             44.45593643188477     -1
kind
     26     
    3600          153950     
       12.25000000000000  
 OBS            120
       6.15436839585656
       2.82636287512475
       1.00000000000000
 119 121 -1
obdef
loc3d
        4.94512604639754              0.69281773274108            184.54177856445310     -1
kind
     26     
    3600          153950     
       12.25000000000000  
 OBS            121
       0.04791807669892
       3.08425794530133
       1.00000000000000
 120 122 -1
obdef
loc3d
        4.94897278262263              0.68784055253573             58.60614395141602     -1
kind
     26     
    3600          153950     
       12.25000000000000  
 OBS            122
       4.68799520175992
       2.54542574088980
       1.00000000000000
 121 123 -1
obdef
loc3d
        4.94602769361993              0.68071046350214             21.00896453857422     -1
kind
     26     
    3600          153950     
       12.25000000000000  
 OBS            123
       1.46506802915310
       1.30643798526406
       1.00000000000000
 122 124 -1
obdef
loc3d
        4.93975094338173              0.67132086947702             44.21312713623047     -1
kind
     26     
    3600          153950     
       12.25000000000000  
 OBS            124
       6.07803967639493
       4.70755043727872
       1.00000000000000
 123 125 -1
obdef
loc3d
        4.93608481943111              0.69281990441712            165.01060485839841     -1
kind
     26     
    3600          153950     
       12.25000000000000  
 OBS            125
      -3.80671958359009
      -0.71484317491728
       1.00000000000000
 124 126 -1
obdef
loc3d
        4.92159319416735              0.69282443720594            292.33944702148438     -1
kind
     26     
    3600          153950     
       12.25000000000000  
 OBS            126
       2.58087415104950
       3.44307294481157
       1.00000000000000
 125 127 -1
obdef
loc3d
        4.93873881518950              0.68829597049600            229.64634704589841     -1
kind
     26     
    3600          153950     
       12.25000000000000  
 OBS            127
       4.75163558688961
       4.03884290509711
       1.00000000000000
 126 128 -1
obdef
loc3d
        4.93527083413009              0.68767784768684            170.73742675781250     -1
kind
     26     
    3600          153950     
       12.25000000000000  
 OBS            128
       9.03270048497114
       3.47286111666777
       1.00000000000000
 127 129 -1
obdef
loc3d
        4.94662113618514              0.69029960200592            170.37097167968750     -1
kind
     26     
    3600          153950     
       12.25000000000000  
 OBS            129
       6.20220821069386
       4.29117748989351
       1.00000000000000
 128 130 -1
obdef
loc3d
        4.93429249379945              0.69052021135789            149.81713867187500     -1
kind
     26     
    3600          153950     
       12.25000000000000  
 OBS            130
      -1.08098014777384
       4.48829311798338
       1.00000000000000
 129 131 -1
obdef
loc3d
        4.93269049343414              0.68556567101287            183.19726562500000     -1
kind
     26     
    3600          153950     
       12.25000000000000  
 OBS            131
       2.70233562171766
       3.71009790382806
       1.00000000000000
 130 132 -1
obdef
loc3d
        4.96102089029673              0.67774516842699             17.24609375000000     -1
kind
     26     
    3600          153950     
       12.25000000000000  
 OBS            132
       8.88116955402799
       3.18087817221964
       1.00000000000000
 131 133 -1
obdef
loc3d
        4.95766343385975              0.68587140474105             17.20619201660156     -1
kind
     26     
    3600          153950     
       12.25000000000000  
 OBS            133
       5.50254577352523
       6.09380424617075
       1.00000000000000
 132 134 -1
obdef
loc3d
        4.96848382491262              0.66600327539335              8.93466186523438     -1
kind
     26     
    3600          153950     
       12.25000000000000  
 OBS            134
       3.78098552030836
       3.29120947563570
       1.00000000000000
 133 135 -1
obdef
loc3d
        4.95841046678131              0.68356976794003             15.00000000000000     -1
kind
     26     
    3600          153950     
       12.25000000000000  
 OBS            135
       0.67950061775272
       3.99302168272350
       1.00000000000000
 134 136 -1
obdef
loc3d
        4.95968425198686              0.67283122878530              9.91464328765869     -1
kind
     26     
    3600          153950     
       12.25000000000000  
 OBS            136
       6.07091925860998
       4.52322606451951
       1.00000000000000
 135 137 -1
obdef
loc3d
        4.95850938370535              0.67569847985950              9.09960937500000     -1
kind
     26     
    3600          153950     
       12.25000000000000  
 OBS            137
       5.66597931443965
       2.36855794380611
       1.00000000000000
 136 138 -1
obdef
loc3d
        4.96062039600501              0.68186605212913             14.00000000000000     -1
kind
     26     
    3600          153950     
       12.25000000000000  
 OBS            138
       1.68608460661053
       2.06036110874886
       1.00000000000000
 137 139 -1
obdef
loc3d
        4.96044430349621              0.68522255501691             15.00000000000000     -1
kind
     26     
    3600          153950     
       12.25000000000000  
 OBS            139
       2.60737369237106
       2.91825399646200
       1.00000000000000
 138 140 -1
obdef
loc3d
        4.95666979050607              0.68165969365477             15.07347202301025     -1
kind
     26     
    3600          153950     
       12.25000000000000  
 OBS            140
       8.83229521116866
       6.16589101099469
       1.00000000000000
 139 141 -1
obdef
loc3d
        4.96483712939352              0.66390373451953              6.00000000000000     -1
kind
     26     
    3600          153950     
       12.25000000000000  
 OBS            141
      -0.89490420599632
       4.46501415272460
       1.00000000000000
 140 142 -1
obdef
loc3d
        4.96717335385836              0.67072562238302             13.76562500000000     -1
kind
     26     
    3600          153950     
       12.25000000000000  
 OBS            142
       2.81275546721555
       2.87340049744961
       1.00000000000000
 141 143 -1
obdef
loc3d
        4.96004611966382              0.68820120365869             15.00000000000000     -1
kind
     26     
    3600          153950     
       12.25000000000000  
 OBS            143
       2.76595996525313
       2.92155198556629
       1.00000000000000
 142 144 -1
obdef
loc3d
        4.95406364445895              0.69009645468583             54.42578125000000     -1
kind
     26     
    3600          153950     
       12.25000000000000  
 OBS            144
       9.93322578320351
       4.34295029038814
       1.00000000000000
 143 145 -1
obdef
loc3d
        4.95508230192316              0.68705689194968              9.08530712127686     -1
kind
     26     
    3600          153950     
       12.25000000000000  
 OBS            145
      -0.70920472014729
       1.21923246315302
       1.00000000000000
 144 146 -1
obdef
loc3d
        4.89647559039613              0.68497595921932            824.84875488281250     -1
kind
     26     
    3600          153950     
       12.25000000000000  
 OBS            146
       2.07432691447055
       0.22698040235640
       1.00000000000000
 145 147 -1
obdef
loc3d
        4.89667428721977              0.69273770557989            574.37286376953125     -1
kind
     26     
    3600          153950     
       12.25000000000000  
 OBS            147
      -4.04311888372015
      -0.62896620642128
       1.00000000000000
 146 148 -1
obdef
loc3d
        4.91583459977084              0.69278424988043            233.68589782714841     -1
kind
     26     
    3600          153950     
       12.25000000000000  
 OBS            148
      -0.04123821040716
      -2.26778803506094
       1.00000000000000
 147 149 -1
obdef
loc3d
        4.90300762067971              0.68954390300676            525.03326416015625     -1
kind
     26     
    3600          153950     
       12.25000000000000  
 OBS            149
       0.79385503840837
       1.52662252685594
       1.00000000000000
 148 150 -1
obdef
loc3d
        4.90168560310748              0.69286223560483            711.58941650390625     -1
kind
     26     
    3600          153950     
       12.25000000000000  
 OBS            150
      -1.09613059699506
      -0.24102073680865
       1.00000000000000
 149 151 -1
obdef
loc3d
        4.91091515139416              0.69052501454351            199.70848083496091     -1
kind
     26     
    3600          153950     
       12.25000000000000  
 OBS            151
     295.98685734059632
     296.20713397456899
       1.00000000000000
 150 152 -1
obdef
loc3d
        4.90540352515539              0.69194112440599            606.33142089843750     -1
kind
     27     
    3600          153950     
        6.25000000000000  
 OBS            152
     296.92440980687786
     297.49785556613500
       1.00000000000000
 151 153 -1
obdef
loc3d
        4.94546412681761              0.68348353984884             17.75631332397461     -1
kind
     27     
    3600          153950     
        6.25000000000000  
 OBS            153
     298.49103297389593
     298.26206970466200
       1.00000000000000
 152 154 -1
obdef
loc3d
        4.94660974174000              0.67744857875853             29.35406684875488     -1
kind
     27     
    3600          153950     
        6.25000000000000  
 OBS            154
     297.86345906151479
     297.82138751611700
       1.00000000000000
 153 155 -1
obdef
loc3d
        4.94648126630843              0.68652865419204             54.82812500000000     -1
kind
     27     
    3600          153950     
        6.25000000000000  
 OBS            155
     296.06269565584870
     297.67069926184797
       1.00000000000000
 154 156 -1
obdef
loc3d
        4.94445426011379              0.68507566758975             62.61011505126953     -1
kind
     27     
    3600          153950     
        6.25000000000000  
 OBS            156
     296.65861184317163
     297.82915599369500
       1.00000000000000
 155 157 -1
obdef
loc3d
        4.94602055174578              0.68752162087271            134.15721130371091     -1
kind
     27     
    3600          153950     
        6.25000000000000  
 OBS            157
     299.56775821201575
     299.60987697181997
       1.00000000000000
 156 158 -1
obdef
loc3d
        4.94603912728501              0.67254511985829             35.00297546386719     -1
kind
     27     
    3600          153950     
        6.25000000000000  
 OBS            158
     299.01553985921305
     299.54827642912801
       1.00000000000000
 157 159 -1
obdef
loc3d
        4.95877904994953              0.67986585977255             17.04111671447754     -1
kind
     27     
    3600          153950     
        6.25000000000000  
 OBS            159
     298.50491999134266
     297.50879477743501
       1.00000000000000
 158 160 -1
obdef
loc3d
        4.93958042817759              0.69095160998657            226.13127136230469     -1
kind
     27     
    3600          153950     
        6.25000000000000  
 OBS            160
     296.83125901024988
     297.95499029076700
       1.00000000000000
 159 161 -1
obdef
loc3d
        4.95756313665553              0.69181797222864             89.84997558593750     -1
kind
     27     
    3600          153950     
        6.25000000000000  
 OBS            161
     299.75217488223353
     298.70991486717799
       1.00000000000000
 160 162 -1
obdef
loc3d
        4.94078657111844              0.67409210989409             60.81152343750000     -1
kind
     27     
    3600          153950     
        6.25000000000000  
 OBS            162
     300.33877873149379
     300.26141841814302
       1.00000000000000
 161 163 -1
obdef
loc3d
        4.95557846691255              0.67267262139613              1.00000000000000     -1
kind
     27     
    3600          153950     
        6.25000000000000  
 OBS            163
     298.25801707464376
     299.10065222431098
       1.00000000000000
 162 164 -1
obdef
loc3d
        4.93193348448080              0.68856418981073            106.00000000000000     -1
kind
     27     
    3600          153950     
        6.25000000000000  
 OBS            164
     293.40957443692423
     293.38175502727699
       1.00000000000000
 163 165 -1
obdef
loc3d
        4.89970838141578              0.68765245249877            785.09423828125000     -1
kind
     27     
    3600          153950     
        6.25000000000000  
 OBS            165
     296.18000927558256
     297.42806326814099
       1.00000000000000
 164 166 -1
obdef
loc3d
        4.95026814558372              0.68993059237416             93.11567687988281     -1
kind
     27     
    3600          153950     
        6.25000000000000  
 OBS            166
     297.63053556320767
     297.78199479348802
       1.00000000000000
 165 167 -1
obdef
loc3d
        4.94174512165160              0.68484635226999            116.56585693359381     -1
kind
     27     
    3600          153950     
        6.25000000000000  
 OBS            167
     298.93924380204436
     298.58663139651298
       1.00000000000000
 166 168 -1
obdef
loc3d
        4.95420735021482              0.68473663912788             15.00000000000000     -1
kind
     27     
    3600          153950     
        6.25000000000000  
 OBS            168
     297.41871871718371
     297.52328542940199
       1.00000000000000
 167 169 -1
obdef
loc3d
        4.93477042118681              0.68310638816012            118.89588928222661     -1
kind
     27     
    3600          153950     
        6.25000000000000  
 OBS            169
     298.33815703469116
     297.27206511856701
       1.00000000000000
 168 170 -1
obdef
loc3d
        4.93795631029682              0.68276407673392            144.94107055664060     -1
kind
     27     
    3600          153950     
        6.25000000000000  
 OBS            170
     297.23056091201209
     297.16805231754699
       1.00000000000000
 169 171 -1
obdef
loc3d
        4.94001671685736              0.68064929967652             43.67281723022461     -1
kind
     27     
    3600          153950     
        6.25000000000000  
 OBS            171
     298.15802915648868
     297.99704480741002
       1.00000000000000
 170 172 -1
obdef
loc3d
        4.94058460161740              0.67807181314514             70.17810058593750     -1
kind
     27     
    3600          153950     
        6.25000000000000  
 OBS            172
     300.34887656054065
     299.17557871859901
       1.00000000000000
 171 173 -1
obdef
loc3d
        4.95423295419494              0.68033176843505              3.71636104583740     -1
kind
     27     
    3600          153950     
        6.25000000000000  
 OBS            173
     299.89956294938906
     300.70271104887701
       1.00000000000000
 172 174 -1
obdef
loc3d
        4.94926894458696              0.66642585587446             10.91526031494141     -1
kind
     27     
    3600          153950     
        6.25000000000000  
 OBS            174
     300.31802406657965
     299.65075304005200
       1.00000000000000
 173 175 -1
obdef
loc3d
        4.96223480186848              0.66700036066835              5.00000000000000     -1
kind
     27     
    3600          153950     
        6.25000000000000  
 OBS            175
     299.15120645077599
     298.89399747402803
       1.00000000000000
 174 176 -1
obdef
loc3d
        4.95546148971009              0.67729393735082              6.17724800109863     -1
kind
     27     
    3600          153950     
        6.25000000000000  
 OBS            176
     299.84711575448358
     300.58190814177800
       1.00000000000000
 175 177 -1
obdef
loc3d
        4.92652723985629              0.69051382381431            146.04148864746091     -1
kind
     27     
    3600          153950     
        6.25000000000000  
 OBS            177
     299.86564371294435
     299.51560572751600
       1.00000000000000
 176 178 -1
obdef
loc3d
        4.96366005344362              0.66920346185787              6.00000000000000     -1
kind
     27     
    3600          153950     
        6.25000000000000  
 OBS            178
     298.02236323822626
     297.32743155072899
       1.00000000000000
 177 179 -1
obdef
loc3d
        4.97052949833720              0.66907739847133              8.84140872955322     -1
kind
     27     
    3600          153950     
        6.25000000000000  
 OBS            179
     298.51199834505883
     299.25008321356199
       1.00000000000000
 178 180 -1
obdef
loc3d
        4.95272465676814              0.69285338512106             17.57446289062500     -1
kind
     27     
    3600          153950     
        6.25000000000000  
 OBS            180
     297.45437134842712
     297.46371006043898
       1.00000000000000
 179 181 -1
obdef
loc3d
        4.94895487610473              0.69270373762026            144.09075927734381     -1
kind
     27     
    3600          153950     
        6.25000000000000  
 OBS            181
     296.55361260174828
     297.40311056837800
       1.00000000000000
 180 182 -1
obdef
loc3d
        4.94293085461737              0.69053117803871            168.92642211914060     -1
kind
     27     
    3600          153950     
        6.25000000000000  
 OBS            182
     298.48246909010999
     298.96450431222900
       1.00000000000000
 181 183 -1
obdef
loc3d
        4.93556788041953              0.67027828664670             15.00000000000000     -1
kind
     27     
    3600          153950     
        6.25000000000000  
 OBS            183
     298.84800928876712
     299.61231381695501
       1.00000000000000
 182 184 -1
obdef
loc3d
        4.94611628544174              0.67496858055017             35.03607940673828     -1
kind
     27     
    3600          153950     
        6.25000000000000  
 OBS            184
     300.19410860931589
     299.57981525609699
       1.00000000000000
 183 185 -1
obdef
loc3d
        4.94304709522229              0.67138694960003             45.00000000000000     -1
kind
     27     
    3600          153950     
        6.25000000000000  
 OBS            185
     298.54467461685073
     298.33810045052002
       1.00000000000000
 184 186 -1
obdef
loc3d
        4.94323627307922              0.67609935421143             50.91764831542969     -1
kind
     27     
    3600          153950     
        6.25000000000000  
 OBS            186
     297.01981758542610
     298.61773109162499
       1.00000000000000
 185 187 -1
obdef
loc3d
        4.94382880471830              0.67878617658979             35.27229690551758     -1
kind
     27     
    3600          153950     
        6.25000000000000  
 OBS            187
     297.59257563236173
     297.10013378289102
       1.00000000000000
 186 188 -1
obdef
loc3d
        4.94220707390035              0.68781081917460            173.94366455078119     -1
kind
     27     
    3600          153950     
        6.25000000000000  
 OBS            188
     296.07066355779301
     297.73357638721302
       1.00000000000000
 187 189 -1
obdef
loc3d
        4.92755542120837              0.68675243746254            174.61849975585940     -1
kind
     27     
    3600          153950     
        6.25000000000000  
 OBS            189
     295.89161598229992
     297.45271258554101
       1.00000000000000
 188 190 -1
obdef
loc3d
        4.93770287749180              0.68559892863867            149.84144592285159     -1
kind
     27     
    3600          153950     
        6.25000000000000  
 OBS            190
     300.00782437161951
     300.27641048683699
       1.00000000000000
 189 191 -1
obdef
loc3d
        4.92848130899840              0.69282991767383            196.64169311523440     -1
kind
     27     
    3600          153950     
        6.25000000000000  
 OBS            191
     301.03089590689245
     300.89760953571101
       1.00000000000000
 190 192 -1
obdef
loc3d
        4.94329123891126              0.66857696973652             21.80461120605469     -1
kind
     27     
    3600          153950     
        6.25000000000000  
 OBS            192
     297.52821302061028
     299.21455811445003
       1.00000000000000
 191 193 -1
obdef
loc3d
        4.93215285315783              0.69272179551745            405.54205322265619     -1
kind
     27     
    3600          153950     
        6.25000000000000  
 OBS            193
     297.06963217032006
     297.88248675700601
       1.00000000000000
 192 194 -1
obdef
loc3d
        4.93085954966869              0.68304429171430             90.32812500000000     -1
kind
     27     
    3600          153950     
        6.25000000000000  
 OBS            194
     299.16153686175841
     298.28664044087901
       1.00000000000000
 193 195 -1
obdef
loc3d
        4.93705662369825              0.67280917017713             44.45593643188477     -1
kind
     27     
    3600          153950     
        6.25000000000000  
 OBS            195
     298.22260514650839
     296.87361324378702
       1.00000000000000
 194 196 -1
obdef
loc3d
        4.94512604639754              0.69281773274108            184.54177856445310     -1
kind
     27     
    3600          153950     
        6.25000000000000  
 OBS            196
     297.26358044083622
     297.53110203828601
       1.00000000000000
 195 197 -1
obdef
loc3d
        4.94897278262263              0.68784055253573             58.60614395141602     -1
kind
     27     
    3600          153950     
        6.25000000000000  
 OBS            197
     298.29834176000213
     297.96983211758800
       1.00000000000000
 196 198 -1
obdef
loc3d
        4.94602769361993              0.68071046350214             21.00896453857422     -1
kind
     27     
    3600          153950     
        6.25000000000000  
 OBS            198
     300.15917105045645
     299.37468567574803
       1.00000000000000
 197 199 -1
obdef
loc3d
        4.93975094338173              0.67132086947702             44.21312713623047     -1
kind
     27     
    3600          153950     
        6.25000000000000  
 OBS            199
     296.47499495789395
     298.45089617288602
       1.00000000000000
 198 200 -1
obdef
loc3d
        4.93608481943111              0.69281990441712            165.01060485839841     -1
kind
     27     
    3600          153950     
        6.25000000000000  
 OBS            200
     299.55016461778240
     300.01759715611797
       1.00000000000000
 199 201 -1
obdef
loc3d
        4.92159319416735              0.69282443720594            292.33944702148438     -1
kind
     27     
    3600          153950     
        6.25000000000000  
 OBS            201
     296.71733826850596
     297.03027712049698
       1.00000000000000
 200 202 -1
obdef
loc3d
        4.93873881518950              0.68829597049600            229.64634704589841     -1
kind
     27     
    3600          153950     
        6.25000000000000  
 OBS            202
     298.07834836773867
     298.65379142887900
       1.00000000000000
 201 203 -1
obdef
loc3d
        4.93527083413009              0.68767784768684            170.73742675781250     -1
kind
     27     
    3600          153950     
        6.25000000000000  
 OBS            203
     298.53046755427232
     297.39715159194799
       1.00000000000000
 202 204 -1
obdef
loc3d
        4.94662113618514              0.69029960200592            170.37097167968750     -1
kind
     27     
    3600          153950     
        6.25000000000000  
 OBS            204
     298.55894854707736
     298.68400674472798
       1.00000000000000
 203 205 -1
obdef
loc3d
        4.93429249379945              0.69052021135789            149.81713867187500     -1
kind
     27     
    3600          153950     
        6.25000000000000  
 OBS            205
     297.93001710467797
     297.62746587743499
       1.00000000000000
 204 206 -1
obdef
loc3d
        4.93269049343414              0.68556567101287            183.19726562500000     -1
kind
     27     
    3600          153950     
        6.25000000000000  
 OBS            206
     299.85952686777728
     299.91142904952699
       1.00000000000000
 205 207 -1
obdef
loc3d
        4.96102089029673              0.67774516842699             17.24609375000000     -1
kind
     27     
    3600          153950     
        6.25000000000000  
 OBS            207
     298.89495018402664
     299.31135205169602
       1.00000000000000
 206 208 -1
obdef
loc3d
        4.95766343385975              0.68587140474105             17.20619201660156     -1
kind
     27     
    3600          153950     
        6.25000000000000  
 OBS            208
     297.76893688007328
     297.22298237637398
       1.00000000000000
 207 209 -1
obdef
loc3d
        4.96848382491262              0.66600327539335              8.93466186523438     -1
kind
     27     
    3600          153950     
        6.25000000000000  
 OBS            209
     301.30267007714377
     299.17501998806000
       1.00000000000000
 208 210 -1
obdef
loc3d
        4.95841046678131              0.68356976794003             15.00000000000000     -1
kind
     27     
    3600          153950     
        6.25000000000000  
 OBS            210
     300.83693044313003
     300.68720980132298
       1.00000000000000
 209 211 -1
obdef
loc3d
        4.95968425198686              0.67283122878530              9.91464328765869     -1
kind
     27     
    3600          153950     
        6.25000000000000  
 OBS            211
     299.31821886946528
     300.10155220011200
       1.00000000000000
 210 212 -1
obdef
loc3d
        4.95850938370535              0.67569847985950              9.09960937500000     -1
kind
     27     
    3600          153950     
        6.25000000000000  
 OBS            212
     300.56215072278235
     300.56936337034000
       1.00000000000000
 211 213 -1
obdef
loc3d
        4.96062039600501              0.68186605212913             14.00000000000000     -1
kind
     27     
    3600          153950     
        6.25000000000000  
 OBS            213
     301.13917511080655
     299.98089662170702
       1.00000000000000
 212 214 -1
obdef
loc3d
        4.96044430349621              0.68522255501691             15.00000000000000     -1
kind
     27     
    3600          153950     
        6.25000000000000  
 OBS            214
     298.42400611066313
     299.09931997743502
       1.00000000000000
 213 215 -1
obdef
loc3d
        4.95666979050607              0.68165969365477             15.07347202301025     -1
kind
     27     
    3600          153950     
        6.25000000000000  
 OBS            215
     298.52875579108343
     298.48633720901103
       1.00000000000000
 214 216 -1
obdef
loc3d
        4.96483712939352              0.66390373451953              6.00000000000000     -1
kind
     27     
    3600          153950     
        6.25000000000000  
 OBS            216
     298.65319665601851
     299.12344888828102
       1.00000000000000
 215 217 -1
obdef
loc3d
        4.96717335385836              0.67072562238302             13.76562500000000     -1
kind
     27     
    3600          153950     
        6.25000000000000  
 OBS            217
     298.13351436049584
     299.40283247243298
       1.00000000000000
 216 218 -1
obdef
loc3d
        4.96004611966382              0.68820120365869             15.00000000000000     -1
kind
     27     
    3600          153950     
        6.25000000000000  
 OBS            218
     299.57957690414452
     297.78137645794499
       1.00000000000000
 217 219 -1
obdef
loc3d
        4.95406364445895              0.69009645468583             54.42578125000000     -1
kind
     27     
    3600          153950     
        6.25000000000000  
 OBS            219
     301.58010028488752
     299.06028424111099
       1.00000000000000
 218 220 -1
obdef
loc3d
        4.95508230192316              0.68705689194968              9.08530712127686     -1
kind
     27     
    3600          153950     
        6.25000000000000  
 OBS            220
     292.59482509988152
     293.44081844643699
       1.00000000000000
 219 221 -1
obdef
loc3d
        4.89647559039613              0.68497595921932            824.84875488281250     -1
kind
     27     
    3600          153950     
        6.25000000000000  
 OBS            221
     294.60227203843118
     295.12851685969201
       1.00000000000000
 220 222 -1
obdef
loc3d
        4.89667428721977              0.69273770557989            574.37286376953125     -1
kind
     27     
    3600          153950     
        6.25000000000000  
 OBS            222
     301.01979489820354
     300.25463166174302
       1.00000000000000
 221 223 -1
obdef
loc3d
        4.91583459977084              0.69278424988043            233.68589782714841     -1
kind
     27     
    3600          153950     
        6.25000000000000  
 OBS            223
     293.72731180158706
     296.01222869642902
       1.00000000000000
 222 224 -1
obdef
loc3d
        4.90300762067971              0.68954390300676            525.03326416015625     -1
kind
     27     
    3600          153950     
        6.25000000000000  
 OBS            224
     296.09836066061746
     294.50003771135198
       1.00000000000000
 223 225 -1
obdef
loc3d
        4.90168560310748              0.69286223560483            711.58941650390625     -1
kind
     27     
    3600          153950     
        6.25000000000000  
 OBS            225
     297.71724878354269
     298.97303689813100
       1.00000000000000
 224 -1 -1
obdef
loc3d
        4.91091515139416              0.69052501454351            199.70848083496091     -1
kind
     27     
    3600          153950     
        6.25000000000000  
