 obs_sequence
obs_kind_definitions
       3
    25          LAND_SFC_U_WIND_COMPONENT   
    26          LAND_SFC_V_WIND_COMPONENT   
    27          LAND_SFC_TEMPERATURE   
  num_copies:            2  num_qc:            1
 num_obs:       225  max_num_obs:       225
observations
truth
QC radar
  first:            1  last:       225
 OBS            1
       5.53991223735751
       5.10377376676858
       1.00000000000000
 -1 2 -1
obdef
loc3d
        4.90540352515539              0.69194112440599            606.33142089843750     -1
kind
     25     
    900          153950     
       12.25000000000000  
 OBS            2
       1.80214069714289
       3.01070716034722
       1.00000000000000
 1 3 -1
obdef
loc3d
        4.94546412681761              0.68348353984884             17.75631332397461     -1
kind
     25     
    900          153950     
       12.25000000000000  
 OBS            3
       3.02320788967881
       3.49068951462382
       1.00000000000000
 2 4 -1
obdef
loc3d
        4.94660974174000              0.67744857875853             29.35406684875488     -1
kind
     25     
    900          153950     
       12.25000000000000  
 OBS            4
       3.53396248387862
      -0.80697122013837
       1.00000000000000
 3 5 -1
obdef
loc3d
        4.94648126630843              0.68652865419204             54.82812500000000     -1
kind
     25     
    900          153950     
       12.25000000000000  
 OBS            5
      -2.50409229949114
       0.27548106422147
       1.00000000000000
 4 6 -1
obdef
loc3d
        4.94445426011379              0.68507566758975             62.61011505126953     -1
kind
     25     
    900          153950     
       12.25000000000000  
 OBS            6
      -4.41318858702124
      -0.48781814142190
       1.00000000000000
 5 7 -1
obdef
loc3d
        4.94602055174578              0.68752162087271            134.15721130371091     -1
kind
     25     
    900          153950     
       12.25000000000000  
 OBS            7
       5.54435206737031
       1.49915793238148
       1.00000000000000
 6 8 -1
obdef
loc3d
        4.94603912728501              0.67254511985829             35.00297546386719     -1
kind
     25     
    900          153950     
       12.25000000000000  
 OBS            8
       2.93900177628650
       4.12258585904107
       1.00000000000000
 7 9 -1
obdef
loc3d
        4.95877904994953              0.67986585977255             17.04111671447754     -1
kind
     25     
    900          153950     
       12.25000000000000  
 OBS            9
      -1.12251345888325
       0.00963926530955
       1.00000000000000
 8 10 -1
obdef
loc3d
        4.93958042817759              0.69095160998657            226.13127136230469     -1
kind
     25     
    900          153950     
       12.25000000000000  
 OBS            10
       3.13424350322672
       3.83386490408016
       1.00000000000000
 9 11 -1
obdef
loc3d
        4.95756313665553              0.69181797222864             89.84997558593750     -1
kind
     25     
    900          153950     
       12.25000000000000  
 OBS            11
      -0.13809143551369
      -1.21166413298324
       1.00000000000000
 10 12 -1
obdef
loc3d
        4.94078657111844              0.67409210989409             60.81152343750000     -1
kind
     25     
    900          153950     
       12.25000000000000  
 OBS            12
       6.02387818406410
       0.41320539986448
       1.00000000000000
 11 13 -1
obdef
loc3d
        4.95557846691255              0.67267262139613              1.00000000000000     -1
kind
     25     
    900          153950     
       12.25000000000000  
 OBS            13
      -3.46699537930847
       1.56677009431555
       1.00000000000000
 12 14 -1
obdef
loc3d
        4.93193348448080              0.68856418981073            106.00000000000000     -1
kind
     25     
    900          153950     
       12.25000000000000  
 OBS            14
       2.35612516561646
       2.87037518158082
       1.00000000000000
 13 15 -1
obdef
loc3d
        4.89970838141578              0.68765245249877            785.09423828125000     -1
kind
     25     
    900          153950     
       12.25000000000000  
 OBS            15
       1.56834102104394
       2.10654238361170
       1.00000000000000
 14 16 -1
obdef
loc3d
        4.95026814558372              0.68993059237416             93.11567687988281     -1
kind
     25     
    900          153950     
       12.25000000000000  
 OBS            16
       3.62185591654656
       1.44029589765738
       1.00000000000000
 15 17 -1
obdef
loc3d
        4.94174512165160              0.68484635226999            116.56585693359381     -1
kind
     25     
    900          153950     
       12.25000000000000  
 OBS            17
       5.21344738822295
       4.28105499532333
       1.00000000000000
 16 18 -1
obdef
loc3d
        4.95420735021482              0.68473663912788             15.00000000000000     -1
kind
     25     
    900          153950     
       12.25000000000000  
 OBS            18
      -1.75507240119010
      -0.10147578049990
       1.00000000000000
 17 19 -1
obdef
loc3d
        4.93477042118681              0.68310638816012            118.89588928222661     -1
kind
     25     
    900          153950     
       12.25000000000000  
 OBS            19
       1.98274606193260
       1.28545801768148
       1.00000000000000
 18 20 -1
obdef
loc3d
        4.93795631029682              0.68276407673392            144.94107055664060     -1
kind
     25     
    900          153950     
       12.25000000000000  
 OBS            20
      -0.43477208989584
       0.37076063120596
       1.00000000000000
 19 21 -1
obdef
loc3d
        4.94001671685736              0.68064929967652             43.67281723022461     -1
kind
     25     
    900          153950     
       12.25000000000000  
 OBS            21
      -0.75972481771368
      -0.95661970667243
       1.00000000000000
 20 22 -1
obdef
loc3d
        4.94058460161740              0.67807181314514             70.17810058593750     -1
kind
     25     
    900          153950     
       12.25000000000000  
 OBS            22
       1.23864821352463
       2.06038177136727
       1.00000000000000
 21 23 -1
obdef
loc3d
        4.95423295419494              0.68033176843505              3.71636104583740     -1
kind
     25     
    900          153950     
       12.25000000000000  
 OBS            23
      -6.71693381834110
      -0.72430155606931
       1.00000000000000
 22 24 -1
obdef
loc3d
        4.94926894458696              0.66642585587446             10.91526031494141     -1
kind
     25     
    900          153950     
       12.25000000000000  
 OBS            24
      -2.30745631670248
       0.27829368422895
       1.00000000000000
 23 25 -1
obdef
loc3d
        4.96223480186848              0.66700036066835              5.00000000000000     -1
kind
     25     
    900          153950     
       12.25000000000000  
 OBS            25
       4.22066801136379
       3.26957058804437
       1.00000000000000
 24 26 -1
obdef
loc3d
        4.95546148971009              0.67729393735082              6.17724800109863     -1
kind
     25     
    900          153950     
       12.25000000000000  
 OBS            26
       1.26643273103311
       0.59495843223947
       1.00000000000000
 25 27 -1
obdef
loc3d
        4.92652723985629              0.69051382381431            146.04148864746091     -1
kind
     25     
    900          153950     
       12.25000000000000  
 OBS            27
      -3.39767321692747
      -0.03987124108714
       1.00000000000000
 26 28 -1
obdef
loc3d
        4.96366005344362              0.66920346185787              6.00000000000000     -1
kind
     25     
    900          153950     
       12.25000000000000  
 OBS            28
       2.11665768180291
       1.50348195664492
       1.00000000000000
 27 29 -1
obdef
loc3d
        4.97052949833720              0.66907739847133              8.84140872955322     -1
kind
     25     
    900          153950     
       12.25000000000000  
 OBS            29
       3.92145486280622
      -0.38046595286340
       1.00000000000000
 28 30 -1
obdef
loc3d
        4.93727739535368              0.69277976810143            187.24655151367190     -1
kind
     25     
    900          153950     
       12.25000000000000  
 OBS            30
      -1.61339597789563
       1.65036993787088
       1.00000000000000
 29 31 -1
obdef
loc3d
        4.94575592838423              0.68143846111579             35.01654815673828     -1
kind
     25     
    900          153950     
       12.25000000000000  
 OBS            31
       2.80902201542903
       1.52568691169922
       1.00000000000000
 30 32 -1
obdef
loc3d
        4.93184075890513              0.68784163962489             92.58054351806641     -1
kind
     25     
    900          153950     
       12.25000000000000  
 OBS            32
      -4.17047571024990
      -0.35965375762568
       1.00000000000000
 31 33 -1
obdef
loc3d
        4.94081711590956              0.68854862967758            162.55853271484381     -1
kind
     25     
    900          153950     
       12.25000000000000  
 OBS            33
      -0.41757513488224
      -0.80088891740353
       1.00000000000000
 32 34 -1
obdef
loc3d
        4.94249854456299              0.67650785339572             60.39866638183594     -1
kind
     25     
    900          153950     
       12.25000000000000  
 OBS            34
      -2.52124548359704
       0.72619063464682
       1.00000000000000
 33 35 -1
obdef
loc3d
        4.93162931041089              0.68282844530430             93.04485321044922     -1
kind
     25     
    900          153950     
       12.25000000000000  
 OBS            35
       0.26771153157772
       2.51448696744117
       1.00000000000000
 34 36 -1
obdef
loc3d
        4.93293180012842              0.69147876068069            106.50605773925780     -1
kind
     25     
    900          153950     
       12.25000000000000  
 OBS            36
      -4.88135520160278
      -0.32194832934521
       1.00000000000000
 35 37 -1
obdef
loc3d
        4.94231542915734              0.67925336633936             45.80761718750000     -1
kind
     25     
    900          153950     
       12.25000000000000  
 OBS            37
       2.20737835194415
       0.41113337149272
       1.00000000000000
 36 38 -1
obdef
loc3d
        4.94267046375275              0.67009027494016             28.73577499389648     -1
kind
     25     
    900          153950     
       12.25000000000000  
 OBS            38
       6.46906352200554
       2.09251543107510
       1.00000000000000
 37 39 -1
obdef
loc3d
        4.95301390972552              0.69283749825579             93.74549102783203     -1
kind
     25     
    900          153950     
       12.25000000000000  
 OBS            39
      -0.68281731795276
      -1.71066126933954
       1.00000000000000
 38 40 -1
obdef
loc3d
        4.93993476658470              0.67588412939320             29.35707092285156     -1
kind
     25     
    900          153950     
       12.25000000000000  
 OBS            40
      -6.92597661987013
      -0.06964096148223
       1.00000000000000
 39 41 -1
obdef
loc3d
        4.93755681423869              0.67212761520231             23.80049896240234     -1
kind
     25     
    900          153950     
       12.25000000000000  
 OBS            41
       1.41263782058110
       0.52405207018427
       1.00000000000000
 40 42 -1
obdef
loc3d
        4.93524778363115              0.68687961042640            201.53530883789060     -1
kind
     25     
    900          153950     
       12.25000000000000  
 OBS            42
       1.00724446230493
      -0.52023333186854
       1.00000000000000
 41 43 -1
obdef
loc3d
        4.94487715611266              0.69284945127485            184.54177856445310     -1
kind
     25     
    900          153950     
       12.25000000000000  
 OBS            43
      -4.29824964817244
       0.09200764061659
       1.00000000000000
 42 44 -1
obdef
loc3d
        4.93574679201688              0.68074234291388             92.12267303466797     -1
kind
     25     
    900          153950     
       12.25000000000000  
 OBS            44
      -1.03733909777405
       1.02784692896494
       1.00000000000000
 43 45 -1
obdef
loc3d
        4.93948311897746              0.68677523412020            143.54531860351560     -1
kind
     25     
    900          153950     
       12.25000000000000  
 OBS            45
      -3.49106294345801
       1.81845336278906
       1.00000000000000
 44 46 -1
obdef
loc3d
        4.93535147134114              0.68874818734546            154.91955566406250     -1
kind
     25     
    900          153950     
       12.25000000000000  
 OBS            46
      -0.91661067894471
      -0.56953113747025
       1.00000000000000
 45 47 -1
obdef
loc3d
        4.93998720508067              0.67099618858999             15.00000000000000     -1
kind
     25     
    900          153950     
       12.25000000000000  
 OBS            47
       0.63096810005428
       0.77657589547088
       1.00000000000000
 46 48 -1
obdef
loc3d
        4.95377154670010              0.68841616298427              1.00000000000000     -1
kind
     25     
    900          153950     
       12.25000000000000  
 OBS            48
      -2.88003803201354
       0.48793103885895
       1.00000000000000
 47 49 -1
obdef
loc3d
        4.94369600674710              0.67424831199146             56.55799865722656     -1
kind
     25     
    900          153950     
       12.25000000000000  
 OBS            49
       2.53698756715327
       1.90279403394855
       1.00000000000000
 48 50 -1
obdef
loc3d
        4.94554915949750              0.67592825057405             27.37830162048340     -1
kind
     25     
    900          153950     
       12.25000000000000  
 OBS            50
       0.86506976759081
       1.28574936026663
       1.00000000000000
 49 51 -1
obdef
loc3d
        4.93817225910204              0.68863985936718            220.11502075195310     -1
kind
     25     
    900          153950     
       12.25000000000000  
 OBS            51
       2.85450864965576
       1.42940605456743
       1.00000000000000
 50 52 -1
obdef
loc3d
        4.94679227765370              0.67424304503817             25.38815879821777     -1
kind
     25     
    900          153950     
       12.25000000000000  
 OBS            52
      -2.42397664908564
      -0.87594424179149
       1.00000000000000
 51 53 -1
obdef
loc3d
        4.93825175772606              0.67415674930066             45.00000000000000     -1
kind
     25     
    900          153950     
       12.25000000000000  
 OBS            53
      -7.22383775665520
      -0.08734098967831
       1.00000000000000
 52 54 -1
obdef
loc3d
        4.94311892630401              0.68721450203000            155.69055175781250     -1
kind
     25     
    900          153950     
       12.25000000000000  
 OBS            54
       3.66972302475449
       0.94009810170478
       1.00000000000000
 53 55 -1
obdef
loc3d
        4.94449382724881              0.67792071808206             14.15527343750000     -1
kind
     25     
    900          153950     
       12.25000000000000  
 OBS            55
      -0.08726790215845
      -0.43203683574112
       1.00000000000000
 54 56 -1
obdef
loc3d
        4.94565692959859              0.66987151098961             30.00000000000000     -1
kind
     25     
    900          153950     
       12.25000000000000  
 OBS            56
       4.15966838789347
       1.02803344578399
       1.00000000000000
 55 57 -1
obdef
loc3d
        4.93623940611723              0.68485115788194            160.48159790039060     -1
kind
     25     
    900          153950     
       12.25000000000000  
 OBS            57
       2.14811563777379
       0.11762159393895
       1.00000000000000
 56 58 -1
obdef
loc3d
        4.93207688179052              0.69191340558627            266.88421630859381     -1
kind
     25     
    900          153950     
       12.25000000000000  
 OBS            58
       3.45683725041578
      -0.22598121495580
       1.00000000000000
 57 59 -1
obdef
loc3d
        4.94337184525690              0.69048472086632            168.92642211914060     -1
kind
     25     
    900          153950     
       12.25000000000000  
 OBS            59
       5.19564287388966
       4.03219219271840
       1.00000000000000
 58 60 -1
obdef
loc3d
        4.93083275656657              0.69156409584246            530.37139892578125     -1
kind
     25     
    900          153950     
       12.25000000000000  
 OBS            60
       1.19562764667729
       0.05013983813658
       1.00000000000000
 59 61 -1
obdef
loc3d
        4.93576715774405              0.67026358084744             15.00000000000000     -1
kind
     25     
    900          153950     
       12.25000000000000  
 OBS            61
      -0.50190959985922
      -0.00686884457401
       1.00000000000000
 60 62 -1
obdef
loc3d
        4.94676264345478              0.69035499858378            170.37097167968750     -1
kind
     25     
    900          153950     
       12.25000000000000  
 OBS            62
      -3.84999202855544
       0.40076865371250
       1.00000000000000
 61 63 -1
obdef
loc3d
        4.94046883892718              0.69230960363225            232.29916381835940     -1
kind
     25     
    900          153950     
       12.25000000000000  
 OBS            63
       3.98753659988729
       0.13656986765544
       1.00000000000000
 62 64 -1
obdef
loc3d
        4.94668005348904              0.66792517272334             30.00000000000000     -1
kind
     25     
    900          153950     
       12.25000000000000  
 OBS            64
      -0.28514737909288
       3.05765082742653
       1.00000000000000
 63 65 -1
obdef
loc3d
        4.93142664351951              0.69067116425814            352.18109130859381     -1
kind
     25     
    900          153950     
       12.25000000000000  
 OBS            65
       1.63419617249066
       2.00683388174224
       1.00000000000000
 64 66 -1
obdef
loc3d
        4.93315860158957              0.69236546390432            148.09797668457031     -1
kind
     25     
    900          153950     
       12.25000000000000  
 OBS            66
       5.09601305056495
       0.75676013790705
       1.00000000000000
 65 67 -1
obdef
loc3d
        4.94330474517536              0.68101851702487             28.94674682617188     -1
kind
     25     
    900          153950     
       12.25000000000000  
 OBS            67
       1.39927150434608
       1.09083006973325
       1.00000000000000
 66 68 -1
obdef
loc3d
        4.93900329796962              0.68465687192145            135.10733032226560     -1
kind
     25     
    900          153950     
       12.25000000000000  
 OBS            68
       7.13509939062214
       1.31625793492384
       1.00000000000000
 67 69 -1
obdef
loc3d
        4.94044166392076              0.68262352587105            131.77731323242190     -1
kind
     25     
    900          153950     
       12.25000000000000  
 OBS            69
       6.52343758161848
       2.32963964264576
       1.00000000000000
 68 70 -1
obdef
loc3d
        4.92619210793233              0.68978851614430            140.91706848144531     -1
kind
     25     
    900          153950     
       12.25000000000000  
 OBS            70
       6.77427695965241
       1.38445440202404
       1.00000000000000
 69 71 -1
obdef
loc3d
        4.94963312081941              0.66996996266355             29.99300956726074     -1
kind
     25     
    900          153950     
       12.25000000000000  
 OBS            71
       3.79524967242566
       0.76127410322317
       1.00000000000000
 70 72 -1
obdef
loc3d
        4.92700392971737              0.68887132383449            128.38885498046881     -1
kind
     25     
    900          153950     
       12.25000000000000  
 OBS            72
       1.95002197562140
       0.16011293053372
       1.00000000000000
 71 73 -1
obdef
loc3d
        4.94246333188258              0.67229541033138             45.31371688842773     -1
kind
     25     
    900          153950     
       12.25000000000000  
 OBS            73
      -0.88405445587552
       1.35120305295349
       1.00000000000000
 72 74 -1
obdef
loc3d
        4.94297820410103              0.68302629331082             53.72113800048828     -1
kind
     25     
    900          153950     
       12.25000000000000  
 OBS            74
       2.36908763464963
       2.20744292391635
       1.00000000000000
 73 75 -1
obdef
loc3d
        4.94625467437127              0.67931016686449             42.11843872070312     -1
kind
     25     
    900          153950     
       12.25000000000000  
 OBS            75
       2.28062726920243
       0.19428951947022
       1.00000000000000
 74 76 -1
obdef
loc3d
        4.93718236751881              0.69150375136553            153.15858459472659     -1
kind
     25     
    900          153950     
       12.25000000000000  
 OBS            76
       2.48080597450497
      -1.38361914497577
       1.00000000000000
 75 77 -1
obdef
loc3d
        4.90540352515539              0.69194112440599            606.33142089843750     -1
kind
     26     
    900          153950     
       12.25000000000000  
 OBS            77
      -2.49726041556590
       3.18914883424981
       1.00000000000000
 76 78 -1
obdef
loc3d
        4.94546412681761              0.68348353984884             17.75631332397461     -1
kind
     26     
    900          153950     
       12.25000000000000  
 OBS            78
       0.45169849164437
       1.08836765364711
       1.00000000000000
 77 79 -1
obdef
loc3d
        4.94660974174000              0.67744857875853             29.35406684875488     -1
kind
     26     
    900          153950     
       12.25000000000000  
 OBS            79
       7.36641610149725
       1.71763922418250
       1.00000000000000
 78 80 -1
obdef
loc3d
        4.94648126630843              0.68652865419204             54.82812500000000     -1
kind
     26     
    900          153950     
       12.25000000000000  
 OBS            80
      -1.38136033481712
       0.05054397947677
       1.00000000000000
 79 81 -1
obdef
loc3d
        4.94445426011379              0.68507566758975             62.61011505126953     -1
kind
     26     
    900          153950     
       12.25000000000000  
 OBS            81
       5.10759295360820
       2.15795576192264
       1.00000000000000
 80 82 -1
obdef
loc3d
        4.94602055174578              0.68752162087271            134.15721130371091     -1
kind
     26     
    900          153950     
       12.25000000000000  
 OBS            82
       2.53494866688310
      -1.74454793222345
       1.00000000000000
 81 83 -1
obdef
loc3d
        4.94603912728501              0.67254511985829             35.00297546386719     -1
kind
     26     
    900          153950     
       12.25000000000000  
 OBS            83
       4.16742173662827
       3.61509105681228
       1.00000000000000
 82 84 -1
obdef
loc3d
        4.95877904994953              0.67986585977255             17.04111671447754     -1
kind
     26     
    900          153950     
       12.25000000000000  
 OBS            84
      -4.49137029251330
       1.97010995445748
       1.00000000000000
 83 85 -1
obdef
loc3d
        4.93958042817759              0.69095160998657            226.13127136230469     -1
kind
     26     
    900          153950     
       12.25000000000000  
 OBS            85
       1.55071532126429
       5.47913244389997
       1.00000000000000
 84 86 -1
obdef
loc3d
        4.95756313665553              0.69181797222864             89.84997558593750     -1
kind
     26     
    900          153950     
       12.25000000000000  
 OBS            86
      -2.54395065056666
      -0.15563598647227
       1.00000000000000
 85 87 -1
obdef
loc3d
        4.94078657111844              0.67409210989409             60.81152343750000     -1
kind
     26     
    900          153950     
       12.25000000000000  
 OBS            87
       4.05560733789899
       4.86343586628011
       1.00000000000000
 86 88 -1
obdef
loc3d
        4.95557846691255              0.67267262139613              1.00000000000000     -1
kind
     26     
    900          153950     
       12.25000000000000  
 OBS            88
       0.28461515179254
       3.75048714274160
       1.00000000000000
 87 89 -1
obdef
loc3d
        4.93193348448080              0.68856418981073            106.00000000000000     -1
kind
     26     
    900          153950     
       12.25000000000000  
 OBS            89
      -4.51873281304075
      -1.24739945854655
       1.00000000000000
 88 90 -1
obdef
loc3d
        4.89970838141578              0.68765245249877            785.09423828125000     -1
kind
     26     
    900          153950     
       12.25000000000000  
 OBS            90
       4.67042725118909
       4.01738632897265
       1.00000000000000
 89 91 -1
obdef
loc3d
        4.95026814558372              0.68993059237416             93.11567687988281     -1
kind
     26     
    900          153950     
       12.25000000000000  
 OBS            91
       2.95978113366702
       3.80423182208489
       1.00000000000000
 90 92 -1
obdef
loc3d
        4.94174512165160              0.68484635226999            116.56585693359381     -1
kind
     26     
    900          153950     
       12.25000000000000  
 OBS            92
      -3.69321606991085
       0.10931830586316
       1.00000000000000
 91 93 -1
obdef
loc3d
        4.95420735021482              0.68473663912788             15.00000000000000     -1
kind
     26     
    900          153950     
       12.25000000000000  
 OBS            93
       6.26801255335849
       3.71459964964053
       1.00000000000000
 92 94 -1
obdef
loc3d
        4.93477042118681              0.68310638816012            118.89588928222661     -1
kind
     26     
    900          153950     
       12.25000000000000  
 OBS            94
       4.98817927955530
       4.48783413334598
       1.00000000000000
 93 95 -1
obdef
loc3d
        4.93795631029682              0.68276407673392            144.94107055664060     -1
kind
     26     
    900          153950     
       12.25000000000000  
 OBS            95
       4.58392432014283
       1.41026544222905
       1.00000000000000
 94 96 -1
obdef
loc3d
        4.94001671685736              0.68064929967652             43.67281723022461     -1
kind
     26     
    900          153950     
       12.25000000000000  
 OBS            96
       3.78522510117590
       2.68426981436227
       1.00000000000000
 95 97 -1
obdef
loc3d
        4.94058460161740              0.67807181314514             70.17810058593750     -1
kind
     26     
    900          153950     
       12.25000000000000  
 OBS            97
       2.30292702652583
       1.56861281085084
       1.00000000000000
 96 98 -1
obdef
loc3d
        4.95423295419494              0.68033176843505              3.71636104583740     -1
kind
     26     
    900          153950     
       12.25000000000000  
 OBS            98
       3.13072145711402
       3.87312173297808
       1.00000000000000
 97 99 -1
obdef
loc3d
        4.94926894458696              0.66642585587446             10.91526031494141     -1
kind
     26     
    900          153950     
       12.25000000000000  
 OBS            99
       2.86247969433158
       5.68402139001024
       1.00000000000000
 98 100 -1
obdef
loc3d
        4.96223480186848              0.66700036066835              5.00000000000000     -1
kind
     26     
    900          153950     
       12.25000000000000  
 OBS            100
       1.82203464259056
       1.57605637632526
       1.00000000000000
 99 101 -1
obdef
loc3d
        4.95546148971009              0.67729393735082              6.17724800109863     -1
kind
     26     
    900          153950     
       12.25000000000000  
 OBS            101
       0.31444755843882
       2.30712991452901
       1.00000000000000
 100 102 -1
obdef
loc3d
        4.92652723985629              0.69051382381431            146.04148864746091     -1
kind
     26     
    900          153950     
       12.25000000000000  
 OBS            102
       5.06355268752767
       5.44969009645340
       1.00000000000000
 101 103 -1
obdef
loc3d
        4.96366005344362              0.66920346185787              6.00000000000000     -1
kind
     26     
    900          153950     
       12.25000000000000  
 OBS            103
       9.71176949697151
       6.37904848258493
       1.00000000000000
 102 104 -1
obdef
loc3d
        4.97052949833720              0.66907739847133              8.84140872955322     -1
kind
     26     
    900          153950     
       12.25000000000000  
 OBS            104
       4.33132285125101
       3.48628697954946
       1.00000000000000
 103 105 -1
obdef
loc3d
        4.93727739535368              0.69277976810143            187.24655151367190     -1
kind
     26     
    900          153950     
       12.25000000000000  
 OBS            105
       3.40842917222587
       2.08694079479629
       1.00000000000000
 104 106 -1
obdef
loc3d
        4.94575592838423              0.68143846111579             35.01654815673828     -1
kind
     26     
    900          153950     
       12.25000000000000  
 OBS            106
       2.42916387772152
       4.43083954718855
       1.00000000000000
 105 107 -1
obdef
loc3d
        4.93184075890513              0.68784163962489             92.58054351806641     -1
kind
     26     
    900          153950     
       12.25000000000000  
 OBS            107
       0.99562756354477
       1.81597499726026
       1.00000000000000
 106 108 -1
obdef
loc3d
        4.94081711590956              0.68854862967758            162.55853271484381     -1
kind
     26     
    900          153950     
       12.25000000000000  
 OBS            108
       5.25379933142371
       1.11779257912678
       1.00000000000000
 107 109 -1
obdef
loc3d
        4.94249854456299              0.67650785339572             60.39866638183594     -1
kind
     26     
    900          153950     
       12.25000000000000  
 OBS            109
       3.26723163620204
       3.37811714520081
       1.00000000000000
 108 110 -1
obdef
loc3d
        4.93162931041089              0.68282844530430             93.04485321044922     -1
kind
     26     
    900          153950     
       12.25000000000000  
 OBS            110
       7.25935782890387
       5.45778006609694
       1.00000000000000
 109 111 -1
obdef
loc3d
        4.93293180012842              0.69147876068069            106.50605773925780     -1
kind
     26     
    900          153950     
       12.25000000000000  
 OBS            111
       4.96195262565833
       1.95952125051768
       1.00000000000000
 110 112 -1
obdef
loc3d
        4.94231542915734              0.67925336633936             45.80761718750000     -1
kind
     26     
    900          153950     
       12.25000000000000  
 OBS            112
       0.72562566729959
      -0.99065345388646
       1.00000000000000
 111 113 -1
obdef
loc3d
        4.94267046375275              0.67009027494016             28.73577499389648     -1
kind
     26     
    900          153950     
       12.25000000000000  
 OBS            113
       9.71211152556958
       4.59379351192407
       1.00000000000000
 112 114 -1
obdef
loc3d
        4.95301390972552              0.69283749825579             93.74549102783203     -1
kind
     26     
    900          153950     
       12.25000000000000  
 OBS            114
      -5.05300415764980
       1.21076061675528
       1.00000000000000
 113 115 -1
obdef
loc3d
        4.93993476658470              0.67588412939320             29.35707092285156     -1
kind
     26     
    900          153950     
       12.25000000000000  
 OBS            115
       1.85432917148185
      -0.03048247815610
       1.00000000000000
 114 116 -1
obdef
loc3d
        4.93755681423869              0.67212761520231             23.80049896240234     -1
kind
     26     
    900          153950     
       12.25000000000000  
 OBS            116
       4.77379533778012
       5.64765100505681
       1.00000000000000
 115 117 -1
obdef
loc3d
        4.93524778363115              0.68687961042640            201.53530883789060     -1
kind
     26     
    900          153950     
       12.25000000000000  
 OBS            117
       4.39326248814342
       4.10797678012560
       1.00000000000000
 116 118 -1
obdef
loc3d
        4.94487715611266              0.69284945127485            184.54177856445310     -1
kind
     26     
    900          153950     
       12.25000000000000  
 OBS            118
      -0.62233549323896
       2.67513671267836
       1.00000000000000
 117 119 -1
obdef
loc3d
        4.93574679201688              0.68074234291388             92.12267303466797     -1
kind
     26     
    900          153950     
       12.25000000000000  
 OBS            119
       3.60652927450617
       3.37831193086709
       1.00000000000000
 118 120 -1
obdef
loc3d
        4.93948311897746              0.68677523412020            143.54531860351560     -1
kind
     26     
    900          153950     
       12.25000000000000  
 OBS            120
       1.60234031433694
       4.16033347453306
       1.00000000000000
 119 121 -1
obdef
loc3d
        4.93535147134114              0.68874818734546            154.91955566406250     -1
kind
     26     
    900          153950     
       12.25000000000000  
 OBS            121
      -0.48734513940123
       0.30947633473552
       1.00000000000000
 120 122 -1
obdef
loc3d
        4.93998720508067              0.67099618858999             15.00000000000000     -1
kind
     26     
    900          153950     
       12.25000000000000  
 OBS            122
       5.70525479200166
       1.44552938761607
       1.00000000000000
 121 123 -1
obdef
loc3d
        4.95377154670010              0.68841616298427              1.00000000000000     -1
kind
     26     
    900          153950     
       12.25000000000000  
 OBS            123
      -1.49141096429090
      -0.88028429415456
       1.00000000000000
 122 124 -1
obdef
loc3d
        4.94369600674710              0.67424831199146             56.55799865722656     -1
kind
     26     
    900          153950     
       12.25000000000000  
 OBS            124
       4.97588738020015
       0.68305894020125
       1.00000000000000
 123 125 -1
obdef
loc3d
        4.94554915949750              0.67592825057405             27.37830162048340     -1
kind
     26     
    900          153950     
       12.25000000000000  
 OBS            125
       1.18936245072944
       5.13361722022690
       1.00000000000000
 124 126 -1
obdef
loc3d
        4.93817225910204              0.68863985936718            220.11502075195310     -1
kind
     26     
    900          153950     
       12.25000000000000  
 OBS            126
      -2.91292507242420
      -0.72036828864782
       1.00000000000000
 125 127 -1
obdef
loc3d
        4.94679227765370              0.67424304503817             25.38815879821777     -1
kind
     26     
    900          153950     
       12.25000000000000  
 OBS            127
      -9.06265499343939
       0.30550235339589
       1.00000000000000
 126 128 -1
obdef
loc3d
        4.93825175772606              0.67415674930066             45.00000000000000     -1
kind
     26     
    900          153950     
       12.25000000000000  
 OBS            128
       2.38774524175522
       2.36641201693321
       1.00000000000000
 127 129 -1
obdef
loc3d
        4.94311892630401              0.68721450203000            155.69055175781250     -1
kind
     26     
    900          153950     
       12.25000000000000  
 OBS            129
      -0.67743777184037
       0.70791113027435
       1.00000000000000
 128 130 -1
obdef
loc3d
        4.94449382724881              0.67792071808206             14.15527343750000     -1
kind
     26     
    900          153950     
       12.25000000000000  
 OBS            130
      -4.73940309866056
      -1.44648093183192
       1.00000000000000
 129 131 -1
obdef
loc3d
        4.94565692959859              0.66987151098961             30.00000000000000     -1
kind
     26     
    900          153950     
       12.25000000000000  
 OBS            131
      -3.03515150987299
       3.97808644438975
       1.00000000000000
 130 132 -1
obdef
loc3d
        4.93623940611723              0.68485115788194            160.48159790039060     -1
kind
     26     
    900          153950     
       12.25000000000000  
 OBS            132
       1.10579184910790
       2.63943502058000
       1.00000000000000
 131 133 -1
obdef
loc3d
        4.93207688179052              0.69191340558627            266.88421630859381     -1
kind
     26     
    900          153950     
       12.25000000000000  
 OBS            133
      -3.05501393588000
       2.35032924693150
       1.00000000000000
 132 134 -1
obdef
loc3d
        4.94337184525690              0.69048472086632            168.92642211914060     -1
kind
     26     
    900          153950     
       12.25000000000000  
 OBS            134
       3.69114768446273
       5.26181790631375
       1.00000000000000
 133 135 -1
obdef
loc3d
        4.93083275656657              0.69156409584246            530.37139892578125     -1
kind
     26     
    900          153950     
       12.25000000000000  
 OBS            135
       3.02769947510207
       0.28598235659839
       1.00000000000000
 134 136 -1
obdef
loc3d
        4.93576715774405              0.67026358084744             15.00000000000000     -1
kind
     26     
    900          153950     
       12.25000000000000  
 OBS            136
       2.44555644885300
       3.42986952873590
       1.00000000000000
 135 137 -1
obdef
loc3d
        4.94676264345478              0.69035499858378            170.37097167968750     -1
kind
     26     
    900          153950     
       12.25000000000000  
 OBS            137
       4.29367861906057
       3.74393066050492
       1.00000000000000
 136 138 -1
obdef
loc3d
        4.94046883892718              0.69230960363225            232.29916381835940     -1
kind
     26     
    900          153950     
       12.25000000000000  
 OBS            138
       3.21808643507303
       0.60260240032006
       1.00000000000000
 137 139 -1
obdef
loc3d
        4.94668005348904              0.66792517272334             30.00000000000000     -1
kind
     26     
    900          153950     
       12.25000000000000  
 OBS            139
       4.43983063619968
       3.03408892427893
       1.00000000000000
 138 140 -1
obdef
loc3d
        4.93142664351951              0.69067116425814            352.18109130859381     -1
kind
     26     
    900          153950     
       12.25000000000000  
 OBS            140
      10.76150828998649
       4.66308742521223
       1.00000000000000
 139 141 -1
obdef
loc3d
        4.93315860158957              0.69236546390432            148.09797668457031     -1
kind
     26     
    900          153950     
       12.25000000000000  
 OBS            141
      -3.14264132077196
       2.61680372852903
       1.00000000000000
 140 142 -1
obdef
loc3d
        4.94330474517536              0.68101851702487             28.94674682617188     -1
kind
     26     
    900          153950     
       12.25000000000000  
 OBS            142
      -1.93205809266274
       3.88286428302432
       1.00000000000000
 141 143 -1
obdef
loc3d
        4.93900329796962              0.68465687192145            135.10733032226560     -1
kind
     26     
    900          153950     
       12.25000000000000  
 OBS            143
       2.37302020229550
       4.63101257761747
       1.00000000000000
 142 144 -1
obdef
loc3d
        4.94044166392076              0.68262352587105            131.77731323242190     -1
kind
     26     
    900          153950     
       12.25000000000000  
 OBS            144
       1.28431653939478
       4.23463898266799
       1.00000000000000
 143 145 -1
obdef
loc3d
        4.92619210793233              0.68978851614430            140.91706848144531     -1
kind
     26     
    900          153950     
       12.25000000000000  
 OBS            145
      -2.53235340254450
      -1.86606192533477
       1.00000000000000
 144 146 -1
obdef
loc3d
        4.94963312081941              0.66996996266355             29.99300956726074     -1
kind
     26     
    900          153950     
       12.25000000000000  
 OBS            146
       9.92072549392809
       5.20760223821008
       1.00000000000000
 145 147 -1
obdef
loc3d
        4.92700392971737              0.68887132383449            128.38885498046881     -1
kind
     26     
    900          153950     
       12.25000000000000  
 OBS            147
       2.28094757608762
      -0.81191701280549
       1.00000000000000
 146 148 -1
obdef
loc3d
        4.94246333188258              0.67229541033138             45.31371688842773     -1
kind
     26     
    900          153950     
       12.25000000000000  
 OBS            148
       6.98663773812579
       2.10555506636057
       1.00000000000000
 147 149 -1
obdef
loc3d
        4.94297820410103              0.68302629331082             53.72113800048828     -1
kind
     26     
    900          153950     
       12.25000000000000  
 OBS            149
       4.02649330866687
       1.75487875325650
       1.00000000000000
 148 150 -1
obdef
loc3d
        4.94625467437127              0.67931016686449             42.11843872070312     -1
kind
     26     
    900          153950     
       12.25000000000000  
 OBS            150
       2.22521782389376
       3.15722065857204
       1.00000000000000
 149 151 -1
obdef
loc3d
        4.93718236751881              0.69150375136553            153.15858459472659     -1
kind
     26     
    900          153950     
       12.25000000000000  
 OBS            151
     295.97364336244198
     296.28419323636399
       1.00000000000000
 150 152 -1
obdef
loc3d
        4.90540352515539              0.69194112440599            606.33142089843750     -1
kind
     27     
    900          153950     
        6.25000000000000  
 OBS            152
     296.81511973306704
     297.78874898090697
       1.00000000000000
 151 153 -1
obdef
loc3d
        4.94546412681761              0.68348353984884             17.75631332397461     -1
kind
     27     
    900          153950     
        6.25000000000000  
 OBS            153
     300.14617129997703
     298.41293730514900
       1.00000000000000
 152 154 -1
obdef
loc3d
        4.94660974174000              0.67744857875853             29.35406684875488     -1
kind
     27     
    900          153950     
        6.25000000000000  
 OBS            154
     296.82653909643278
     298.62216832441197
       1.00000000000000
 153 155 -1
obdef
loc3d
        4.94648126630843              0.68652865419204             54.82812500000000     -1
kind
     27     
    900          153950     
        6.25000000000000  
 OBS            155
     297.81243497399407
     298.18911401031198
       1.00000000000000
 154 156 -1
obdef
loc3d
        4.94445426011379              0.68507566758975             62.61011505126953     -1
kind
     27     
    900          153950     
        6.25000000000000  
 OBS            156
     296.64266220182424
     298.52665690902700
       1.00000000000000
 155 157 -1
obdef
loc3d
        4.94602055174578              0.68752162087271            134.15721130371091     -1
kind
     27     
    900          153950     
        6.25000000000000  
 OBS            157
     300.21662674739798
     300.07537520204198
       1.00000000000000
 156 158 -1
obdef
loc3d
        4.94603912728501              0.67254511985829             35.00297546386719     -1
kind
     27     
    900          153950     
        6.25000000000000  
 OBS            158
     299.80584968848387
     300.59457212168797
       1.00000000000000
 157 159 -1
obdef
loc3d
        4.95877904994953              0.67986585977255             17.04111671447754     -1
kind
     27     
    900          153950     
        6.25000000000000  
 OBS            159
     299.16179202426378
     298.27382472314298
       1.00000000000000
 158 160 -1
obdef
loc3d
        4.93958042817759              0.69095160998657            226.13127136230469     -1
kind
     27     
    900          153950     
        6.25000000000000  
 OBS            160
     296.12434628822160
     298.03557776556300
       1.00000000000000
 159 161 -1
obdef
loc3d
        4.95756313665553              0.69181797222864             89.84997558593750     -1
kind
     27     
    900          153950     
        6.25000000000000  
 OBS            161
     299.25527070776826
     299.48251092379002
       1.00000000000000
 160 162 -1
obdef
loc3d
        4.94078657111844              0.67409210989409             60.81152343750000     -1
kind
     27     
    900          153950     
        6.25000000000000  
 OBS            162
     300.16054712368805
     300.91499006077800
       1.00000000000000
 161 163 -1
obdef
loc3d
        4.95557846691255              0.67267262139613              1.00000000000000     -1
kind
     27     
    900          153950     
        6.25000000000000  
 OBS            163
     299.65278728082478
     299.60331204131700
       1.00000000000000
 162 164 -1
obdef
loc3d
        4.93193348448080              0.68856418981073            106.00000000000000     -1
kind
     27     
    900          153950     
        6.25000000000000  
 OBS            164
     292.78018850480004
     294.11282455781497
       1.00000000000000
 163 165 -1
obdef
loc3d
        4.89970838141578              0.68765245249877            785.09423828125000     -1
kind
     27     
    900          153950     
        6.25000000000000  
 OBS            165
     300.45121406115067
     298.43674614424299
       1.00000000000000
 164 166 -1
obdef
loc3d
        4.95026814558372              0.68993059237416             93.11567687988281     -1
kind
     27     
    900          153950     
        6.25000000000000  
 OBS            166
     296.41990313620943
     297.65443511783900
       1.00000000000000
 165 167 -1
obdef
loc3d
        4.94174512165160              0.68484635226999            116.56585693359381     -1
kind
     27     
    900          153950     
        6.25000000000000  
 OBS            167
     300.13680281954771
     299.51934588339998
       1.00000000000000
 166 168 -1
obdef
loc3d
        4.95420735021482              0.68473663912788             15.00000000000000     -1
kind
     27     
    900          153950     
        6.25000000000000  
 OBS            168
     298.88917137226042
     297.93475772319800
       1.00000000000000
 167 169 -1
obdef
loc3d
        4.93477042118681              0.68310638816012            118.89588928222661     -1
kind
     27     
    900          153950     
        6.25000000000000  
 OBS            169
     296.11672208143614
     297.59414594705902
       1.00000000000000
 168 170 -1
obdef
loc3d
        4.93795631029682              0.68276407673392            144.94107055664060     -1
kind
     27     
    900          153950     
        6.25000000000000  
 OBS            170
     297.38338002449905
     297.38574293667500
       1.00000000000000
 169 171 -1
obdef
loc3d
        4.94001671685736              0.68064929967652             43.67281723022461     -1
kind
     27     
    900          153950     
        6.25000000000000  
 OBS            171
     296.52954051420784
     298.07355230368103
       1.00000000000000
 170 172 -1
obdef
loc3d
        4.94058460161740              0.67807181314514             70.17810058593750     -1
kind
     27     
    900          153950     
        6.25000000000000  
 OBS            172
     299.34619177206281
     299.83543404146099
       1.00000000000000
 171 173 -1
obdef
loc3d
        4.95423295419494              0.68033176843505              3.71636104583740     -1
kind
     27     
    900          153950     
        6.25000000000000  
 OBS            173
     302.52315649608744
     301.46265908062497
       1.00000000000000
 172 174 -1
obdef
loc3d
        4.94926894458696              0.66642585587446             10.91526031494141     -1
kind
     27     
    900          153950     
        6.25000000000000  
 OBS            174
     301.16237389019562
     300.41745580999401
       1.00000000000000
 173 175 -1
obdef
loc3d
        4.96223480186848              0.66700036066835              5.00000000000000     -1
kind
     27     
    900          153950     
        6.25000000000000  
 OBS            175
     298.15724148396782
     299.12904011042002
       1.00000000000000
 174 176 -1
obdef
loc3d
        4.95546148971009              0.67729393735082              6.17724800109863     -1
kind
     27     
    900          153950     
        6.25000000000000  
 OBS            176
     301.99660669122380
     300.60584791511701
       1.00000000000000
 175 177 -1
obdef
loc3d
        4.92652723985629              0.69051382381431            146.04148864746091     -1
kind
     27     
    900          153950     
        6.25000000000000  
 OBS            177
     299.17972998901882
     300.16850503469198
       1.00000000000000
 176 178 -1
obdef
loc3d
        4.96366005344362              0.66920346185787              6.00000000000000     -1
kind
     27     
    900          153950     
        6.25000000000000  
 OBS            178
     297.55954531981627
     297.65040635205401
       1.00000000000000
 177 179 -1
obdef
loc3d
        4.97052949833720              0.66907739847133              8.84140872955322     -1
kind
     27     
    900          153950     
        6.25000000000000  
 OBS            179
     299.01066870119519
     299.14789465814403
       1.00000000000000
 178 180 -1
obdef
loc3d
        4.93727739535368              0.69277976810143            187.24655151367190     -1
kind
     27     
    900          153950     
        6.25000000000000  
 OBS            180
     296.55902196978377
     297.89229149162497
       1.00000000000000
 179 181 -1
obdef
loc3d
        4.94575592838423              0.68143846111579             35.01654815673828     -1
kind
     27     
    900          153950     
        6.25000000000000  
 OBS            181
     299.02586178038217
     299.32490925919399
       1.00000000000000
 180 182 -1
obdef
loc3d
        4.93184075890513              0.68784163962489             92.58054351806641     -1
kind
     27     
    900          153950     
        6.25000000000000  
 OBS            182
     297.47910336342238
     298.11936053433800
       1.00000000000000
 181 183 -1
obdef
loc3d
        4.94081711590956              0.68854862967758            162.55853271484381     -1
kind
     27     
    900          153950     
        6.25000000000000  
 OBS            183
     296.89942428423126
     298.60768574153701
       1.00000000000000
 182 184 -1
obdef
loc3d
        4.94249854456299              0.67650785339572             60.39866638183594     -1
kind
     27     
    900          153950     
        6.25000000000000  
 OBS            184
     298.06817520602567
     298.49792783910499
       1.00000000000000
 183 185 -1
obdef
loc3d
        4.93162931041089              0.68282844530430             93.04485321044922     -1
kind
     27     
    900          153950     
        6.25000000000000  
 OBS            185
     298.08196985948513
     299.77051203306797
       1.00000000000000
 184 186 -1
obdef
loc3d
        4.93293180012842              0.69147876068069            106.50605773925780     -1
kind
     27     
    900          153950     
        6.25000000000000  
 OBS            186
     298.33569431451156
     297.95945476252899
       1.00000000000000
 185 187 -1
obdef
loc3d
        4.94231542915734              0.67925336633936             45.80761718750000     -1
kind
     27     
    900          153950     
        6.25000000000000  
 OBS            187
     301.43481629409348
     300.72343086847900
       1.00000000000000
 186 188 -1
obdef
loc3d
        4.94267046375275              0.67009027494016             28.73577499389648     -1
kind
     27     
    900          153950     
        6.25000000000000  
 OBS            188
     298.56819984311187
     298.89774058679001
       1.00000000000000
 187 189 -1
obdef
loc3d
        4.95301390972552              0.69283749825579             93.74549102783203     -1
kind
     27     
    900          153950     
        6.25000000000000  
 OBS            189
     298.76908040724709
     298.93558754234402
       1.00000000000000
 188 190 -1
obdef
loc3d
        4.93993476658470              0.67588412939320             29.35707092285156     -1
kind
     27     
    900          153950     
        6.25000000000000  
 OBS            190
     298.63855239906479
     298.94609454558702
       1.00000000000000
 189 191 -1
obdef
loc3d
        4.93755681423869              0.67212761520231             23.80049896240234     -1
kind
     27     
    900          153950     
        6.25000000000000  
 OBS            191
     297.88510173155527
     298.21356222558597
       1.00000000000000
 190 192 -1
obdef
loc3d
        4.93524778363115              0.68687961042640            201.53530883789060     -1
kind
     27     
    900          153950     
        6.25000000000000  
 OBS            192
     297.30761535074043
     297.20375638575098
       1.00000000000000
 191 193 -1
obdef
loc3d
        4.94487715611266              0.69284945127485            184.54177856445310     -1
kind
     27     
    900          153950     
        6.25000000000000  
 OBS            193
     298.48373008163065
     297.73694931708201
       1.00000000000000
 192 194 -1
obdef
loc3d
        4.93574679201688              0.68074234291388             92.12267303466797     -1
kind
     27     
    900          153950     
        6.25000000000000  
 OBS            194
     297.22473268276713
     298.00270156600902
       1.00000000000000
 193 195 -1
obdef
loc3d
        4.93948311897746              0.68677523412020            143.54531860351560     -1
kind
     27     
    900          153950     
        6.25000000000000  
 OBS            195
     299.02389687059582
     299.24013286383200
       1.00000000000000
 194 196 -1
obdef
loc3d
        4.93535147134114              0.68874818734546            154.91955566406250     -1
kind
     27     
    900          153950     
        6.25000000000000  
 OBS            196
     299.89447171942476
     300.30848963773900
       1.00000000000000
 195 197 -1
obdef
loc3d
        4.93998720508067              0.67099618858999             15.00000000000000     -1
kind
     27     
    900          153950     
        6.25000000000000  
 OBS            197
     298.33439113256622
     299.05038263935199
       1.00000000000000
 196 198 -1
obdef
loc3d
        4.95377154670010              0.68841616298427              1.00000000000000     -1
kind
     27     
    900          153950     
        6.25000000000000  
 OBS            198
     300.06929483813167
     299.62339114889699
       1.00000000000000
 197 199 -1
obdef
loc3d
        4.94369600674710              0.67424831199146             56.55799865722656     -1
kind
     27     
    900          153950     
        6.25000000000000  
 OBS            199
     299.02871373394856
     298.85614776189601
       1.00000000000000
 198 200 -1
obdef
loc3d
        4.94554915949750              0.67592825057405             27.37830162048340     -1
kind
     27     
    900          153950     
        6.25000000000000  
 OBS            200
     296.56639281741951
     297.67364989010201
       1.00000000000000
 199 201 -1
obdef
loc3d
        4.93817225910204              0.68863985936718            220.11502075195310     -1
kind
     27     
    900          153950     
        6.25000000000000  
 OBS            201
     297.75090060222288
     299.72272891959102
       1.00000000000000
 200 202 -1
obdef
loc3d
        4.94679227765370              0.67424304503817             25.38815879821777     -1
kind
     27     
    900          153950     
        6.25000000000000  
 OBS            202
     300.61683544942696
     298.79288721113102
       1.00000000000000
 201 203 -1
obdef
loc3d
        4.93825175772606              0.67415674930066             45.00000000000000     -1
kind
     27     
    900          153950     
        6.25000000000000  
 OBS            203
     299.42993254907515
     298.28189656849202
       1.00000000000000
 202 204 -1
obdef
loc3d
        4.94311892630401              0.68721450203000            155.69055175781250     -1
kind
     27     
    900          153950     
        6.25000000000000  
 OBS            204
     298.40963706992346
     298.29146172430097
       1.00000000000000
 203 205 -1
obdef
loc3d
        4.94449382724881              0.67792071808206             14.15527343750000     -1
kind
     27     
    900          153950     
        6.25000000000000  
 OBS            205
     302.01027318746640
     301.14080637777101
       1.00000000000000
 204 206 -1
obdef
loc3d
        4.94565692959859              0.66987151098961             30.00000000000000     -1
kind
     27     
    900          153950     
        6.25000000000000  
 OBS            206
     297.19312946607209
     297.74504482141901
       1.00000000000000
 205 207 -1
obdef
loc3d
        4.93623940611723              0.68485115788194            160.48159790039060     -1
kind
     27     
    900          153950     
        6.25000000000000  
 OBS            207
     300.40824969983260
     299.53552097910199
       1.00000000000000
 206 208 -1
obdef
loc3d
        4.93207688179052              0.69191340558627            266.88421630859381     -1
kind
     27     
    900          153950     
        6.25000000000000  
 OBS            208
     295.72580729697921
     297.71559146657398
       1.00000000000000
 207 209 -1
obdef
loc3d
        4.94337184525690              0.69048472086632            168.92642211914060     -1
kind
     27     
    900          153950     
        6.25000000000000  
 OBS            209
     297.09829393569919
     297.48968811783902
       1.00000000000000
 208 210 -1
obdef
loc3d
        4.93083275656657              0.69156409584246            530.37139892578125     -1
kind
     27     
    900          153950     
        6.25000000000000  
 OBS            210
     301.42895141940465
     299.78998611607898
       1.00000000000000
 209 211 -1
obdef
loc3d
        4.93576715774405              0.67026358084744             15.00000000000000     -1
kind
     27     
    900          153950     
        6.25000000000000  
 OBS            211
     298.95267744218910
     298.12630156814799
       1.00000000000000
 210 212 -1
obdef
loc3d
        4.94676264345478              0.69035499858378            170.37097167968750     -1
kind
     27     
    900          153950     
        6.25000000000000  
 OBS            212
     297.59879008391010
     298.24773728607499
       1.00000000000000
 211 213 -1
obdef
loc3d
        4.94046883892718              0.69230960363225            232.29916381835940     -1
kind
     27     
    900          153950     
        6.25000000000000  
 OBS            213
     301.66428805279008
     301.95538898765102
       1.00000000000000
 212 214 -1
obdef
loc3d
        4.94668005348904              0.66792517272334             30.00000000000000     -1
kind
     27     
    900          153950     
        6.25000000000000  
 OBS            214
     297.83506112206038
     298.21293435881103
       1.00000000000000
 213 215 -1
obdef
loc3d
        4.93142664351951              0.69067116425814            352.18109130859381     -1
kind
     27     
    900          153950     
        6.25000000000000  
 OBS            215
     300.42120139449469
     299.46100936573998
       1.00000000000000
 214 216 -1
obdef
loc3d
        4.93315860158957              0.69236546390432            148.09797668457031     -1
kind
     27     
    900          153950     
        6.25000000000000  
 OBS            216
     298.13000791804126
     297.58852602878397
       1.00000000000000
 215 217 -1
obdef
loc3d
        4.94330474517536              0.68101851702487             28.94674682617188     -1
kind
     27     
    900          153950     
        6.25000000000000  
 OBS            217
     296.87969102572060
     297.46396075256598
       1.00000000000000
 216 218 -1
obdef
loc3d
        4.93900329796962              0.68465687192145            135.10733032226560     -1
kind
     27     
    900          153950     
        6.25000000000000  
 OBS            218
     299.80296023150743
     297.53193899148499
       1.00000000000000
 217 219 -1
obdef
loc3d
        4.94044166392076              0.68262352587105            131.77731323242190     -1
kind
     27     
    900          153950     
        6.25000000000000  
 OBS            219
     298.94181331783835
     300.32264413617401
       1.00000000000000
 218 220 -1
obdef
loc3d
        4.92619210793233              0.68978851614430            140.91706848144531     -1
kind
     27     
    900          153950     
        6.25000000000000  
 OBS            220
     301.82884621884438
     300.38763421230300
       1.00000000000000
 219 221 -1
obdef
loc3d
        4.94963312081941              0.66996996266355             29.99300956726074     -1
kind
     27     
    900          153950     
        6.25000000000000  
 OBS            221
     301.21230634466292
     299.99883377686501
       1.00000000000000
 220 222 -1
obdef
loc3d
        4.92700392971737              0.68887132383449            128.38885498046881     -1
kind
     27     
    900          153950     
        6.25000000000000  
 OBS            222
     299.88851462597881
     299.57802551754901
       1.00000000000000
 221 223 -1
obdef
loc3d
        4.94246333188258              0.67229541033138             45.31371688842773     -1
kind
     27     
    900          153950     
        6.25000000000000  
 OBS            223
     296.88245202719719
     297.60063098847900
       1.00000000000000
 222 224 -1
obdef
loc3d
        4.94297820410103              0.68302629331082             53.72113800048828     -1
kind
     27     
    900          153950     
        6.25000000000000  
 OBS            224
     298.69334931564265
     298.08299291622001
       1.00000000000000
 223 225 -1
obdef
loc3d
        4.94625467437127              0.67931016686449             42.11843872070312     -1
kind
     27     
    900          153950     
        6.25000000000000  
 OBS            225
     298.23161259315992
     299.05869762161802
       1.00000000000000
 224 -1 -1
obdef
loc3d
        4.93718236751881              0.69150375136553            153.15858459472659     -1
kind
     27     
    900          153950     
        6.25000000000000  
