 obs_sequence
obs_kind_definitions
       3
    25          LAND_SFC_U_WIND_COMPONENT   
    26          LAND_SFC_V_WIND_COMPONENT   
    27          LAND_SFC_TEMPERATURE   
  num_copies:            2  num_qc:            1
 num_obs:       225  max_num_obs:       225
observations
truth
QC radar
  first:            1  last:       225
 OBS            1
       2.92630947062396
       3.24955617252793
       1.00000000000000
 -1 2 -1
obdef
loc3d
        4.90540352515539              0.69194112440599            606.33142089843750     -1
kind
     25     
    62100          153599     
       12.25000000000000  
 OBS            2
       1.38298036485255
      -2.12369446492279
       1.00000000000000
 1 3 -1
obdef
loc3d
        4.94546412681761              0.68348353984884             17.75631332397461     -1
kind
     25     
    62100          153599     
       12.25000000000000  
 OBS            3
      -0.86618770279964
       1.25427213467849
       1.00000000000000
 2 4 -1
obdef
loc3d
        4.94660974174000              0.67744857875853             29.35406684875488     -1
kind
     25     
    62100          153599     
       12.25000000000000  
 OBS            4
      -1.01808555997392
      -1.13616381231631
       1.00000000000000
 3 5 -1
obdef
loc3d
        4.94648126630843              0.68652865419204             54.82812500000000     -1
kind
     25     
    62100          153599     
       12.25000000000000  
 OBS            5
       0.19751146511040
      -2.20414354204442
       1.00000000000000
 4 6 -1
obdef
loc3d
        4.94445426011379              0.68507566758975             62.61011505126953     -1
kind
     25     
    62100          153599     
       12.25000000000000  
 OBS            6
       1.85807284125851
       0.71375989908231
       1.00000000000000
 5 7 -1
obdef
loc3d
        4.94602055174578              0.68752162087271            134.15721130371091     -1
kind
     25     
    62100          153599     
       12.25000000000000  
 OBS            7
       1.95274658198345
       2.86425532030292
       1.00000000000000
 6 8 -1
obdef
loc3d
        4.94603912728501              0.67254511985829             35.00297546386719     -1
kind
     25     
    62100          153599     
       12.25000000000000  
 OBS            8
       2.14496439450065
       3.39167407331172
       1.00000000000000
 7 9 -1
obdef
loc3d
        4.95877904994953              0.67986585977255             17.04111671447754     -1
kind
     25     
    62100          153599     
       12.25000000000000  
 OBS            9
       1.28539976392434
       3.57006286695665
       1.00000000000000
 8 10 -1
obdef
loc3d
        4.93958042817759              0.69095160998657            226.13127136230469     -1
kind
     25     
    62100          153599     
       12.25000000000000  
 OBS            10
      -1.73048013492632
       2.66677745876549
       1.00000000000000
 9 11 -1
obdef
loc3d
        4.95756313665553              0.69181797222864             89.84997558593750     -1
kind
     25     
    62100          153599     
       12.25000000000000  
 OBS            11
       4.71867748078328
       1.75670224740899
       1.00000000000000
 10 12 -1
obdef
loc3d
        4.94078657111844              0.67409210989409             60.81152343750000     -1
kind
     25     
    62100          153599     
       12.25000000000000  
 OBS            12
       1.35252252161459
       2.25060157286342
       1.00000000000000
 11 13 -1
obdef
loc3d
        4.95557846691255              0.67267262139613              1.00000000000000     -1
kind
     25     
    62100          153599     
       12.25000000000000  
 OBS            13
      -1.64402296039100
       1.53524255291992
       1.00000000000000
 12 14 -1
obdef
loc3d
        4.93193348448080              0.68856418981073            106.00000000000000     -1
kind
     25     
    62100          153599     
       12.25000000000000  
 OBS            14
       0.14264987045075
       3.08422133754566
       1.00000000000000
 13 15 -1
obdef
loc3d
        4.89970838141578              0.68765245249877            785.09423828125000     -1
kind
     25     
    62100          153599     
       12.25000000000000  
 OBS            15
      -1.83814849803002
      -0.47569566990824
       1.00000000000000
 14 16 -1
obdef
loc3d
        4.95026814558372              0.68993059237416             93.11567687988281     -1
kind
     25     
    62100          153599     
       12.25000000000000  
 OBS            16
       2.77526087245872
       1.62034064657857
       1.00000000000000
 15 17 -1
obdef
loc3d
        4.94174512165160              0.68484635226999            116.56585693359381     -1
kind
     25     
    62100          153599     
       12.25000000000000  
 OBS            17
       2.56572093978100
       1.58353950967028
       1.00000000000000
 16 18 -1
obdef
loc3d
        4.95420735021482              0.68473663912788             15.00000000000000     -1
kind
     25     
    62100          153599     
       12.25000000000000  
 OBS            18
      -4.83148994080366
       2.21086888713023
       1.00000000000000
 17 19 -1
obdef
loc3d
        4.93477042118681              0.68310638816012            118.89588928222661     -1
kind
     25     
    62100          153599     
       12.25000000000000  
 OBS            19
      -0.86534287432897
       0.73494132419732
       1.00000000000000
 18 20 -1
obdef
loc3d
        4.93795631029682              0.68276407673392            144.94107055664060     -1
kind
     25     
    62100          153599     
       12.25000000000000  
 OBS            20
      -1.82371733885715
       3.03558273737062
       1.00000000000000
 19 21 -1
obdef
loc3d
        4.94001671685736              0.68064929967652             43.67281723022461     -1
kind
     25     
    62100          153599     
       12.25000000000000  
 OBS            21
       8.68941934687645
       3.44355535751043
       1.00000000000000
 20 22 -1
obdef
loc3d
        4.94058460161740              0.67807181314514             70.17810058593750     -1
kind
     25     
    62100          153599     
       12.25000000000000  
 OBS            22
       1.03686935872415
       3.50644139536886
       1.00000000000000
 21 23 -1
obdef
loc3d
        4.95423295419494              0.68033176843505              3.71636104583740     -1
kind
     25     
    62100          153599     
       12.25000000000000  
 OBS            23
       3.50701540633403
       1.56143007052484
       1.00000000000000
 22 24 -1
obdef
loc3d
        4.94926894458696              0.66642585587446             10.91526031494141     -1
kind
     25     
    62100          153599     
       12.25000000000000  
 OBS            24
       2.90684045353848
       3.63538616363309
       1.00000000000000
 23 25 -1
obdef
loc3d
        4.96223480186848              0.66700036066835              5.00000000000000     -1
kind
     25     
    62100          153599     
       12.25000000000000  
 OBS            25
       3.90583141129187
       3.54542193133377
       1.00000000000000
 24 26 -1
obdef
loc3d
        4.95546148971009              0.67729393735082              6.17724800109863     -1
kind
     25     
    62100          153599     
       12.25000000000000  
 OBS            26
       2.14271909348285
       1.90710025429144
       1.00000000000000
 25 27 -1
obdef
loc3d
        4.92652723985629              0.69051382381431            146.04148864746091     -1
kind
     25     
    62100          153599     
       12.25000000000000  
 OBS            27
       5.86872243825036
       2.97092745173240
       1.00000000000000
 26 28 -1
obdef
loc3d
        4.96366005344362              0.66920346185787              6.00000000000000     -1
kind
     25     
    62100          153599     
       12.25000000000000  
 OBS            28
       0.08984302363870
       0.15230351845590
       1.00000000000000
 27 29 -1
obdef
loc3d
        4.97052949833720              0.66907739847133              8.84140872955322     -1
kind
     25     
    62100          153599     
       12.25000000000000  
 OBS            29
       2.66168503557700
       2.45461263014044
       1.00000000000000
 28 30 -1
obdef
loc3d
        4.93727739535368              0.69277976810143            187.24655151367190     -1
kind
     25     
    62100          153599     
       12.25000000000000  
 OBS            30
      -2.27550008875058
      -3.90261891469437
       1.00000000000000
 29 31 -1
obdef
loc3d
        4.94575592838423              0.68143846111579             35.01654815673828     -1
kind
     25     
    62100          153599     
       12.25000000000000  
 OBS            31
       1.86026542034519
       0.45976351838692
       1.00000000000000
 30 32 -1
obdef
loc3d
        4.93184075890513              0.68784163962489             92.58054351806641     -1
kind
     25     
    62100          153599     
       12.25000000000000  
 OBS            32
       2.13755260188909
       2.56900847980046
       1.00000000000000
 31 33 -1
obdef
loc3d
        4.94081711590956              0.68854862967758            162.55853271484381     -1
kind
     25     
    62100          153599     
       12.25000000000000  
 OBS            33
       4.39358426934285
       2.07131036987235
       1.00000000000000
 32 34 -1
obdef
loc3d
        4.94249854456299              0.67650785339572             60.39866638183594     -1
kind
     25     
    62100          153599     
       12.25000000000000  
 OBS            34
       2.23443958056102
       1.67661876140483
       1.00000000000000
 33 35 -1
obdef
loc3d
        4.93162931041089              0.68282844530430             93.04485321044922     -1
kind
     25     
    62100          153599     
       12.25000000000000  
 OBS            35
       3.10879490936010
       2.77286489021307
       1.00000000000000
 34 36 -1
obdef
loc3d
        4.93293180012842              0.69147876068069            106.50605773925780     -1
kind
     25     
    62100          153599     
       12.25000000000000  
 OBS            36
       0.61417228213116
       3.33623808520611
       1.00000000000000
 35 37 -1
obdef
loc3d
        4.94231542915734              0.67925336633936             45.80761718750000     -1
kind
     25     
    62100          153599     
       12.25000000000000  
 OBS            37
       1.56057785041431
       1.64794199352699
       1.00000000000000
 36 38 -1
obdef
loc3d
        4.94267046375275              0.67009027494016             28.73577499389648     -1
kind
     25     
    62100          153599     
       12.25000000000000  
 OBS            38
      -1.66808976507762
      -0.23550441409458
       1.00000000000000
 37 39 -1
obdef
loc3d
        4.95301390972552              0.69283749825579             93.74549102783203     -1
kind
     25     
    62100          153599     
       12.25000000000000  
 OBS            39
       6.32336938741893
       2.16024768361928
       1.00000000000000
 38 40 -1
obdef
loc3d
        4.93993476658470              0.67588412939320             29.35707092285156     -1
kind
     25     
    62100          153599     
       12.25000000000000  
 OBS            40
       2.55735706758128
       0.33747199043581
       1.00000000000000
 39 41 -1
obdef
loc3d
        4.93755681423869              0.67212761520231             23.80049896240234     -1
kind
     25     
    62100          153599     
       12.25000000000000  
 OBS            41
      -3.58214342890112
       2.00612850927650
       1.00000000000000
 40 42 -1
obdef
loc3d
        4.93524778363115              0.68687961042640            201.53530883789060     -1
kind
     25     
    62100          153599     
       12.25000000000000  
 OBS            42
       0.22766301414682
       2.68692257515717
       1.00000000000000
 41 43 -1
obdef
loc3d
        4.94487715611266              0.69284945127485            184.54177856445310     -1
kind
     25     
    62100          153599     
       12.25000000000000  
 OBS            43
       3.02005474044019
       0.86505066994663
       1.00000000000000
 42 44 -1
obdef
loc3d
        4.93574679201688              0.68074234291388             92.12267303466797     -1
kind
     25     
    62100          153599     
       12.25000000000000  
 OBS            44
       5.42682767381727
       2.84185554444515
       1.00000000000000
 43 45 -1
obdef
loc3d
        4.93948311897746              0.68677523412020            143.54531860351560     -1
kind
     25     
    62100          153599     
       12.25000000000000  
 OBS            45
      -1.36821697480074
       2.55843830929883
       1.00000000000000
 44 46 -1
obdef
loc3d
        4.93535147134114              0.68874818734546            154.91955566406250     -1
kind
     25     
    62100          153599     
       12.25000000000000  
 OBS            46
       3.28804666587716
       1.34287862191853
       1.00000000000000
 45 47 -1
obdef
loc3d
        4.93998720508067              0.67099618858999             15.00000000000000     -1
kind
     25     
    62100          153599     
       12.25000000000000  
 OBS            47
       7.99209387389844
       1.15432073679001
       1.00000000000000
 46 48 -1
obdef
loc3d
        4.95377154670010              0.68841616298427              1.00000000000000     -1
kind
     25     
    62100          153599     
       12.25000000000000  
 OBS            48
       0.88124712784187
       2.18110685840200
       1.00000000000000
 47 49 -1
obdef
loc3d
        4.94369600674710              0.67424831199146             56.55799865722656     -1
kind
     25     
    62100          153599     
       12.25000000000000  
 OBS            49
       6.32922532948091
       1.44418974991161
       1.00000000000000
 48 50 -1
obdef
loc3d
        4.94554915949750              0.67592825057405             27.37830162048340     -1
kind
     25     
    62100          153599     
       12.25000000000000  
 OBS            50
       3.50021958369744
       3.31010196869887
       1.00000000000000
 49 51 -1
obdef
loc3d
        4.93817225910204              0.68863985936718            220.11502075195310     -1
kind
     25     
    62100          153599     
       12.25000000000000  
 OBS            51
       5.75630259664551
       2.99096522966505
       1.00000000000000
 50 52 -1
obdef
loc3d
        4.94679227765370              0.67424304503817             25.38815879821777     -1
kind
     25     
    62100          153599     
       12.25000000000000  
 OBS            52
       0.71341827176502
       1.53781645063314
       1.00000000000000
 51 53 -1
obdef
loc3d
        4.93825175772606              0.67415674930066             45.00000000000000     -1
kind
     25     
    62100          153599     
       12.25000000000000  
 OBS            53
      -0.64688595373441
       2.03270548430464
       1.00000000000000
 52 54 -1
obdef
loc3d
        4.94311892630401              0.68721450203000            155.69055175781250     -1
kind
     25     
    62100          153599     
       12.25000000000000  
 OBS            54
       0.25463828098207
       1.82631460097512
       1.00000000000000
 53 55 -1
obdef
loc3d
        4.94449382724881              0.67792071808206             14.15527343750000     -1
kind
     25     
    62100          153599     
       12.25000000000000  
 OBS            55
       6.47216214398619
       1.82589109985686
       1.00000000000000
 54 56 -1
obdef
loc3d
        4.94565692959859              0.66987151098961             30.00000000000000     -1
kind
     25     
    62100          153599     
       12.25000000000000  
 OBS            56
       7.04855784976570
       2.86081081164056
       1.00000000000000
 55 57 -1
obdef
loc3d
        4.93623940611723              0.68485115788194            160.48159790039060     -1
kind
     25     
    62100          153599     
       12.25000000000000  
 OBS            57
       4.88252536067995
       2.53927172409735
       1.00000000000000
 56 58 -1
obdef
loc3d
        4.93207688179052              0.69191340558627            266.88421630859381     -1
kind
     25     
    62100          153599     
       12.25000000000000  
 OBS            58
      -5.78520588320740
       3.18937407884314
       1.00000000000000
 57 59 -1
obdef
loc3d
        4.94337184525690              0.69048472086632            168.92642211914060     -1
kind
     25     
    62100          153599     
       12.25000000000000  
 OBS            59
       7.30282291527611
       2.47702738063533
       1.00000000000000
 58 60 -1
obdef
loc3d
        4.93083275656657              0.69156409584246            530.37139892578125     -1
kind
     25     
    62100          153599     
       12.25000000000000  
 OBS            60
       6.12060024800592
       2.49447922408846
       1.00000000000000
 59 61 -1
obdef
loc3d
        4.93576715774405              0.67026358084744             15.00000000000000     -1
kind
     25     
    62100          153599     
       12.25000000000000  
 OBS            61
      -6.46501427590603
      -1.21677015615321
       1.00000000000000
 60 62 -1
obdef
loc3d
        4.94676264345478              0.69035499858378            170.37097167968750     -1
kind
     25     
    62100          153599     
       12.25000000000000  
 OBS            62
       4.20280879480895
       3.84067396408313
       1.00000000000000
 61 63 -1
obdef
loc3d
        4.94046883892718              0.69230960363225            232.29916381835940     -1
kind
     25     
    62100          153599     
       12.25000000000000  
 OBS            63
       1.27697037142492
       1.59444246647265
       1.00000000000000
 62 64 -1
obdef
loc3d
        4.94668005348904              0.66792517272334             30.00000000000000     -1
kind
     25     
    62100          153599     
       12.25000000000000  
 OBS            64
       3.15678853080880
       1.62647562316955
       1.00000000000000
 63 65 -1
obdef
loc3d
        4.93142664351951              0.69067116425814            352.18109130859381     -1
kind
     25     
    62100          153599     
       12.25000000000000  
 OBS            65
       0.62962422295921
       2.81156108861796
       1.00000000000000
 64 66 -1
obdef
loc3d
        4.93315860158957              0.69236546390432            148.09797668457031     -1
kind
     25     
    62100          153599     
       12.25000000000000  
 OBS            66
      -6.86264855076858
      -4.10322094910666
       1.00000000000000
 65 67 -1
obdef
loc3d
        4.94330474517536              0.68101851702487             28.94674682617188     -1
kind
     25     
    62100          153599     
       12.25000000000000  
 OBS            67
       1.28886160264214
       2.08032961526497
       1.00000000000000
 66 68 -1
obdef
loc3d
        4.93900329796962              0.68465687192145            135.10733032226560     -1
kind
     25     
    62100          153599     
       12.25000000000000  
 OBS            68
       6.35775767974528
       2.98782615613845
       1.00000000000000
 67 69 -1
obdef
loc3d
        4.94044166392076              0.68262352587105            131.77731323242190     -1
kind
     25     
    62100          153599     
       12.25000000000000  
 OBS            69
       3.50094504662810
       2.13009424161857
       1.00000000000000
 68 70 -1
obdef
loc3d
        4.92619210793233              0.68978851614430            140.91706848144531     -1
kind
     25     
    62100          153599     
       12.25000000000000  
 OBS            70
      -5.06165884502527
       1.33145358014679
       1.00000000000000
 69 71 -1
obdef
loc3d
        4.94963312081941              0.66996996266355             29.99300956726074     -1
kind
     25     
    62100          153599     
       12.25000000000000  
 OBS            71
       0.52208741512997
       0.35489986116945
       1.00000000000000
 70 72 -1
obdef
loc3d
        4.92700392971737              0.68887132383449            128.38885498046881     -1
kind
     25     
    62100          153599     
       12.25000000000000  
 OBS            72
       3.19807963935191
       2.13100786425641
       1.00000000000000
 71 73 -1
obdef
loc3d
        4.94246333188258              0.67229541033138             45.31371688842773     -1
kind
     25     
    62100          153599     
       12.25000000000000  
 OBS            73
      -2.86366025268710
      -3.36410319967593
       1.00000000000000
 72 74 -1
obdef
loc3d
        4.94297820410103              0.68302629331082             53.72113800048828     -1
kind
     25     
    62100          153599     
       12.25000000000000  
 OBS            74
      -4.26966337614921
      -2.90379654357873
       1.00000000000000
 73 75 -1
obdef
loc3d
        4.94625467437127              0.67931016686449             42.11843872070312     -1
kind
     25     
    62100          153599     
       12.25000000000000  
 OBS            75
       6.49843492079116
       2.45216275307060
       1.00000000000000
 74 76 -1
obdef
loc3d
        4.93718236751881              0.69150375136553            153.15858459472659     -1
kind
     25     
    62100          153599     
       12.25000000000000  
 OBS            76
       3.08359077180874
       3.70979940336555
       1.00000000000000
 75 77 -1
obdef
loc3d
        4.90540352515539              0.69194112440599            606.33142089843750     -1
kind
     26     
    62100          153599     
       12.25000000000000  
 OBS            77
       5.20940506602052
       4.66801241589273
       1.00000000000000
 76 78 -1
obdef
loc3d
        4.94546412681761              0.68348353984884             17.75631332397461     -1
kind
     26     
    62100          153599     
       12.25000000000000  
 OBS            78
       3.91382334809951
       5.41390930589372
       1.00000000000000
 77 79 -1
obdef
loc3d
        4.94660974174000              0.67744857875853             29.35406684875488     -1
kind
     26     
    62100          153599     
       12.25000000000000  
 OBS            79
       4.69621657689401
       5.39724767284339
       1.00000000000000
 78 80 -1
obdef
loc3d
        4.94648126630843              0.68652865419204             54.82812500000000     -1
kind
     26     
    62100          153599     
       12.25000000000000  
 OBS            80
      11.37984740666173
       6.77603328864673
       1.00000000000000
 79 81 -1
obdef
loc3d
        4.94445426011379              0.68507566758975             62.61011505126953     -1
kind
     26     
    62100          153599     
       12.25000000000000  
 OBS            81
       5.71859420772192
       4.57225218645031
       1.00000000000000
 80 82 -1
obdef
loc3d
        4.94602055174578              0.68752162087271            134.15721130371091     -1
kind
     26     
    62100          153599     
       12.25000000000000  
 OBS            82
       5.21726991813446
       4.58720303560934
       1.00000000000000
 81 83 -1
obdef
loc3d
        4.94603912728501              0.67254511985829             35.00297546386719     -1
kind
     26     
    62100          153599     
       12.25000000000000  
 OBS            83
       2.18497053299342
       5.01538069873987
       1.00000000000000
 82 84 -1
obdef
loc3d
        4.95877904994953              0.67986585977255             17.04111671447754     -1
kind
     26     
    62100          153599     
       12.25000000000000  
 OBS            84
       2.00894009480233
       2.83483879359695
       1.00000000000000
 83 85 -1
obdef
loc3d
        4.93958042817759              0.69095160998657            226.13127136230469     -1
kind
     26     
    62100          153599     
       12.25000000000000  
 OBS            85
       5.25903873883736
       4.70683776683225
       1.00000000000000
 84 86 -1
obdef
loc3d
        4.95756313665553              0.69181797222864             89.84997558593750     -1
kind
     26     
    62100          153599     
       12.25000000000000  
 OBS            86
       4.27872516084852
       4.73453203605121
       1.00000000000000
 85 87 -1
obdef
loc3d
        4.94078657111844              0.67409210989409             60.81152343750000     -1
kind
     26     
    62100          153599     
       12.25000000000000  
 OBS            87
      10.59796531494942
       5.37575881107351
       1.00000000000000
 86 88 -1
obdef
loc3d
        4.95557846691255              0.67267262139613              1.00000000000000     -1
kind
     26     
    62100          153599     
       12.25000000000000  
 OBS            88
       5.79990193357115
       2.77457992005980
       1.00000000000000
 87 89 -1
obdef
loc3d
        4.93193348448080              0.68856418981073            106.00000000000000     -1
kind
     26     
    62100          153599     
       12.25000000000000  
 OBS            89
       0.87418201504769
       3.68045124167811
       1.00000000000000
 88 90 -1
obdef
loc3d
        4.89970838141578              0.68765245249877            785.09423828125000     -1
kind
     26     
    62100          153599     
       12.25000000000000  
 OBS            90
       3.55852983531817
       5.01205928744005
       1.00000000000000
 89 91 -1
obdef
loc3d
        4.95026814558372              0.68993059237416             93.11567687988281     -1
kind
     26     
    62100          153599     
       12.25000000000000  
 OBS            91
       3.85849220809585
       4.66382164926137
       1.00000000000000
 90 92 -1
obdef
loc3d
        4.94174512165160              0.68484635226999            116.56585693359381     -1
kind
     26     
    62100          153599     
       12.25000000000000  
 OBS            92
       1.71774774143622
       5.65440614409665
       1.00000000000000
 91 93 -1
obdef
loc3d
        4.95420735021482              0.68473663912788             15.00000000000000     -1
kind
     26     
    62100          153599     
       12.25000000000000  
 OBS            93
       4.09919702961537
       3.20659011872107
       1.00000000000000
 92 94 -1
obdef
loc3d
        4.93477042118681              0.68310638816012            118.89588928222661     -1
kind
     26     
    62100          153599     
       12.25000000000000  
 OBS            94
      11.82863113814500
       4.70585487437594
       1.00000000000000
 93 95 -1
obdef
loc3d
        4.93795631029682              0.68276407673392            144.94107055664060     -1
kind
     26     
    62100          153599     
       12.25000000000000  
 OBS            95
       4.62340935126239
       2.85924442217801
       1.00000000000000
 94 96 -1
obdef
loc3d
        4.94001671685736              0.68064929967652             43.67281723022461     -1
kind
     26     
    62100          153599     
       12.25000000000000  
 OBS            96
       6.65952251997999
       3.20820706623655
       1.00000000000000
 95 97 -1
obdef
loc3d
        4.94058460161740              0.67807181314514             70.17810058593750     -1
kind
     26     
    62100          153599     
       12.25000000000000  
 OBS            97
       6.01402630955320
       4.80770621517929
       1.00000000000000
 96 98 -1
obdef
loc3d
        4.95423295419494              0.68033176843505              3.71636104583740     -1
kind
     26     
    62100          153599     
       12.25000000000000  
 OBS            98
       4.46498298970300
       4.18208057440428
       1.00000000000000
 97 99 -1
obdef
loc3d
        4.94926894458696              0.66642585587446             10.91526031494141     -1
kind
     26     
    62100          153599     
       12.25000000000000  
 OBS            99
       5.24175359854853
       4.40960839303123
       1.00000000000000
 98 100 -1
obdef
loc3d
        4.96223480186848              0.66700036066835              5.00000000000000     -1
kind
     26     
    62100          153599     
       12.25000000000000  
 OBS            100
       6.51555659647574
       4.64804121791340
       1.00000000000000
 99 101 -1
obdef
loc3d
        4.95546148971009              0.67729393735082              6.17724800109863     -1
kind
     26     
    62100          153599     
       12.25000000000000  
 OBS            101
      -1.52759674394556
       2.87292926193723
       1.00000000000000
 100 102 -1
obdef
loc3d
        4.92652723985629              0.69051382381431            146.04148864746091     -1
kind
     26     
    62100          153599     
       12.25000000000000  
 OBS            102
       6.38830211803857
       3.65434076926489
       1.00000000000000
 101 103 -1
obdef
loc3d
        4.96366005344362              0.66920346185787              6.00000000000000     -1
kind
     26     
    62100          153599     
       12.25000000000000  
 OBS            103
       9.48038482481921
       6.35172025060398
       1.00000000000000
 102 104 -1
obdef
loc3d
        4.97052949833720              0.66907739847133              8.84140872955322     -1
kind
     26     
    62100          153599     
       12.25000000000000  
 OBS            104
      -0.25581859636077
       3.64601836844876
       1.00000000000000
 103 105 -1
obdef
loc3d
        4.93727739535368              0.69277976810143            187.24655151367190     -1
kind
     26     
    62100          153599     
       12.25000000000000  
 OBS            105
       0.99451113070018
       1.38945731573649
       1.00000000000000
 104 106 -1
obdef
loc3d
        4.94575592838423              0.68143846111579             35.01654815673828     -1
kind
     26     
    62100          153599     
       12.25000000000000  
 OBS            106
       7.31706684362183
       3.45691945097535
       1.00000000000000
 105 107 -1
obdef
loc3d
        4.93184075890513              0.68784163962489             92.58054351806641     -1
kind
     26     
    62100          153599     
       12.25000000000000  
 OBS            107
      -2.74971746686280
       2.96736304211607
       1.00000000000000
 106 108 -1
obdef
loc3d
        4.94081711590956              0.68854862967758            162.55853271484381     -1
kind
     26     
    62100          153599     
       12.25000000000000  
 OBS            108
       0.67467518489347
       4.97996809677900
       1.00000000000000
 107 109 -1
obdef
loc3d
        4.94249854456299              0.67650785339572             60.39866638183594     -1
kind
     26     
    62100          153599     
       12.25000000000000  
 OBS            109
       6.79364202962205
       4.15316329268057
       1.00000000000000
 108 110 -1
obdef
loc3d
        4.93162931041089              0.68282844530430             93.04485321044922     -1
kind
     26     
    62100          153599     
       12.25000000000000  
 OBS            110
       4.75643684594988
       3.54869072388027
       1.00000000000000
 109 111 -1
obdef
loc3d
        4.93293180012842              0.69147876068069            106.50605773925780     -1
kind
     26     
    62100          153599     
       12.25000000000000  
 OBS            111
       1.49780761123281
       2.74841050338276
       1.00000000000000
 110 112 -1
obdef
loc3d
        4.94231542915734              0.67925336633936             45.80761718750000     -1
kind
     26     
    62100          153599     
       12.25000000000000  
 OBS            112
       4.37392329559614
       4.36014767865106
       1.00000000000000
 111 113 -1
obdef
loc3d
        4.94267046375275              0.67009027494016             28.73577499389648     -1
kind
     26     
    62100          153599     
       12.25000000000000  
 OBS            113
       6.23082505127134
       4.64621499062682
       1.00000000000000
 112 114 -1
obdef
loc3d
        4.95301390972552              0.69283749825579             93.74549102783203     -1
kind
     26     
    62100          153599     
       12.25000000000000  
 OBS            114
       1.21502957832725
       4.39400984231524
       1.00000000000000
 113 115 -1
obdef
loc3d
        4.93993476658470              0.67588412939320             29.35707092285156     -1
kind
     26     
    62100          153599     
       12.25000000000000  
 OBS            115
       5.32458298929512
       4.71910217684830
       1.00000000000000
 114 116 -1
obdef
loc3d
        4.93755681423869              0.67212761520231             23.80049896240234     -1
kind
     26     
    62100          153599     
       12.25000000000000  
 OBS            116
      -0.45963137113689
       3.21949499015175
       1.00000000000000
 115 117 -1
obdef
loc3d
        4.93524778363115              0.68687961042640            201.53530883789060     -1
kind
     26     
    62100          153599     
       12.25000000000000  
 OBS            117
       8.84271833938793
       3.74531432837727
       1.00000000000000
 116 118 -1
obdef
loc3d
        4.94487715611266              0.69284945127485            184.54177856445310     -1
kind
     26     
    62100          153599     
       12.25000000000000  
 OBS            118
       1.06008526394313
       4.33603462502030
       1.00000000000000
 117 119 -1
obdef
loc3d
        4.93574679201688              0.68074234291388             92.12267303466797     -1
kind
     26     
    62100          153599     
       12.25000000000000  
 OBS            119
       1.03719639084471
       2.71778290837157
       1.00000000000000
 118 120 -1
obdef
loc3d
        4.93948311897746              0.68677523412020            143.54531860351560     -1
kind
     26     
    62100          153599     
       12.25000000000000  
 OBS            120
       1.98574992427303
       2.89824374632531
       1.00000000000000
 119 121 -1
obdef
loc3d
        4.93535147134114              0.68874818734546            154.91955566406250     -1
kind
     26     
    62100          153599     
       12.25000000000000  
 OBS            121
       7.04083967096781
       4.66050760873496
       1.00000000000000
 120 122 -1
obdef
loc3d
        4.93998720508067              0.67099618858999             15.00000000000000     -1
kind
     26     
    62100          153599     
       12.25000000000000  
 OBS            122
       4.00913010756428
       4.36806700820231
       1.00000000000000
 121 123 -1
obdef
loc3d
        4.95377154670010              0.68841616298427              1.00000000000000     -1
kind
     26     
    62100          153599     
       12.25000000000000  
 OBS            123
       3.62246502695184
       4.50860733938641
       1.00000000000000
 122 124 -1
obdef
loc3d
        4.94369600674710              0.67424831199146             56.55799865722656     -1
kind
     26     
    62100          153599     
       12.25000000000000  
 OBS            124
       4.04841623439552
       5.27985331486182
       1.00000000000000
 123 125 -1
obdef
loc3d
        4.94554915949750              0.67592825057405             27.37830162048340     -1
kind
     26     
    62100          153599     
       12.25000000000000  
 OBS            125
       2.95368268253512
       2.86855629356392
       1.00000000000000
 124 126 -1
obdef
loc3d
        4.93817225910204              0.68863985936718            220.11502075195310     -1
kind
     26     
    62100          153599     
       12.25000000000000  
 OBS            126
       0.93589096425072
       4.32076252900421
       1.00000000000000
 125 127 -1
obdef
loc3d
        4.94679227765370              0.67424304503817             25.38815879821777     -1
kind
     26     
    62100          153599     
       12.25000000000000  
 OBS            127
       0.97995193149963
       3.60338993895882
       1.00000000000000
 126 128 -1
obdef
loc3d
        4.93825175772606              0.67415674930066             45.00000000000000     -1
kind
     26     
    62100          153599     
       12.25000000000000  
 OBS            128
       3.43913461272850
       3.37606651995036
       1.00000000000000
 127 129 -1
obdef
loc3d
        4.94311892630401              0.68721450203000            155.69055175781250     -1
kind
     26     
    62100          153599     
       12.25000000000000  
 OBS            129
       1.64571626217312
       4.24988992456580
       1.00000000000000
 128 130 -1
obdef
loc3d
        4.94449382724881              0.67792071808206             14.15527343750000     -1
kind
     26     
    62100          153599     
       12.25000000000000  
 OBS            130
       2.53133966853997
       3.95004245539722
       1.00000000000000
 129 131 -1
obdef
loc3d
        4.94565692959859              0.66987151098961             30.00000000000000     -1
kind
     26     
    62100          153599     
       12.25000000000000  
 OBS            131
       3.50166589579128
       3.14556368662736
       1.00000000000000
 130 132 -1
obdef
loc3d
        4.93623940611723              0.68485115788194            160.48159790039060     -1
kind
     26     
    62100          153599     
       12.25000000000000  
 OBS            132
       1.50695274094707
       2.00303856498235
       1.00000000000000
 131 133 -1
obdef
loc3d
        4.93207688179052              0.69191340558627            266.88421630859381     -1
kind
     26     
    62100          153599     
       12.25000000000000  
 OBS            133
       3.02972922803929
       3.44511423056058
       1.00000000000000
 132 134 -1
obdef
loc3d
        4.94337184525690              0.69048472086632            168.92642211914060     -1
kind
     26     
    62100          153599     
       12.25000000000000  
 OBS            134
       1.56573331341565
       1.35942007304836
       1.00000000000000
 133 135 -1
obdef
loc3d
        4.93083275656657              0.69156409584246            530.37139892578125     -1
kind
     26     
    62100          153599     
       12.25000000000000  
 OBS            135
       3.11235479818222
       3.01874278865612
       1.00000000000000
 134 136 -1
obdef
loc3d
        4.93576715774405              0.67026358084744             15.00000000000000     -1
kind
     26     
    62100          153599     
       12.25000000000000  
 OBS            136
       3.39554231047626
       6.69789781478532
       1.00000000000000
 135 137 -1
obdef
loc3d
        4.94676264345478              0.69035499858378            170.37097167968750     -1
kind
     26     
    62100          153599     
       12.25000000000000  
 OBS            137
      -3.19183827052384
       3.18003901239941
       1.00000000000000
 136 138 -1
obdef
loc3d
        4.94046883892718              0.69230960363225            232.29916381835940     -1
kind
     26     
    62100          153599     
       12.25000000000000  
 OBS            138
       6.12332767289038
       3.92565762928590
       1.00000000000000
 137 139 -1
obdef
loc3d
        4.94668005348904              0.66792517272334             30.00000000000000     -1
kind
     26     
    62100          153599     
       12.25000000000000  
 OBS            139
       2.67855566805214
       3.05849878218414
       1.00000000000000
 138 140 -1
obdef
loc3d
        4.93142664351951              0.69067116425814            352.18109130859381     -1
kind
     26     
    62100          153599     
       12.25000000000000  
 OBS            140
       5.84448477919694
       3.40897463322621
       1.00000000000000
 139 141 -1
obdef
loc3d
        4.93315860158957              0.69236546390432            148.09797668457031     -1
kind
     26     
    62100          153599     
       12.25000000000000  
 OBS            141
      -0.85372330047395
       1.44154808560724
       1.00000000000000
 140 142 -1
obdef
loc3d
        4.94330474517536              0.68101851702487             28.94674682617188     -1
kind
     26     
    62100          153599     
       12.25000000000000  
 OBS            142
       0.10372742052423
       3.74334056161649
       1.00000000000000
 141 143 -1
obdef
loc3d
        4.93900329796962              0.68465687192145            135.10733032226560     -1
kind
     26     
    62100          153599     
       12.25000000000000  
 OBS            143
       6.56586732054001
       4.07278207283719
       1.00000000000000
 142 144 -1
obdef
loc3d
        4.94044166392076              0.68262352587105            131.77731323242190     -1
kind
     26     
    62100          153599     
       12.25000000000000  
 OBS            144
       2.08601054849550
       2.47533312261081
       1.00000000000000
 143 145 -1
obdef
loc3d
        4.92619210793233              0.68978851614430            140.91706848144531     -1
kind
     26     
    62100          153599     
       12.25000000000000  
 OBS            145
       5.49218940577981
       3.67448858634348
       1.00000000000000
 144 146 -1
obdef
loc3d
        4.94963312081941              0.66996996266355             29.99300956726074     -1
kind
     26     
    62100          153599     
       12.25000000000000  
 OBS            146
      -1.43662395950838
       2.24027261774929
       1.00000000000000
 145 147 -1
obdef
loc3d
        4.92700392971737              0.68887132383449            128.38885498046881     -1
kind
     26     
    62100          153599     
       12.25000000000000  
 OBS            147
      -2.24431141767852
       4.72749731750869
       1.00000000000000
 146 148 -1
obdef
loc3d
        4.94246333188258              0.67229541033138             45.31371688842773     -1
kind
     26     
    62100          153599     
       12.25000000000000  
 OBS            148
       0.54706266259122
       4.19667659418286
       1.00000000000000
 147 149 -1
obdef
loc3d
        4.94297820410103              0.68302629331082             53.72113800048828     -1
kind
     26     
    62100          153599     
       12.25000000000000  
 OBS            149
      -3.99963109716594
      -4.74990444976797
       1.00000000000000
 148 150 -1
obdef
loc3d
        4.94625467437127              0.67931016686449             42.11843872070312     -1
kind
     26     
    62100          153599     
       12.25000000000000  
 OBS            150
       1.67390755789710
       3.80070201254456
       1.00000000000000
 149 151 -1
obdef
loc3d
        4.93718236751881              0.69150375136553            153.15858459472659     -1
kind
     26     
    62100          153599     
       12.25000000000000  
 OBS            151
     305.08948497553524
     303.89998284737499
       1.00000000000000
 150 152 -1
obdef
loc3d
        4.90540352515539              0.69194112440599            606.33142089843750     -1
kind
     27     
    62100          153599     
        6.25000000000000  
 OBS            152
     306.15779445824739
     306.63990201681099
       1.00000000000000
 151 153 -1
obdef
loc3d
        4.94546412681761              0.68348353984884             17.75631332397461     -1
kind
     27     
    62100          153599     
        6.25000000000000  
 OBS            153
     308.79150094297950
     308.58972234651498
       1.00000000000000
 152 154 -1
obdef
loc3d
        4.94660974174000              0.67744857875853             29.35406684875488     -1
kind
     27     
    62100          153599     
        6.25000000000000  
 OBS            154
     307.32026890794646
     309.31982252865902
       1.00000000000000
 153 155 -1
obdef
loc3d
        4.94648126630843              0.68652865419204             54.82812500000000     -1
kind
     27     
    62100          153599     
        6.25000000000000  
 OBS            155
     305.65815909989777
     307.55043517162602
       1.00000000000000
 154 156 -1
obdef
loc3d
        4.94445426011379              0.68507566758975             62.61011505126953     -1
kind
     27     
    62100          153599     
        6.25000000000000  
 OBS            156
     307.90985797494540
     307.00206145816998
       1.00000000000000
 155 157 -1
obdef
loc3d
        4.94602055174578              0.68752162087271            134.15721130371091     -1
kind
     27     
    62100          153599     
        6.25000000000000  
 OBS            157
     308.22464877075538
     308.26330384789298
       1.00000000000000
 156 158 -1
obdef
loc3d
        4.94603912728501              0.67254511985829             35.00297546386719     -1
kind
     27     
    62100          153599     
        6.25000000000000  
 OBS            158
     307.68987639875377
     308.55254776097303
       1.00000000000000
 157 159 -1
obdef
loc3d
        4.95877904994953              0.67986585977255             17.04111671447754     -1
kind
     27     
    62100          153599     
        6.25000000000000  
 OBS            159
     308.30283945356206
     308.69624840100499
       1.00000000000000
 158 160 -1
obdef
loc3d
        4.93958042817759              0.69095160998657            226.13127136230469     -1
kind
     27     
    62100          153599     
        6.25000000000000  
 OBS            160
     305.46257755779880
     306.21415380060603
       1.00000000000000
 159 161 -1
obdef
loc3d
        4.95756313665553              0.69181797222864             89.84997558593750     -1
kind
     27     
    62100          153599     
        6.25000000000000  
 OBS            161
     308.66048169666954
     308.71880515971901
       1.00000000000000
 160 162 -1
obdef
loc3d
        4.94078657111844              0.67409210989409             60.81152343750000     -1
kind
     27     
    62100          153599     
        6.25000000000000  
 OBS            162
     306.73385679801152
     307.52975790181699
       1.00000000000000
 161 163 -1
obdef
loc3d
        4.95557846691255              0.67267262139613              1.00000000000000     -1
kind
     27     
    62100          153599     
        6.25000000000000  
 OBS            163
     309.68882526530484
     309.80477403665901
       1.00000000000000
 162 164 -1
obdef
loc3d
        4.93193348448080              0.68856418981073            106.00000000000000     -1
kind
     27     
    62100          153599     
        6.25000000000000  
 OBS            164
     302.75059700889324
     302.51422818866001
       1.00000000000000
 163 165 -1
obdef
loc3d
        4.89970838141578              0.68765245249877            785.09423828125000     -1
kind
     27     
    62100          153599     
        6.25000000000000  
 OBS            165
     305.33763300408589
     305.84741909905398
       1.00000000000000
 164 166 -1
obdef
loc3d
        4.95026814558372              0.68993059237416             93.11567687988281     -1
kind
     27     
    62100          153599     
        6.25000000000000  
 OBS            166
     311.57641163237173
     309.65983635125701
       1.00000000000000
 165 167 -1
obdef
loc3d
        4.94174512165160              0.68484635226999            116.56585693359381     -1
kind
     27     
    62100          153599     
        6.25000000000000  
 OBS            167
     306.44330407281700
     307.45260935960499
       1.00000000000000
 166 168 -1
obdef
loc3d
        4.95420735021482              0.68473663912788             15.00000000000000     -1
kind
     27     
    62100          153599     
        6.25000000000000  
 OBS            168
     308.55543989247803
     309.20083712289102
       1.00000000000000
 167 169 -1
obdef
loc3d
        4.93477042118681              0.68310638816012            118.89588928222661     -1
kind
     27     
    62100          153599     
        6.25000000000000  
 OBS            169
     308.68237839799809
     309.03897038265802
       1.00000000000000
 168 170 -1
obdef
loc3d
        4.93795631029682              0.68276407673392            144.94107055664060     -1
kind
     27     
    62100          153599     
        6.25000000000000  
 OBS            170
     310.95052125084595
     308.66025449607099
       1.00000000000000
 169 171 -1
obdef
loc3d
        4.94001671685736              0.68064929967652             43.67281723022461     -1
kind
     27     
    62100          153599     
        6.25000000000000  
 OBS            171
     308.38430745380742
     308.54658044952902
       1.00000000000000
 170 172 -1
obdef
loc3d
        4.94058460161740              0.67807181314514             70.17810058593750     -1
kind
     27     
    62100          153599     
        6.25000000000000  
 OBS            172
     308.81364154232938
     308.13533094095902
       1.00000000000000
 171 173 -1
obdef
loc3d
        4.95423295419494              0.68033176843505              3.71636104583740     -1
kind
     27     
    62100          153599     
        6.25000000000000  
 OBS            173
     307.74718636302009
     306.68536845353702
       1.00000000000000
 172 174 -1
obdef
loc3d
        4.94926894458696              0.66642585587446             10.91526031494141     -1
kind
     27     
    62100          153599     
        6.25000000000000  
 OBS            174
     308.84932239135605
     307.38946050541500
       1.00000000000000
 173 175 -1
obdef
loc3d
        4.96223480186848              0.66700036066835              5.00000000000000     -1
kind
     27     
    62100          153599     
        6.25000000000000  
 OBS            175
     309.74191467842070
     308.55416901686999
       1.00000000000000
 174 176 -1
obdef
loc3d
        4.95546148971009              0.67729393735082              6.17724800109863     -1
kind
     27     
    62100          153599     
        6.25000000000000  
 OBS            176
     309.33724549286177
     308.52553502934097
       1.00000000000000
 175 177 -1
obdef
loc3d
        4.92652723985629              0.69051382381431            146.04148864746091     -1
kind
     27     
    62100          153599     
        6.25000000000000  
 OBS            177
     308.27411786956083
     306.08988153654400
       1.00000000000000
 176 178 -1
obdef
loc3d
        4.96366005344362              0.66920346185787              6.00000000000000     -1
kind
     27     
    62100          153599     
        6.25000000000000  
 OBS            178
     306.83919510021616
     306.40944011666897
       1.00000000000000
 177 179 -1
obdef
loc3d
        4.97052949833720              0.66907739847133              8.84140872955322     -1
kind
     27     
    62100          153599     
        6.25000000000000  
 OBS            179
     306.76755009472112
     307.89251971390399
       1.00000000000000
 178 180 -1
obdef
loc3d
        4.93727739535368              0.69277976810143            187.24655151367190     -1
kind
     27     
    62100          153599     
        6.25000000000000  
 OBS            180
     301.50574903899320
     300.31626976499399
       1.00000000000000
 179 181 -1
obdef
loc3d
        4.94575592838423              0.68143846111579             35.01654815673828     -1
kind
     27     
    62100          153599     
        6.25000000000000  
 OBS            181
     307.81486560857132
     309.76873159453100
       1.00000000000000
 180 182 -1
obdef
loc3d
        4.93184075890513              0.68784163962489             92.58054351806641     -1
kind
     27     
    62100          153599     
        6.25000000000000  
 OBS            182
     309.36645320223630
     308.83763752676202
       1.00000000000000
 181 183 -1
obdef
loc3d
        4.94081711590956              0.68854862967758            162.55853271484381     -1
kind
     27     
    62100          153599     
        6.25000000000000  
 OBS            183
     308.55964691055817
     309.64178995591999
       1.00000000000000
 182 184 -1
obdef
loc3d
        4.94249854456299              0.67650785339572             60.39866638183594     -1
kind
     27     
    62100          153599     
        6.25000000000000  
 OBS            184
     311.40472402901889
     310.28410899734700
       1.00000000000000
 183 185 -1
obdef
loc3d
        4.93162931041089              0.68282844530430             93.04485321044922     -1
kind
     27     
    62100          153599     
        6.25000000000000  
 OBS            185
     308.24242031674066
     308.94430056659701
       1.00000000000000
 184 186 -1
obdef
loc3d
        4.93293180012842              0.69147876068069            106.50605773925780     -1
kind
     27     
    62100          153599     
        6.25000000000000  
 OBS            186
     307.83804234523456
     309.20496476767698
       1.00000000000000
 185 187 -1
obdef
loc3d
        4.94231542915734              0.67925336633936             45.80761718750000     -1
kind
     27     
    62100          153599     
        6.25000000000000  
 OBS            187
     307.37589656885808
     306.97431212402699
       1.00000000000000
 186 188 -1
obdef
loc3d
        4.94267046375275              0.67009027494016             28.73577499389648     -1
kind
     27     
    62100          153599     
        6.25000000000000  
 OBS            188
     305.45065232068220
     305.67535103985000
       1.00000000000000
 187 189 -1
obdef
loc3d
        4.95301390972552              0.69283749825579             93.74549102783203     -1
kind
     27     
    62100          153599     
        6.25000000000000  
 OBS            189
     309.02675690236725
     309.74113796650698
       1.00000000000000
 188 190 -1
obdef
loc3d
        4.93993476658470              0.67588412939320             29.35707092285156     -1
kind
     27     
    62100          153599     
        6.25000000000000  
 OBS            190
     308.72259945489031
     308.82409583628800
       1.00000000000000
 189 191 -1
obdef
loc3d
        4.93755681423869              0.67212761520231             23.80049896240234     -1
kind
     27     
    62100          153599     
        6.25000000000000  
 OBS            191
     311.35149126343748
     308.61852825474398
       1.00000000000000
 190 192 -1
obdef
loc3d
        4.93524778363115              0.68687961042640            201.53530883789060     -1
kind
     27     
    62100          153599     
        6.25000000000000  
 OBS            192
     309.79757783060921
     308.00660643318400
       1.00000000000000
 191 193 -1
obdef
loc3d
        4.94487715611266              0.69284945127485            184.54177856445310     -1
kind
     27     
    62100          153599     
        6.25000000000000  
 OBS            193
     308.78717187743672
     309.53265470248300
       1.00000000000000
 192 194 -1
obdef
loc3d
        4.93574679201688              0.68074234291388             92.12267303466797     -1
kind
     27     
    62100          153599     
        6.25000000000000  
 OBS            194
     305.58111303754526
     307.10480876156299
       1.00000000000000
 193 195 -1
obdef
loc3d
        4.93948311897746              0.68677523412020            143.54531860351560     -1
kind
     27     
    62100          153599     
        6.25000000000000  
 OBS            195
     308.60968245837523
     309.18526683217601
       1.00000000000000
 194 196 -1
obdef
loc3d
        4.93535147134114              0.68874818734546            154.91955566406250     -1
kind
     27     
    62100          153599     
        6.25000000000000  
 OBS            196
     306.11818304919046
     307.54532700615300
       1.00000000000000
 195 197 -1
obdef
loc3d
        4.93998720508067              0.67099618858999             15.00000000000000     -1
kind
     27     
    62100          153599     
        6.25000000000000  
 OBS            197
     307.76565970694759
     307.87112740218498
       1.00000000000000
 196 198 -1
obdef
loc3d
        4.95377154670010              0.68841616298427              1.00000000000000     -1
kind
     27     
    62100          153599     
        6.25000000000000  
 OBS            198
     309.67160382638286
     308.98796491694299
       1.00000000000000
 197 199 -1
obdef
loc3d
        4.94369600674710              0.67424831199146             56.55799865722656     -1
kind
     27     
    62100          153599     
        6.25000000000000  
 OBS            199
     310.23826766460314
     309.02219526870300
       1.00000000000000
 198 200 -1
obdef
loc3d
        4.94554915949750              0.67592825057405             27.37830162048340     -1
kind
     27     
    62100          153599     
        6.25000000000000  
 OBS            200
     309.37134260109127
     308.53645524580998
       1.00000000000000
 199 201 -1
obdef
loc3d
        4.93817225910204              0.68863985936718            220.11502075195310     -1
kind
     27     
    62100          153599     
        6.25000000000000  
 OBS            201
     308.21741317342099
     308.42368365653999
       1.00000000000000
 200 202 -1
obdef
loc3d
        4.94679227765370              0.67424304503817             25.38815879821777     -1
kind
     27     
    62100          153599     
        6.25000000000000  
 OBS            202
     308.33469602709994
     309.00556999362902
       1.00000000000000
 201 203 -1
obdef
loc3d
        4.93825175772606              0.67415674930066             45.00000000000000     -1
kind
     27     
    62100          153599     
        6.25000000000000  
 OBS            203
     308.37584635526429
     308.20730343401499
       1.00000000000000
 202 204 -1
obdef
loc3d
        4.94311892630401              0.68721450203000            155.69055175781250     -1
kind
     27     
    62100          153599     
        6.25000000000000  
 OBS            204
     309.92717783723759
     309.14038761578399
       1.00000000000000
 203 205 -1
obdef
loc3d
        4.94449382724881              0.67792071808206             14.15527343750000     -1
kind
     27     
    62100          153599     
        6.25000000000000  
 OBS            205
     306.49678469518358
     306.64196704175799
       1.00000000000000
 204 206 -1
obdef
loc3d
        4.94565692959859              0.66987151098961             30.00000000000000     -1
kind
     27     
    62100          153599     
        6.25000000000000  
 OBS            206
     310.01770876177937
     309.58362187851702
       1.00000000000000
 205 207 -1
obdef
loc3d
        4.93623940611723              0.68485115788194            160.48159790039060     -1
kind
     27     
    62100          153599     
        6.25000000000000  
 OBS            207
     306.38921510776851
     307.50126804956102
       1.00000000000000
 206 208 -1
obdef
loc3d
        4.93207688179052              0.69191340558627            266.88421630859381     -1
kind
     27     
    62100          153599     
        6.25000000000000  
 OBS            208
     310.00803719331270
     309.36125355702097
       1.00000000000000
 207 209 -1
obdef
loc3d
        4.94337184525690              0.69048472086632            168.92642211914060     -1
kind
     27     
    62100          153599     
        6.25000000000000  
 OBS            209
     303.21679518170635
     304.03438379498198
       1.00000000000000
 208 210 -1
obdef
loc3d
        4.93083275656657              0.69156409584246            530.37139892578125     -1
kind
     27     
    62100          153599     
        6.25000000000000  
 OBS            210
     306.30224818965587
     308.56793624054802
       1.00000000000000
 209 211 -1
obdef
loc3d
        4.93576715774405              0.67026358084744             15.00000000000000     -1
kind
     27     
    62100          153599     
        6.25000000000000  
 OBS            211
     306.45578278740032
     306.14104325277901
       1.00000000000000
 210 212 -1
obdef
loc3d
        4.94676264345478              0.69035499858378            170.37097167968750     -1
kind
     27     
    62100          153599     
        6.25000000000000  
 OBS            212
     307.11763210213581
     308.51251416358701
       1.00000000000000
 211 213 -1
obdef
loc3d
        4.94046883892718              0.69230960363225            232.29916381835940     -1
kind
     27     
    62100          153599     
        6.25000000000000  
 OBS            213
     307.32216719934775
     306.58071312033400
       1.00000000000000
 212 214 -1
obdef
loc3d
        4.94668005348904              0.66792517272334             30.00000000000000     -1
kind
     27     
    62100          153599     
        6.25000000000000  
 OBS            214
     307.99249905884926
     306.95296223339699
       1.00000000000000
 213 215 -1
obdef
loc3d
        4.93142664351951              0.69067116425814            352.18109130859381     -1
kind
     27     
    62100          153599     
        6.25000000000000  
 OBS            215
     307.81179072153276
     308.55292139711503
       1.00000000000000
 214 216 -1
obdef
loc3d
        4.93315860158957              0.69236546390432            148.09797668457031     -1
kind
     27     
    62100          153599     
        6.25000000000000  
 OBS            216
     305.54363867087181
     306.03836194029299
       1.00000000000000
 215 217 -1
obdef
loc3d
        4.94330474517536              0.68101851702487             28.94674682617188     -1
kind
     27     
    62100          153599     
        6.25000000000000  
 OBS            217
     306.78845909383256
     307.88760201202302
       1.00000000000000
 216 218 -1
obdef
loc3d
        4.93900329796962              0.68465687192145            135.10733032226560     -1
kind
     27     
    62100          153599     
        6.25000000000000  
 OBS            218
     310.02103592345856
     309.17183070561703
       1.00000000000000
 217 219 -1
obdef
loc3d
        4.94044166392076              0.68262352587105            131.77731323242190     -1
kind
     27     
    62100          153599     
        6.25000000000000  
 OBS            219
     305.82946685866921
     308.37136235304303
       1.00000000000000
 218 220 -1
obdef
loc3d
        4.92619210793233              0.68978851614430            140.91706848144531     -1
kind
     27     
    62100          153599     
        6.25000000000000  
 OBS            220
     305.04473492067285
     306.12586790768302
       1.00000000000000
 219 221 -1
obdef
loc3d
        4.94963312081941              0.66996996266355             29.99300956726074     -1
kind
     27     
    62100          153599     
        6.25000000000000  
 OBS            221
     309.44051115555362
     308.45989454050601
       1.00000000000000
 220 222 -1
obdef
loc3d
        4.92700392971737              0.68887132383449            128.38885498046881     -1
kind
     27     
    62100          153599     
        6.25000000000000  
 OBS            222
     308.32543679513270
     308.39481226174303
       1.00000000000000
 221 223 -1
obdef
loc3d
        4.94246333188258              0.67229541033138             45.31371688842773     -1
kind
     27     
    62100          153599     
        6.25000000000000  
 OBS            223
     308.07368651296787
     307.43690109781897
       1.00000000000000
 222 224 -1
obdef
loc3d
        4.94297820410103              0.68302629331082             53.72113800048828     -1
kind
     27     
    62100          153599     
        6.25000000000000  
 OBS            224
     305.21567292906434
     305.79641123217903
       1.00000000000000
 223 225 -1
obdef
loc3d
        4.94625467437127              0.67931016686449             42.11843872070312     -1
kind
     27     
    62100          153599     
        6.25000000000000  
 OBS            225
     307.91141799409070
     308.79603903984503
       1.00000000000000
 224 -1 -1
obdef
loc3d
        4.93718236751881              0.69150375136553            153.15858459472659     -1
kind
     27     
    62100          153599     
        6.25000000000000  
