 obs_sequence
obs_kind_definitions
       3
    25          LAND_SFC_U_WIND_COMPONENT   
    26          LAND_SFC_V_WIND_COMPONENT   
    27          LAND_SFC_TEMPERATURE   
  num_copies:            2  num_qc:            1
 num_obs:       225  max_num_obs:       225
observations
truth
QC radar
  first:            1  last:       225
 OBS            1
       5.31602745115120
       3.76383412983060
       1.00000000000000
 -1 2 -1
obdef
loc3d
        4.90540352515539              0.69194112440599            606.33142089843750     -1
kind
     25     
    81000          153599     
       12.25000000000000  
 OBS            2
       6.49645451955123
       2.68797231342514
       1.00000000000000
 1 3 -1
obdef
loc3d
        4.94546412681761              0.68348353984884             17.75631332397461     -1
kind
     25     
    81000          153599     
       12.25000000000000  
 OBS            3
      -0.05211783578285
       2.24993636705568
       1.00000000000000
 2 4 -1
obdef
loc3d
        4.94660974174000              0.67744857875853             29.35406684875488     -1
kind
     25     
    81000          153599     
       12.25000000000000  
 OBS            4
      -1.69387934944943
       2.44061690564559
       1.00000000000000
 3 5 -1
obdef
loc3d
        4.94648126630843              0.68652865419204             54.82812500000000     -1
kind
     25     
    81000          153599     
       12.25000000000000  
 OBS            5
      -2.23827237167830
       2.40786046601746
       1.00000000000000
 4 6 -1
obdef
loc3d
        4.94445426011379              0.68507566758975             62.61011505126953     -1
kind
     25     
    81000          153599     
       12.25000000000000  
 OBS            6
       3.24252091644824
       0.77222909339520
       1.00000000000000
 5 7 -1
obdef
loc3d
        4.94602055174578              0.68752162087271            134.15721130371091     -1
kind
     25     
    81000          153599     
       12.25000000000000  
 OBS            7
       6.72896537056238
       4.98825837062642
       1.00000000000000
 6 8 -1
obdef
loc3d
        4.94603912728501              0.67254511985829             35.00297546386719     -1
kind
     25     
    81000          153599     
       12.25000000000000  
 OBS            8
      -0.39078555783565
       1.96425434797007
       1.00000000000000
 7 9 -1
obdef
loc3d
        4.95877904994953              0.67986585977255             17.04111671447754     -1
kind
     25     
    81000          153599     
       12.25000000000000  
 OBS            9
       4.95122788969128
      -0.02373723708329
       1.00000000000000
 8 10 -1
obdef
loc3d
        4.93958042817759              0.69095160998657            226.13127136230469     -1
kind
     25     
    81000          153599     
       12.25000000000000  
 OBS            10
       4.47002668474424
       1.55662960557901
       1.00000000000000
 9 11 -1
obdef
loc3d
        4.95756313665553              0.69181797222864             89.84997558593750     -1
kind
     25     
    81000          153599     
       12.25000000000000  
 OBS            11
       3.44206015258320
       4.61342538669874
       1.00000000000000
 10 12 -1
obdef
loc3d
        4.94078657111844              0.67409210989409             60.81152343750000     -1
kind
     25     
    81000          153599     
       12.25000000000000  
 OBS            12
       2.07643590106574
       1.95511517785623
       1.00000000000000
 11 13 -1
obdef
loc3d
        4.95557846691255              0.67267262139613              1.00000000000000     -1
kind
     25     
    81000          153599     
       12.25000000000000  
 OBS            13
       1.19693855915611
       1.72532319926329
       1.00000000000000
 12 14 -1
obdef
loc3d
        4.93193348448080              0.68856418981073            106.00000000000000     -1
kind
     25     
    81000          153599     
       12.25000000000000  
 OBS            14
       5.03332519933163
       4.76164990494970
       1.00000000000000
 13 15 -1
obdef
loc3d
        4.89970838141578              0.68765245249877            785.09423828125000     -1
kind
     25     
    81000          153599     
       12.25000000000000  
 OBS            15
      -3.70814115543803
      -1.06043153126288
       1.00000000000000
 14 16 -1
obdef
loc3d
        4.95026814558372              0.68993059237416             93.11567687988281     -1
kind
     25     
    81000          153599     
       12.25000000000000  
 OBS            16
       3.20639349041695
       4.14718341110283
       1.00000000000000
 15 17 -1
obdef
loc3d
        4.94174512165160              0.68484635226999            116.56585693359381     -1
kind
     25     
    81000          153599     
       12.25000000000000  
 OBS            17
       1.44657641211941
       1.03775992432182
       1.00000000000000
 16 18 -1
obdef
loc3d
        4.95420735021482              0.68473663912788             15.00000000000000     -1
kind
     25     
    81000          153599     
       12.25000000000000  
 OBS            18
       1.93738134711361
       3.73957395337723
       1.00000000000000
 17 19 -1
obdef
loc3d
        4.93477042118681              0.68310638816012            118.89588928222661     -1
kind
     25     
    81000          153599     
       12.25000000000000  
 OBS            19
      -1.91942630043196
       2.77113939374799
       1.00000000000000
 18 20 -1
obdef
loc3d
        4.93795631029682              0.68276407673392            144.94107055664060     -1
kind
     25     
    81000          153599     
       12.25000000000000  
 OBS            20
       7.13557484984081
       2.70301481009775
       1.00000000000000
 19 21 -1
obdef
loc3d
        4.94001671685736              0.68064929967652             43.67281723022461     -1
kind
     25     
    81000          153599     
       12.25000000000000  
 OBS            21
       0.30714779294413
       3.27532271500999
       1.00000000000000
 20 22 -1
obdef
loc3d
        4.94058460161740              0.67807181314514             70.17810058593750     -1
kind
     25     
    81000          153599     
       12.25000000000000  
 OBS            22
       6.22667083201640
       1.92388779664700
       1.00000000000000
 21 23 -1
obdef
loc3d
        4.95423295419494              0.68033176843505              3.71636104583740     -1
kind
     25     
    81000          153599     
       12.25000000000000  
 OBS            23
       0.80657657995809
       2.86884608821467
       1.00000000000000
 22 24 -1
obdef
loc3d
        4.94926894458696              0.66642585587446             10.91526031494141     -1
kind
     25     
    81000          153599     
       12.25000000000000  
 OBS            24
       6.09489527278342
       2.36612819337526
       1.00000000000000
 23 25 -1
obdef
loc3d
        4.96223480186848              0.66700036066835              5.00000000000000     -1
kind
     25     
    81000          153599     
       12.25000000000000  
 OBS            25
      -5.16952949492408
       2.29502032266002
       1.00000000000000
 24 26 -1
obdef
loc3d
        4.95546148971009              0.67729393735082              6.17724800109863     -1
kind
     25     
    81000          153599     
       12.25000000000000  
 OBS            26
       0.79931475093579
       2.39725265525719
       1.00000000000000
 25 27 -1
obdef
loc3d
        4.92652723985629              0.69051382381431            146.04148864746091     -1
kind
     25     
    81000          153599     
       12.25000000000000  
 OBS            27
      -3.85517114788095
       1.31455019028311
       1.00000000000000
 26 28 -1
obdef
loc3d
        4.96366005344362              0.66920346185787              6.00000000000000     -1
kind
     25     
    81000          153599     
       12.25000000000000  
 OBS            28
      -3.60839860633505
       0.47053104986003
       1.00000000000000
 27 29 -1
obdef
loc3d
        4.97052949833720              0.66907739847133              8.84140872955322     -1
kind
     25     
    81000          153599     
       12.25000000000000  
 OBS            29
       5.22678808647689
       3.36930448946622
       1.00000000000000
 28 30 -1
obdef
loc3d
        4.93505853489354              0.69035668900909            163.38452148437500     -1
kind
     25     
    81000          153599     
       12.25000000000000  
 OBS            30
       8.45822951513275
       9.25372897074079
       1.00000000000000
 29 31 -1
obdef
loc3d
        4.93979773523841              0.67259214116167             45.00000000000000     -1
kind
     25     
    81000          153599     
       12.25000000000000  
 OBS            31
       7.10581703698702
       0.81436963598586
       1.00000000000000
 30 32 -1
obdef
loc3d
        4.92901815402419              0.68818595396932            126.56063842773440     -1
kind
     25     
    81000          153599     
       12.25000000000000  
 OBS            32
       2.17625674281881
       2.06830274537927
       1.00000000000000
 31 33 -1
obdef
loc3d
        4.92864050752959              0.68988490592333            360.09008789062500     -1
kind
     25     
    81000          153599     
       12.25000000000000  
 OBS            33
       5.39040042846310
       2.66135150464572
       1.00000000000000
 32 34 -1
obdef
loc3d
        4.94071794293451              0.68880476183725            173.77728271484381     -1
kind
     25     
    81000          153599     
       12.25000000000000  
 OBS            34
       3.35055395029537
       2.30903779603510
       1.00000000000000
 33 35 -1
obdef
loc3d
        4.94475069255349              0.67936922784321             17.10044860839844     -1
kind
     25     
    81000          153599     
       12.25000000000000  
 OBS            35
       4.59734320631867
       0.14674192719937
       1.00000000000000
 34 36 -1
obdef
loc3d
        4.93040524362615              0.68956958577383            472.38653564453119     -1
kind
     25     
    81000          153599     
       12.25000000000000  
 OBS            36
       3.41867666599167
       2.16033900144292
       1.00000000000000
 35 37 -1
obdef
loc3d
        4.93438788521233              0.68743777381223            157.39462280273440     -1
kind
     25     
    81000          153599     
       12.25000000000000  
 OBS            37
      -0.42718176508980
       1.26126180556802
       1.00000000000000
 36 38 -1
obdef
loc3d
        4.93003537520636              0.69083454089469            382.75677490234381     -1
kind
     25     
    81000          153599     
       12.25000000000000  
 OBS            38
       5.62838459104238
       3.89893730342640
       1.00000000000000
 37 39 -1
obdef
loc3d
        4.94262489165251              0.68702513034102            130.29710388183591     -1
kind
     25     
    81000          153599     
       12.25000000000000  
 OBS            39
      -0.12464085804544
       3.43110701246240
       1.00000000000000
 38 40 -1
obdef
loc3d
        4.93100113789334              0.68653549583784             94.66114807128906     -1
kind
     25     
    81000          153599     
       12.25000000000000  
 OBS            40
       7.92988782419622
       5.14387032839086
       1.00000000000000
 39 41 -1
obdef
loc3d
        4.94000002935902              0.67612888350011             59.69976806640625     -1
kind
     25     
    81000          153599     
       12.25000000000000  
 OBS            41
       5.60236492630114
       2.47726075506434
       1.00000000000000
 40 42 -1
obdef
loc3d
        4.94231604692662              0.69077376274482            190.83442687988281     -1
kind
     25     
    81000          153599     
       12.25000000000000  
 OBS            42
      -3.17659444550574
       1.23180239757833
       1.00000000000000
 41 43 -1
obdef
loc3d
        4.93554247635603              0.69268257167582            131.09960937500000     -1
kind
     25     
    81000          153599     
       12.25000000000000  
 OBS            43
      -1.88417801209612
       3.23013812567248
       1.00000000000000
 42 44 -1
obdef
loc3d
        4.94069913477896              0.68279864123905            131.77731323242190     -1
kind
     25     
    81000          153599     
       12.25000000000000  
 OBS            44
       7.62480666492182
       3.88518753081254
       1.00000000000000
 43 45 -1
obdef
loc3d
        4.94367854378329              0.67420565331297             56.55799865722656     -1
kind
     25     
    81000          153599     
       12.25000000000000  
 OBS            45
       4.75162818292264
       7.54434493429131
       1.00000000000000
 44 46 -1
obdef
loc3d
        4.93814984943932              0.67457436016830             39.55386734008789     -1
kind
     25     
    81000          153599     
       12.25000000000000  
 OBS            46
       5.30082545406661
       2.05889614501363
       1.00000000000000
 45 47 -1
obdef
loc3d
        4.94253566982520              0.68065092526894             48.56933593750000     -1
kind
     25     
    81000          153599     
       12.25000000000000  
 OBS            47
       6.22541188034539
       3.28779872354533
       1.00000000000000
 46 48 -1
obdef
loc3d
        4.93593154408741              0.68080949477360             85.35743713378906     -1
kind
     25     
    81000          153599     
       12.25000000000000  
 OBS            48
       1.37003540300550
       0.01730049568698
       1.00000000000000
 47 49 -1
obdef
loc3d
        4.94758068519446              0.69282395273635            179.51908874511719     -1
kind
     25     
    81000          153599     
       12.25000000000000  
 OBS            49
       2.76117854904338
       5.43041563265202
       1.00000000000000
 48 50 -1
obdef
loc3d
        4.93541634697774              0.67261831698898             21.54207611083984     -1
kind
     25     
    81000          153599     
       12.25000000000000  
 OBS            50
       3.33802161920930
       3.97270974893542
       1.00000000000000
 49 51 -1
obdef
loc3d
        4.93342752395137              0.68533697059699            120.48287200927730     -1
kind
     25     
    81000          153599     
       12.25000000000000  
 OBS            51
       2.47485087387751
      -0.00040526539064
       1.00000000000000
 50 52 -1
obdef
loc3d
        4.92811551620144              0.69141391763145            189.00242614746091     -1
kind
     25     
    81000          153599     
       12.25000000000000  
 OBS            52
      -0.82340491670277
       2.72761412662773
       1.00000000000000
 51 53 -1
obdef
loc3d
        4.94328780634786              0.67761918906629             21.61136627197266     -1
kind
     25     
    81000          153599     
       12.25000000000000  
 OBS            53
       6.33562580863880
       4.11515175543335
       1.00000000000000
 52 54 -1
obdef
loc3d
        4.93617130041664              0.68578341426755            199.41349792480469     -1
kind
     25     
    81000          153599     
       12.25000000000000  
 OBS            54
       1.24245895449132
       1.76993724974266
       1.00000000000000
 53 55 -1
obdef
loc3d
        4.94488890698391              0.68151038983677             42.34177017211914     -1
kind
     25     
    81000          153599     
       12.25000000000000  
 OBS            55
       4.12664196466726
       3.40113114596249
       1.00000000000000
 54 56 -1
obdef
loc3d
        4.94610769319308              0.67540343249948             44.88281250000000     -1
kind
     25     
    81000          153599     
       12.25000000000000  
 OBS            56
       5.23082033127158
       5.76987005276490
       1.00000000000000
 55 57 -1
obdef
loc3d
        4.93098289428918              0.69278368564599            411.59194946289062     -1
kind
     25     
    81000          153599     
       12.25000000000000  
 OBS            57
      12.18619041553863
       7.88087513606214
       1.00000000000000
 56 58 -1
obdef
loc3d
        4.93746284305807              0.67295620864423             44.45593643188477     -1
kind
     25     
    81000          153599     
       12.25000000000000  
 OBS            58
       5.46668295960255
       6.47470094420913
       1.00000000000000
 57 59 -1
obdef
loc3d
        4.93742549337872              0.68866580079864            241.84100341796881     -1
kind
     25     
    81000          153599     
       12.25000000000000  
 OBS            59
       4.41541656173002
       4.67396782156818
       1.00000000000000
 58 60 -1
obdef
loc3d
        4.94310367286119              0.67063823067780             37.30942153930664     -1
kind
     25     
    81000          153599     
       12.25000000000000  
 OBS            60
       6.22930224936317
       0.62854542934761
       1.00000000000000
 59 61 -1
obdef
loc3d
        4.94312354358950              0.69286317278749            201.84664916992190     -1
kind
     25     
    81000          153599     
       12.25000000000000  
 OBS            61
      -1.74190846453737
       0.83296651210851
       1.00000000000000
 60 62 -1
obdef
loc3d
        4.93202293942753              0.69056809921756            124.38476562500000     -1
kind
     25     
    81000          153599     
       12.25000000000000  
 OBS            62
      -2.77131260838530
      -1.08030094444520
       1.00000000000000
 61 63 -1
obdef
loc3d
        4.93852899085493              0.69282303339671            210.85327148437500     -1
kind
     25     
    81000          153599     
       12.25000000000000  
 OBS            63
      -1.42654010628509
       3.53926425802980
       1.00000000000000
 62 64 -1
obdef
loc3d
        4.93925110381924              0.68654477021234            169.40324401855469     -1
kind
     25     
    81000          153599     
       12.25000000000000  
 OBS            64
      -1.15037966505897
      -1.94749211069046
       1.00000000000000
 63 65 -1
obdef
loc3d
        4.94561300163474              0.69021407942450            101.67103576660161     -1
kind
     25     
    81000          153599     
       12.25000000000000  
 OBS            65
       1.08180813484562
       3.37713357479592
       1.00000000000000
 64 66 -1
obdef
loc3d
        4.94677761419795              0.66921213830349             30.00000000000000     -1
kind
     25     
    81000          153599     
       12.25000000000000  
 OBS            66
       5.29125454152759
       5.71874750612327
       1.00000000000000
 65 67 -1
obdef
loc3d
        4.91464000802058              0.69220313236118            256.98049926757812     -1
kind
     25     
    81000          153599     
       12.25000000000000  
 OBS            67
       3.40719855776219
       4.61639129530262
       1.00000000000000
 66 68 -1
obdef
loc3d
        4.91222840493483              0.69213090540308            311.66015625000000     -1
kind
     25     
    81000          153599     
       12.25000000000000  
 OBS            68
       7.97815285829106
       4.52370680973053
       1.00000000000000
 67 69 -1
obdef
loc3d
        4.90319820253832              0.69077085029214            558.21520996093750     -1
kind
     25     
    81000          153599     
       12.25000000000000  
 OBS            69
       1.16296525386574
       4.24141604270783
       1.00000000000000
 68 70 -1
obdef
loc3d
        4.90548367400941              0.68961427180382            340.45385742187500     -1
kind
     25     
    81000          153599     
       12.25000000000000  
 OBS            70
       5.12923777889481
       4.55874528742725
       1.00000000000000
 69 71 -1
obdef
loc3d
        4.90182808691748              0.69286665451088            711.58941650390625     -1
kind
     25     
    81000          153599     
       12.25000000000000  
 OBS            71
       3.85699793197991
       4.79291106624303
       1.00000000000000
 70 72 -1
obdef
loc3d
        4.92199514385413              0.69211089395115            185.84292602539060     -1
kind
     25     
    81000          153599     
       12.25000000000000  
 OBS            72
       3.34438150313658
       6.32519378828863
       1.00000000000000
 71 73 -1
obdef
loc3d
        4.91709198426003              0.69266703903771            205.88345336914060     -1
kind
     25     
    81000          153599     
       12.25000000000000  
 OBS            73
       5.42469875819655
       5.85145289828678
       1.00000000000000
 72 74 -1
obdef
loc3d
        4.91305125126208              0.69031483822850            320.48217773437500     -1
kind
     25     
    81000          153599     
       12.25000000000000  
 OBS            74
       1.15350452016924
       2.79680566693386
       1.00000000000000
 73 75 -1
obdef
loc3d
        4.90918301095293              0.69233086407935            229.95614624023440     -1
kind
     25     
    81000          153599     
       12.25000000000000  
 OBS            75
       6.28265732962087
       4.60361324318313
       1.00000000000000
 74 76 -1
obdef
loc3d
        4.90002894620424              0.69031812013417            840.25653076171875     -1
kind
     25     
    81000          153599     
       12.25000000000000  
 OBS            76
       4.01601675849510
       0.12831628190994
       1.00000000000000
 75 77 -1
obdef
loc3d
        4.90540352515539              0.69194112440599            606.33142089843750     -1
kind
     26     
    81000          153599     
       12.25000000000000  
 OBS            77
       4.74760453112688
       4.34478536279747
       1.00000000000000
 76 78 -1
obdef
loc3d
        4.94546412681761              0.68348353984884             17.75631332397461     -1
kind
     26     
    81000          153599     
       12.25000000000000  
 OBS            78
       8.88243117176501
       5.32272914573986
       1.00000000000000
 77 79 -1
obdef
loc3d
        4.94660974174000              0.67744857875853             29.35406684875488     -1
kind
     26     
    81000          153599     
       12.25000000000000  
 OBS            79
       4.74103768626350
       6.89280400112408
       1.00000000000000
 78 80 -1
obdef
loc3d
        4.94648126630843              0.68652865419204             54.82812500000000     -1
kind
     26     
    81000          153599     
       12.25000000000000  
 OBS            80
       3.43705259421277
       6.53123025749252
       1.00000000000000
 79 81 -1
obdef
loc3d
        4.94445426011379              0.68507566758975             62.61011505126953     -1
kind
     26     
    81000          153599     
       12.25000000000000  
 OBS            81
       6.13182725386714
       6.08721455030213
       1.00000000000000
 80 82 -1
obdef
loc3d
        4.94602055174578              0.68752162087271            134.15721130371091     -1
kind
     26     
    81000          153599     
       12.25000000000000  
 OBS            82
       3.14129542064646
       5.96194674958434
       1.00000000000000
 81 83 -1
obdef
loc3d
        4.94603912728501              0.67254511985829             35.00297546386719     -1
kind
     26     
    81000          153599     
       12.25000000000000  
 OBS            83
       6.10714103206296
       6.67614455233578
       1.00000000000000
 82 84 -1
obdef
loc3d
        4.95877904994953              0.67986585977255             17.04111671447754     -1
kind
     26     
    81000          153599     
       12.25000000000000  
 OBS            84
       2.92923149222034
       2.66827509527923
       1.00000000000000
 83 85 -1
obdef
loc3d
        4.93958042817759              0.69095160998657            226.13127136230469     -1
kind
     26     
    81000          153599     
       12.25000000000000  
 OBS            85
      -0.56557181801595
       4.29614269902461
       1.00000000000000
 84 86 -1
obdef
loc3d
        4.95756313665553              0.69181797222864             89.84997558593750     -1
kind
     26     
    81000          153599     
       12.25000000000000  
 OBS            86
       7.70373566706151
       7.52294420026233
       1.00000000000000
 85 87 -1
obdef
loc3d
        4.94078657111844              0.67409210989409             60.81152343750000     -1
kind
     26     
    81000          153599     
       12.25000000000000  
 OBS            87
       4.60337097068624
       6.40366898924582
       1.00000000000000
 86 88 -1
obdef
loc3d
        4.95557846691255              0.67267262139613              1.00000000000000     -1
kind
     26     
    81000          153599     
       12.25000000000000  
 OBS            88
       1.44855962931563
      -0.15768973730492
       1.00000000000000
 87 89 -1
obdef
loc3d
        4.93193348448080              0.68856418981073            106.00000000000000     -1
kind
     26     
    81000          153599     
       12.25000000000000  
 OBS            89
       9.54284086785809
       0.31018928901802
       1.00000000000000
 88 90 -1
obdef
loc3d
        4.89970838141578              0.68765245249877            785.09423828125000     -1
kind
     26     
    81000          153599     
       12.25000000000000  
 OBS            90
       9.57960467144181
       8.04795283728322
       1.00000000000000
 89 91 -1
obdef
loc3d
        4.95026814558372              0.68993059237416             93.11567687988281     -1
kind
     26     
    81000          153599     
       12.25000000000000  
 OBS            91
       6.18597272993463
       6.52560025434093
       1.00000000000000
 90 92 -1
obdef
loc3d
        4.94174512165160              0.68484635226999            116.56585693359381     -1
kind
     26     
    81000          153599     
       12.25000000000000  
 OBS            92
       8.74596705522475
       6.99308827334070
       1.00000000000000
 91 93 -1
obdef
loc3d
        4.95420735021482              0.68473663912788             15.00000000000000     -1
kind
     26     
    81000          153599     
       12.25000000000000  
 OBS            93
       0.98163890500595
       4.14416521979836
       1.00000000000000
 92 94 -1
obdef
loc3d
        4.93477042118681              0.68310638816012            118.89588928222661     -1
kind
     26     
    81000          153599     
       12.25000000000000  
 OBS            94
       2.26117977924983
       3.79160439998899
       1.00000000000000
 93 95 -1
obdef
loc3d
        4.93795631029682              0.68276407673392            144.94107055664060     -1
kind
     26     
    81000          153599     
       12.25000000000000  
 OBS            95
       6.27883328278991
       4.40974120628512
       1.00000000000000
 94 96 -1
obdef
loc3d
        4.94001671685736              0.68064929967652             43.67281723022461     -1
kind
     26     
    81000          153599     
       12.25000000000000  
 OBS            96
       0.77798214542254
       4.82358575280752
       1.00000000000000
 95 97 -1
obdef
loc3d
        4.94058460161740              0.67807181314514             70.17810058593750     -1
kind
     26     
    81000          153599     
       12.25000000000000  
 OBS            97
       1.84969822938629
       7.33139518227182
       1.00000000000000
 96 98 -1
obdef
loc3d
        4.95423295419494              0.68033176843505              3.71636104583740     -1
kind
     26     
    81000          153599     
       12.25000000000000  
 OBS            98
       6.75217969643159
       3.76186317483247
       1.00000000000000
 97 99 -1
obdef
loc3d
        4.94926894458696              0.66642585587446             10.91526031494141     -1
kind
     26     
    81000          153599     
       12.25000000000000  
 OBS            99
       3.43016003897242
       6.15400995824577
       1.00000000000000
 98 100 -1
obdef
loc3d
        4.96223480186848              0.66700036066835              5.00000000000000     -1
kind
     26     
    81000          153599     
       12.25000000000000  
 OBS            100
       8.15153720857165
       6.49851352309464
       1.00000000000000
 99 101 -1
obdef
loc3d
        4.95546148971009              0.67729393735082              6.17724800109863     -1
kind
     26     
    81000          153599     
       12.25000000000000  
 OBS            101
       0.86031055217708
       2.17294635449022
       1.00000000000000
 100 102 -1
obdef
loc3d
        4.92652723985629              0.69051382381431            146.04148864746091     -1
kind
     26     
    81000          153599     
       12.25000000000000  
 OBS            102
       9.06669294459827
       3.93638773179999
       1.00000000000000
 101 103 -1
obdef
loc3d
        4.96366005344362              0.66920346185787              6.00000000000000     -1
kind
     26     
    81000          153599     
       12.25000000000000  
 OBS            103
       5.82527627876828
       7.43741458278438
       1.00000000000000
 102 104 -1
obdef
loc3d
        4.97052949833720              0.66907739847133              8.84140872955322     -1
kind
     26     
    81000          153599     
       12.25000000000000  
 OBS            104
       0.14783132630300
       2.20191909940949
       1.00000000000000
 103 105 -1
obdef
loc3d
        4.93505853489354              0.69035668900909            163.38452148437500     -1
kind
     26     
    81000          153599     
       12.25000000000000  
 OBS            105
       8.17021739978489
       4.68684857116370
       1.00000000000000
 104 106 -1
obdef
loc3d
        4.93979773523841              0.67259214116167             45.00000000000000     -1
kind
     26     
    81000          153599     
       12.25000000000000  
 OBS            106
       8.01412303751878
       2.55187105470482
       1.00000000000000
 105 107 -1
obdef
loc3d
        4.92901815402419              0.68818595396932            126.56063842773440     -1
kind
     26     
    81000          153599     
       12.25000000000000  
 OBS            107
       1.29482570871310
       0.97393555746475
       1.00000000000000
 106 108 -1
obdef
loc3d
        4.92864050752959              0.68988490592333            360.09008789062500     -1
kind
     26     
    81000          153599     
       12.25000000000000  
 OBS            108
       4.77029387356659
       7.66018465582558
       1.00000000000000
 107 109 -1
obdef
loc3d
        4.94071794293451              0.68880476183725            173.77728271484381     -1
kind
     26     
    81000          153599     
       12.25000000000000  
 OBS            109
       3.49456126842661
       5.29286838726978
       1.00000000000000
 108 110 -1
obdef
loc3d
        4.94475069255349              0.67936922784321             17.10044860839844     -1
kind
     26     
    81000          153599     
       12.25000000000000  
 OBS            110
       7.08288254604641
       1.30619268459663
       1.00000000000000
 109 111 -1
obdef
loc3d
        4.93040524362615              0.68956958577383            472.38653564453119     -1
kind
     26     
    81000          153599     
       12.25000000000000  
 OBS            111
       3.12509559238349
       0.75026811470000
       1.00000000000000
 110 112 -1
obdef
loc3d
        4.93438788521233              0.68743777381223            157.39462280273440     -1
kind
     26     
    81000          153599     
       12.25000000000000  
 OBS            112
       2.67386155529226
       2.01218490102297
       1.00000000000000
 111 113 -1
obdef
loc3d
        4.93003537520636              0.69083454089469            382.75677490234381     -1
kind
     26     
    81000          153599     
       12.25000000000000  
 OBS            113
      11.16690475146996
       7.74054035186936
       1.00000000000000
 112 114 -1
obdef
loc3d
        4.94262489165251              0.68702513034102            130.29710388183591     -1
kind
     26     
    81000          153599     
       12.25000000000000  
 OBS            114
       2.24471980432543
       6.12296384459734
       1.00000000000000
 113 115 -1
obdef
loc3d
        4.93100113789334              0.68653549583784             94.66114807128906     -1
kind
     26     
    81000          153599     
       12.25000000000000  
 OBS            115
      -2.22034966144357
       6.90794928576456
       1.00000000000000
 114 116 -1
obdef
loc3d
        4.94000002935902              0.67612888350011             59.69976806640625     -1
kind
     26     
    81000          153599     
       12.25000000000000  
 OBS            116
       4.12892023525336
       5.09610009769453
       1.00000000000000
 115 117 -1
obdef
loc3d
        4.94231604692662              0.69077376274482            190.83442687988281     -1
kind
     26     
    81000          153599     
       12.25000000000000  
 OBS            117
       4.92740313553614
       6.59286882044585
       1.00000000000000
 116 118 -1
obdef
loc3d
        4.93554247635603              0.69268257167582            131.09960937500000     -1
kind
     26     
    81000          153599     
       12.25000000000000  
 OBS            118
       3.96196709780538
       5.38365835924579
       1.00000000000000
 117 119 -1
obdef
loc3d
        4.94069913477896              0.68279864123905            131.77731323242190     -1
kind
     26     
    81000          153599     
       12.25000000000000  
 OBS            119
       6.62303804629581
       6.26906024312463
       1.00000000000000
 118 120 -1
obdef
loc3d
        4.94367854378329              0.67420565331297             56.55799865722656     -1
kind
     26     
    81000          153599     
       12.25000000000000  
 OBS            120
       7.30918587342737
       5.61566042353193
       1.00000000000000
 119 121 -1
obdef
loc3d
        4.93814984943932              0.67457436016830             39.55386734008789     -1
kind
     26     
    81000          153599     
       12.25000000000000  
 OBS            121
       0.12132879963270
       4.08240733266055
       1.00000000000000
 120 122 -1
obdef
loc3d
        4.94253566982520              0.68065092526894             48.56933593750000     -1
kind
     26     
    81000          153599     
       12.25000000000000  
 OBS            122
       5.41462930806233
       3.93786953166279
       1.00000000000000
 121 123 -1
obdef
loc3d
        4.93593154408741              0.68080949477360             85.35743713378906     -1
kind
     26     
    81000          153599     
       12.25000000000000  
 OBS            123
      -7.70988634602119
      -4.35754137164914
       1.00000000000000
 122 124 -1
obdef
loc3d
        4.94758068519446              0.69282395273635            179.51908874511719     -1
kind
     26     
    81000          153599     
       12.25000000000000  
 OBS            124
       1.72043635009474
       3.28765736453857
       1.00000000000000
 123 125 -1
obdef
loc3d
        4.93541634697774              0.67261831698898             21.54207611083984     -1
kind
     26     
    81000          153599     
       12.25000000000000  
 OBS            125
       5.16869138470045
       7.21608504530705
       1.00000000000000
 124 126 -1
obdef
loc3d
        4.93342752395137              0.68533697059699            120.48287200927730     -1
kind
     26     
    81000          153599     
       12.25000000000000  
 OBS            126
      -7.91187343324364
      -3.33122336881664
       1.00000000000000
 125 127 -1
obdef
loc3d
        4.92811551620144              0.69141391763145            189.00242614746091     -1
kind
     26     
    81000          153599     
       12.25000000000000  
 OBS            127
       7.81820355137956
       6.57616582824100
       1.00000000000000
 126 128 -1
obdef
loc3d
        4.94328780634786              0.67761918906629             21.61136627197266     -1
kind
     26     
    81000          153599     
       12.25000000000000  
 OBS            128
       9.55574331200181
       6.80990271401167
       1.00000000000000
 127 129 -1
obdef
loc3d
        4.93617130041664              0.68578341426755            199.41349792480469     -1
kind
     26     
    81000          153599     
       12.25000000000000  
 OBS            129
      -0.09857308073674
       4.14942739646598
       1.00000000000000
 128 130 -1
obdef
loc3d
        4.94488890698391              0.68151038983677             42.34177017211914     -1
kind
     26     
    81000          153599     
       12.25000000000000  
 OBS            130
       4.68824607593466
       7.20060389889333
       1.00000000000000
 129 131 -1
obdef
loc3d
        4.94610769319308              0.67540343249948             44.88281250000000     -1
kind
     26     
    81000          153599     
       12.25000000000000  
 OBS            131
       4.48385689019292
      -1.93105786047331
       1.00000000000000
 130 132 -1
obdef
loc3d
        4.93098289428918              0.69278368564599            411.59194946289062     -1
kind
     26     
    81000          153599     
       12.25000000000000  
 OBS            132
       1.63273424482728
       3.97498708024159
       1.00000000000000
 131 133 -1
obdef
loc3d
        4.93746284305807              0.67295620864423             44.45593643188477     -1
kind
     26     
    81000          153599     
       12.25000000000000  
 OBS            133
       3.64856332477065
       4.69610819571629
       1.00000000000000
 132 134 -1
obdef
loc3d
        4.93742549337872              0.68866580079864            241.84100341796881     -1
kind
     26     
    81000          153599     
       12.25000000000000  
 OBS            134
       7.18184772187363
       4.78647786407570
       1.00000000000000
 133 135 -1
obdef
loc3d
        4.94310367286119              0.67063823067780             37.30942153930664     -1
kind
     26     
    81000          153599     
       12.25000000000000  
 OBS            135
      -0.77622733478009
       0.36163277605994
       1.00000000000000
 134 136 -1
obdef
loc3d
        4.94312354358950              0.69286317278749            201.84664916992190     -1
kind
     26     
    81000          153599     
       12.25000000000000  
 OBS            136
       5.12965617984169
       3.53852725982819
       1.00000000000000
 135 137 -1
obdef
loc3d
        4.93202293942753              0.69056809921756            124.38476562500000     -1
kind
     26     
    81000          153599     
       12.25000000000000  
 OBS            137
       6.00321780469587
       1.46494359928885
       1.00000000000000
 136 138 -1
obdef
loc3d
        4.93852899085493              0.69282303339671            210.85327148437500     -1
kind
     26     
    81000          153599     
       12.25000000000000  
 OBS            138
       7.12705694146141
       8.42610501387963
       1.00000000000000
 137 139 -1
obdef
loc3d
        4.93925110381924              0.68654477021234            169.40324401855469     -1
kind
     26     
    81000          153599     
       12.25000000000000  
 OBS            139
       9.18912931557298
       7.07822933587402
       1.00000000000000
 138 140 -1
obdef
loc3d
        4.94561300163474              0.69021407942450            101.67103576660161     -1
kind
     26     
    81000          153599     
       12.25000000000000  
 OBS            140
       4.17690667231301
       3.03760838293157
       1.00000000000000
 139 141 -1
obdef
loc3d
        4.94677761419795              0.66921213830349             30.00000000000000     -1
kind
     26     
    81000          153599     
       12.25000000000000  
 OBS            141
      -3.24257611870718
      -0.69764696330607
       1.00000000000000
 140 142 -1
obdef
loc3d
        4.91464000802058              0.69220313236118            256.98049926757812     -1
kind
     26     
    81000          153599     
       12.25000000000000  
 OBS            142
       1.37510400070978
      -1.48004367768270
       1.00000000000000
 141 143 -1
obdef
loc3d
        4.91222840493483              0.69213090540308            311.66015625000000     -1
kind
     26     
    81000          153599     
       12.25000000000000  
 OBS            143
       2.19100481300458
      -0.06296845350577
       1.00000000000000
 142 144 -1
obdef
loc3d
        4.90319820253832              0.69077085029214            558.21520996093750     -1
kind
     26     
    81000          153599     
       12.25000000000000  
 OBS            144
       0.60880748128802
       1.62787530160270
       1.00000000000000
 143 145 -1
obdef
loc3d
        4.90548367400941              0.68961427180382            340.45385742187500     -1
kind
     26     
    81000          153599     
       12.25000000000000  
 OBS            145
      -6.69922164437865
       0.07794647234924
       1.00000000000000
 144 146 -1
obdef
loc3d
        4.90182808691748              0.69286665451088            711.58941650390625     -1
kind
     26     
    81000          153599     
       12.25000000000000  
 OBS            146
      -0.29973830795056
      -0.87808154309332
       1.00000000000000
 145 147 -1
obdef
loc3d
        4.92199514385413              0.69211089395115            185.84292602539060     -1
kind
     26     
    81000          153599     
       12.25000000000000  
 OBS            147
       1.06269628221654
      -1.37097148991695
       1.00000000000000
 146 148 -1
obdef
loc3d
        4.91709198426003              0.69266703903771            205.88345336914060     -1
kind
     26     
    81000          153599     
       12.25000000000000  
 OBS            148
      -0.51822057321536
      -0.13195482337668
       1.00000000000000
 147 149 -1
obdef
loc3d
        4.91305125126208              0.69031483822850            320.48217773437500     -1
kind
     26     
    81000          153599     
       12.25000000000000  
 OBS            149
      -1.55725907938385
      -1.12819448006713
       1.00000000000000
 148 150 -1
obdef
loc3d
        4.90918301095293              0.69233086407935            229.95614624023440     -1
kind
     26     
    81000          153599     
       12.25000000000000  
 OBS            150
       2.36188447443678
      -0.38325364620370
       1.00000000000000
 149 151 -1
obdef
loc3d
        4.90002894620424              0.69031812013417            840.25653076171875     -1
kind
     26     
    81000          153599     
       12.25000000000000  
 OBS            151
     297.63688232740066
     297.28205928417401
       1.00000000000000
 150 152 -1
obdef
loc3d
        4.90540352515539              0.69194112440599            606.33142089843750     -1
kind
     27     
    81000          153599     
        6.25000000000000  
 OBS            152
     305.95066614410439
     306.59840109819203
       1.00000000000000
 151 153 -1
obdef
loc3d
        4.94546412681761              0.68348353984884             17.75631332397461     -1
kind
     27     
    81000          153599     
        6.25000000000000  
 OBS            153
     306.34156220764504
     307.14239050309999
       1.00000000000000
 152 154 -1
obdef
loc3d
        4.94660974174000              0.67744857875853             29.35406684875488     -1
kind
     27     
    81000          153599     
        6.25000000000000  
 OBS            154
     308.81321267633678
     307.38560513972800
       1.00000000000000
 153 155 -1
obdef
loc3d
        4.94648126630843              0.68652865419204             54.82812500000000     -1
kind
     27     
    81000          153599     
        6.25000000000000  
 OBS            155
     307.93764025650819
     306.90538304311798
       1.00000000000000
 154 156 -1
obdef
loc3d
        4.94445426011379              0.68507566758975             62.61011505126953     -1
kind
     27     
    81000          153599     
        6.25000000000000  
 OBS            156
     305.40783723264985
     306.10166833563602
       1.00000000000000
 155 157 -1
obdef
loc3d
        4.94602055174578              0.68752162087271            134.15721130371091     -1
kind
     27     
    81000          153599     
        6.25000000000000  
 OBS            157
     308.15070590526187
     307.18496153842602
       1.00000000000000
 156 158 -1
obdef
loc3d
        4.94603912728501              0.67254511985829             35.00297546386719     -1
kind
     27     
    81000          153599     
        6.25000000000000  
 OBS            158
     307.04127575622670
     306.62842988336399
       1.00000000000000
 157 159 -1
obdef
loc3d
        4.95877904994953              0.67986585977255             17.04111671447754     -1
kind
     27     
    81000          153599     
        6.25000000000000  
 OBS            159
     306.85771681258643
     306.56500459478099
       1.00000000000000
 158 160 -1
obdef
loc3d
        4.93958042817759              0.69095160998657            226.13127136230469     -1
kind
     27     
    81000          153599     
        6.25000000000000  
 OBS            160
     305.22618238214426
     305.38139148374597
       1.00000000000000
 159 161 -1
obdef
loc3d
        4.95756313665553              0.69181797222864             89.84997558593750     -1
kind
     27     
    81000          153599     
        6.25000000000000  
 OBS            161
     306.30655947073041
     306.65386745581998
       1.00000000000000
 160 162 -1
obdef
loc3d
        4.94078657111844              0.67409210989409             60.81152343750000     -1
kind
     27     
    81000          153599     
        6.25000000000000  
 OBS            162
     307.40943920611443
     306.64902655539498
       1.00000000000000
 161 163 -1
obdef
loc3d
        4.95557846691255              0.67267262139613              1.00000000000000     -1
kind
     27     
    81000          153599     
        6.25000000000000  
 OBS            163
     300.08030076921278
     301.39894782056399
       1.00000000000000
 162 164 -1
obdef
loc3d
        4.93193348448080              0.68856418981073            106.00000000000000     -1
kind
     27     
    81000          153599     
        6.25000000000000  
 OBS            164
     293.41050254000368
     295.04316887389700
       1.00000000000000
 163 165 -1
obdef
loc3d
        4.89970838141578              0.68765245249877            785.09423828125000     -1
kind
     27     
    81000          153599     
        6.25000000000000  
 OBS            165
     307.22441095296205
     305.78144837386702
       1.00000000000000
 164 166 -1
obdef
loc3d
        4.95026814558372              0.68993059237416             93.11567687988281     -1
kind
     27     
    81000          153599     
        6.25000000000000  
 OBS            166
     306.78362363254826
     306.76797645261701
       1.00000000000000
 165 167 -1
obdef
loc3d
        4.94174512165160              0.68484635226999            116.56585693359381     -1
kind
     27     
    81000          153599     
        6.25000000000000  
 OBS            167
     304.81725018377006
     306.12541495317799
       1.00000000000000
 166 168 -1
obdef
loc3d
        4.95420735021482              0.68473663912788             15.00000000000000     -1
kind
     27     
    81000          153599     
        6.25000000000000  
 OBS            168
     304.59655672439749
     304.62132655456998
       1.00000000000000
 167 169 -1
obdef
loc3d
        4.93477042118681              0.68310638816012            118.89588928222661     -1
kind
     27     
    81000          153599     
        6.25000000000000  
 OBS            169
     306.07217910895372
     305.15966298779398
       1.00000000000000
 168 170 -1
obdef
loc3d
        4.93795631029682              0.68276407673392            144.94107055664060     -1
kind
     27     
    81000          153599     
        6.25000000000000  
 OBS            170
     307.73945633715834
     305.81707997985097
       1.00000000000000
 169 171 -1
obdef
loc3d
        4.94001671685736              0.68064929967652             43.67281723022461     -1
kind
     27     
    81000          153599     
        6.25000000000000  
 OBS            171
     308.95243222102647
     306.91892042157298
       1.00000000000000
 170 172 -1
obdef
loc3d
        4.94058460161740              0.67807181314514             70.17810058593750     -1
kind
     27     
    81000          153599     
        6.25000000000000  
 OBS            172
     306.58607542822466
     307.20269080030698
       1.00000000000000
 171 173 -1
obdef
loc3d
        4.95423295419494              0.68033176843505              3.71636104583740     -1
kind
     27     
    81000          153599     
        6.25000000000000  
 OBS            173
     307.02472310925492
     306.16786519231403
       1.00000000000000
 172 174 -1
obdef
loc3d
        4.94926894458696              0.66642585587446             10.91526031494141     -1
kind
     27     
    81000          153599     
        6.25000000000000  
 OBS            174
     307.36200609791831
     306.53083747506798
       1.00000000000000
 173 175 -1
obdef
loc3d
        4.96223480186848              0.66700036066835              5.00000000000000     -1
kind
     27     
    81000          153599     
        6.25000000000000  
 OBS            175
     307.05262606988498
     307.10999757735902
       1.00000000000000
 174 176 -1
obdef
loc3d
        4.95546148971009              0.67729393735082              6.17724800109863     -1
kind
     27     
    81000          153599     
        6.25000000000000  
 OBS            176
     305.31655288603014
     305.74219165681399
       1.00000000000000
 175 177 -1
obdef
loc3d
        4.92652723985629              0.69051382381431            146.04148864746091     -1
kind
     27     
    81000          153599     
        6.25000000000000  
 OBS            177
     303.77728612128845
     305.00326931904999
       1.00000000000000
 176 178 -1
obdef
loc3d
        4.96366005344362              0.66920346185787              6.00000000000000     -1
kind
     27     
    81000          153599     
        6.25000000000000  
 OBS            178
     301.60271739580344
     301.71920826056800
       1.00000000000000
 177 179 -1
obdef
loc3d
        4.97052949833720              0.66907739847133              8.84140872955322     -1
kind
     27     
    81000          153599     
        6.25000000000000  
 OBS            179
     299.08420418463425
     300.28530134884102
       1.00000000000000
 178 180 -1
obdef
loc3d
        4.93505853489354              0.69035668900909            163.38452148437500     -1
kind
     27     
    81000          153599     
        6.25000000000000  
 OBS            180
     303.62894058956988
     303.17629094108298
       1.00000000000000
 179 181 -1
obdef
loc3d
        4.93979773523841              0.67259214116167             45.00000000000000     -1
kind
     27     
    81000          153599     
        6.25000000000000  
 OBS            181
     304.06425020110311
     302.43048318009602
       1.00000000000000
 180 182 -1
obdef
loc3d
        4.92901815402419              0.68818595396932            126.56063842773440     -1
kind
     27     
    81000          153599     
        6.25000000000000  
 OBS            182
     302.57940940215155
     302.64098765489803
       1.00000000000000
 181 183 -1
obdef
loc3d
        4.92864050752959              0.68988490592333            360.09008789062500     -1
kind
     27     
    81000          153599     
        6.25000000000000  
 OBS            183
     306.66068224929131
     307.10849611817201
       1.00000000000000
 182 184 -1
obdef
loc3d
        4.94071794293451              0.68880476183725            173.77728271484381     -1
kind
     27     
    81000          153599     
        6.25000000000000  
 OBS            184
     305.66492406838222
     306.10537345684003
       1.00000000000000
 183 185 -1
obdef
loc3d
        4.94475069255349              0.67936922784321             17.10044860839844     -1
kind
     27     
    81000          153599     
        6.25000000000000  
 OBS            185
     299.57780896479881
     299.91998294061000
       1.00000000000000
 184 186 -1
obdef
loc3d
        4.93040524362615              0.68956958577383            472.38653564453119     -1
kind
     27     
    81000          153599     
        6.25000000000000  
 OBS            186
     302.71190411133585
     303.02333405156497
       1.00000000000000
 185 187 -1
obdef
loc3d
        4.93438788521233              0.68743777381223            157.39462280273440     -1
kind
     27     
    81000          153599     
        6.25000000000000  
 OBS            187
     301.58085279032326
     301.56908766924698
       1.00000000000000
 186 188 -1
obdef
loc3d
        4.93003537520636              0.69083454089469            382.75677490234381     -1
kind
     27     
    81000          153599     
        6.25000000000000  
 OBS            188
     306.81965328985518
     307.15391451443600
       1.00000000000000
 187 189 -1
obdef
loc3d
        4.94262489165251              0.68702513034102            130.29710388183591     -1
kind
     27     
    81000          153599     
        6.25000000000000  
 OBS            189
     305.94537487096636
     306.54767179048901
       1.00000000000000
 188 190 -1
obdef
loc3d
        4.93100113789334              0.68653549583784             94.66114807128906     -1
kind
     27     
    81000          153599     
        6.25000000000000  
 OBS            190
     308.21581768200122
     307.53350135437699
       1.00000000000000
 189 191 -1
obdef
loc3d
        4.94000002935902              0.67612888350011             59.69976806640625     -1
kind
     27     
    81000          153599     
        6.25000000000000  
 OBS            191
     305.90188701054387
     306.04322489907798
       1.00000000000000
 190 192 -1
obdef
loc3d
        4.94231604692662              0.69077376274482            190.83442687988281     -1
kind
     27     
    81000          153599     
        6.25000000000000  
 OBS            192
     304.53799183913242
     306.47154335085702
       1.00000000000000
 191 193 -1
obdef
loc3d
        4.93554247635603              0.69268257167582            131.09960937500000     -1
kind
     27     
    81000          153599     
        6.25000000000000  
 OBS            193
     306.95154172340023
     306.12341167818698
       1.00000000000000
 192 194 -1
obdef
loc3d
        4.94069913477896              0.68279864123905            131.77731323242190     -1
kind
     27     
    81000          153599     
        6.25000000000000  
 OBS            194
     307.48673281361351
     307.54011283124498
       1.00000000000000
 193 195 -1
obdef
loc3d
        4.94367854378329              0.67420565331297             56.55799865722656     -1
kind
     27     
    81000          153599     
        6.25000000000000  
 OBS            195
     304.28485291308857
     303.80240229709898
       1.00000000000000
 194 196 -1
obdef
loc3d
        4.93814984943932              0.67457436016830             39.55386734008789     -1
kind
     27     
    81000          153599     
        6.25000000000000  
 OBS            196
     303.37815361514026
     305.48889375873199
       1.00000000000000
 195 197 -1
obdef
loc3d
        4.94253566982520              0.68065092526894             48.56933593750000     -1
kind
     27     
    81000          153599     
        6.25000000000000  
 OBS            197
     304.85979942095895
     304.88269581591402
       1.00000000000000
 196 198 -1
obdef
loc3d
        4.93593154408741              0.68080949477360             85.35743713378906     -1
kind
     27     
    81000          153599     
        6.25000000000000  
 OBS            198
     305.37080692360240
     304.27290181934802
       1.00000000000000
 197 199 -1
obdef
loc3d
        4.94758068519446              0.69282395273635            179.51908874511719     -1
kind
     27     
    81000          153599     
        6.25000000000000  
 OBS            199
     300.71902044066331
     301.01013398425198
       1.00000000000000
 198 200 -1
obdef
loc3d
        4.93541634697774              0.67261831698898             21.54207611083984     -1
kind
     27     
    81000          153599     
        6.25000000000000  
 OBS            200
     305.59972764638991
     304.56417232409399
       1.00000000000000
 199 201 -1
obdef
loc3d
        4.93342752395137              0.68533697059699            120.48287200927730     -1
kind
     27     
    81000          153599     
        6.25000000000000  
 OBS            201
     300.11714955857019
     302.06532702724098
       1.00000000000000
 200 202 -1
obdef
loc3d
        4.92811551620144              0.69141391763145            189.00242614746091     -1
kind
     27     
    81000          153599     
        6.25000000000000  
 OBS            202
     308.31118996778042
     308.14977162153502
       1.00000000000000
 201 203 -1
obdef
loc3d
        4.94328780634786              0.67761918906629             21.61136627197266     -1
kind
     27     
    81000          153599     
        6.25000000000000  
 OBS            203
     303.88989189298201
     305.03851410772899
       1.00000000000000
 202 204 -1
obdef
loc3d
        4.93617130041664              0.68578341426755            199.41349792480469     -1
kind
     27     
    81000          153599     
        6.25000000000000  
 OBS            204
     304.46275743621527
     305.57290900924102
       1.00000000000000
 203 205 -1
obdef
loc3d
        4.94488890698391              0.68151038983677             42.34177017211914     -1
kind
     27     
    81000          153599     
        6.25000000000000  
 OBS            205
     306.71255914911285
     307.11371029455103
       1.00000000000000
 204 206 -1
obdef
loc3d
        4.94610769319308              0.67540343249948             44.88281250000000     -1
kind
     27     
    81000          153599     
        6.25000000000000  
 OBS            206
     300.81517202255145
     299.67981196826298
       1.00000000000000
 205 207 -1
obdef
loc3d
        4.93098289428918              0.69278368564599            411.59194946289062     -1
kind
     27     
    81000          153599     
        6.25000000000000  
 OBS            207
     299.91161368728643
     301.91911886430302
       1.00000000000000
 206 208 -1
obdef
loc3d
        4.93746284305807              0.67295620864423             44.45593643188477     -1
kind
     27     
    81000          153599     
        6.25000000000000  
 OBS            208
     304.51489014194635
     306.16651729961501
       1.00000000000000
 207 209 -1
obdef
loc3d
        4.93742549337872              0.68866580079864            241.84100341796881     -1
kind
     27     
    81000          153599     
        6.25000000000000  
 OBS            209
     307.65351110030076
     306.66024168742200
       1.00000000000000
 208 210 -1
obdef
loc3d
        4.94310367286119              0.67063823067780             37.30942153930664     -1
kind
     27     
    81000          153599     
        6.25000000000000  
 OBS            210
     303.09553788409369
     303.64040665307198
       1.00000000000000
 209 211 -1
obdef
loc3d
        4.94312354358950              0.69286317278749            201.84664916992190     -1
kind
     27     
    81000          153599     
        6.25000000000000  
 OBS            211
     301.63958650960649
     300.89477233469103
       1.00000000000000
 210 212 -1
obdef
loc3d
        4.93202293942753              0.69056809921756            124.38476562500000     -1
kind
     27     
    81000          153599     
        6.25000000000000  
 OBS            212
     302.84539013485056
     304.24547476283999
       1.00000000000000
 211 213 -1
obdef
loc3d
        4.93852899085493              0.69282303339671            210.85327148437500     -1
kind
     27     
    81000          153599     
        6.25000000000000  
 OBS            213
     305.52424414957403
     306.72796765142198
       1.00000000000000
 212 214 -1
obdef
loc3d
        4.93925110381924              0.68654477021234            169.40324401855469     -1
kind
     27     
    81000          153599     
        6.25000000000000  
 OBS            214
     306.83412579423151
     306.51186140277900
       1.00000000000000
 213 215 -1
obdef
loc3d
        4.94561300163474              0.69021407942450            101.67103576660161     -1
kind
     27     
    81000          153599     
        6.25000000000000  
 OBS            215
     305.66692372016792
     306.61889324410402
       1.00000000000000
 214 216 -1
obdef
loc3d
        4.94677761419795              0.66921213830349             30.00000000000000     -1
kind
     27     
    81000          153599     
        6.25000000000000  
 OBS            216
     301.21305941272936
     300.19893912789502
       1.00000000000000
 215 217 -1
obdef
loc3d
        4.91464000802058              0.69220313236118            256.98049926757812     -1
kind
     27     
    81000          153599     
        6.25000000000000  
 OBS            217
     299.64250327523609
     299.48207206009499
       1.00000000000000
 216 218 -1
obdef
loc3d
        4.91222840493483              0.69213090540308            311.66015625000000     -1
kind
     27     
    81000          153599     
        6.25000000000000  
 OBS            218
     296.87357405260417
     295.87837142243700
       1.00000000000000
 217 219 -1
obdef
loc3d
        4.90319820253832              0.69077085029214            558.21520996093750     -1
kind
     27     
    81000          153599     
        6.25000000000000  
 OBS            219
     299.09376525360005
     298.58590790475603
       1.00000000000000
 218 220 -1
obdef
loc3d
        4.90548367400941              0.68961427180382            340.45385742187500     -1
kind
     27     
    81000          153599     
        6.25000000000000  
 OBS            220
     295.52431554832680
     296.36069954936698
       1.00000000000000
 219 221 -1
obdef
loc3d
        4.90182808691748              0.69286665451088            711.58941650390625     -1
kind
     27     
    81000          153599     
        6.25000000000000  
 OBS            221
     305.34755887050119
     305.10734958106400
       1.00000000000000
 220 222 -1
obdef
loc3d
        4.92199514385413              0.69211089395115            185.84292602539060     -1
kind
     27     
    81000          153599     
        6.25000000000000  
 OBS            222
     300.68583729968776
     300.76702053316899
       1.00000000000000
 221 223 -1
obdef
loc3d
        4.91709198426003              0.69266703903771            205.88345336914060     -1
kind
     27     
    81000          153599     
        6.25000000000000  
 OBS            223
     299.88781466669303
     300.79606455788797
       1.00000000000000
 222 224 -1
obdef
loc3d
        4.91305125126208              0.69031483822850            320.48217773437500     -1
kind
     27     
    81000          153599     
        6.25000000000000  
 OBS            224
     299.59806474275268
     299.29641876531400
       1.00000000000000
 223 225 -1
obdef
loc3d
        4.90918301095293              0.69233086407935            229.95614624023440     -1
kind
     27     
    81000          153599     
        6.25000000000000  
 OBS            225
     297.14347560704380
     295.44782022812598
       1.00000000000000
 224 -1 -1
obdef
loc3d
        4.90002894620424              0.69031812013417            840.25653076171875     -1
kind
     27     
    81000          153599     
        6.25000000000000  
