 obs_sequence
obs_kind_definitions
       3
    25          LAND_SFC_U_WIND_COMPONENT   
    26          LAND_SFC_V_WIND_COMPONENT   
    27          LAND_SFC_TEMPERATURE   
  num_copies:            2  num_qc:            1
 num_obs:       225  max_num_obs:       225
observations
truth
QC radar
  first:            1  last:       225
 OBS            1
       4.71127966310488
       3.24955617252793
       1.00000000000000
 -1 2 -1
obdef
loc3d
        4.90540352515539              0.69194112440599            606.33142089843750     -1
kind
     25     
    62100          153599     
       12.25000000000000  
 OBS            2
      -1.08203259596167
      -2.12369446492279
       1.00000000000000
 1 3 -1
obdef
loc3d
        4.94546412681761              0.68348353984884             17.75631332397461     -1
kind
     25     
    62100          153599     
       12.25000000000000  
 OBS            3
       2.53031085612963
       1.25427213467849
       1.00000000000000
 2 4 -1
obdef
loc3d
        4.94660974174000              0.67744857875853             29.35406684875488     -1
kind
     25     
    62100          153599     
       12.25000000000000  
 OBS            4
       2.79384477678501
      -1.13616381231631
       1.00000000000000
 3 5 -1
obdef
loc3d
        4.94648126630843              0.68652865419204             54.82812500000000     -1
kind
     25     
    62100          153599     
       12.25000000000000  
 OBS            5
      -3.12749935587552
      -2.20414354204442
       1.00000000000000
 4 6 -1
obdef
loc3d
        4.94445426011379              0.68507566758975             62.61011505126953     -1
kind
     25     
    62100          153599     
       12.25000000000000  
 OBS            6
       5.14208326180946
       0.71375989908231
       1.00000000000000
 5 7 -1
obdef
loc3d
        4.94602055174578              0.68752162087271            134.15721130371091     -1
kind
     25     
    62100          153599     
       12.25000000000000  
 OBS            7
       6.93918680472318
       2.86425532030292
       1.00000000000000
 6 8 -1
obdef
loc3d
        4.94603912728501              0.67254511985829             35.00297546386719     -1
kind
     25     
    62100          153599     
       12.25000000000000  
 OBS            8
       7.36611552576275
       3.39167407331172
       1.00000000000000
 7 9 -1
obdef
loc3d
        4.95877904994953              0.67986585977255             17.04111671447754     -1
kind
     25     
    62100          153599     
       12.25000000000000  
 OBS            9
       3.22310302251123
       3.57006286695665
       1.00000000000000
 8 10 -1
obdef
loc3d
        4.93958042817759              0.69095160998657            226.13127136230469     -1
kind
     25     
    62100          153599     
       12.25000000000000  
 OBS            10
       8.00544208890271
       2.66677745876549
       1.00000000000000
 9 11 -1
obdef
loc3d
        4.95756313665553              0.69181797222864             89.84997558593750     -1
kind
     25     
    62100          153599     
       12.25000000000000  
 OBS            11
       3.65064259844109
       1.75670224740899
       1.00000000000000
 10 12 -1
obdef
loc3d
        4.94078657111844              0.67409210989409             60.81152343750000     -1
kind
     25     
    62100          153599     
       12.25000000000000  
 OBS            12
       2.42235976794709
       2.25060157286342
       1.00000000000000
 11 13 -1
obdef
loc3d
        4.95557846691255              0.67267262139613              1.00000000000000     -1
kind
     25     
    62100          153599     
       12.25000000000000  
 OBS            13
      -1.05354183228212
       1.53524255291992
       1.00000000000000
 12 14 -1
obdef
loc3d
        4.93193348448080              0.68856418981073            106.00000000000000     -1
kind
     25     
    62100          153599     
       12.25000000000000  
 OBS            14
       0.65840891856221
       3.08422133754566
       1.00000000000000
 13 15 -1
obdef
loc3d
        4.89970838141578              0.68765245249877            785.09423828125000     -1
kind
     25     
    62100          153599     
       12.25000000000000  
 OBS            15
       1.13454947333826
      -0.47569566990824
       1.00000000000000
 14 16 -1
obdef
loc3d
        4.95026814558372              0.68993059237416             93.11567687988281     -1
kind
     25     
    62100          153599     
       12.25000000000000  
 OBS            16
       0.16686620653934
       1.62034064657857
       1.00000000000000
 15 17 -1
obdef
loc3d
        4.94174512165160              0.68484635226999            116.56585693359381     -1
kind
     25     
    62100          153599     
       12.25000000000000  
 OBS            17
       6.32203019774398
       1.58353950967028
       1.00000000000000
 16 18 -1
obdef
loc3d
        4.95420735021482              0.68473663912788             15.00000000000000     -1
kind
     25     
    62100          153599     
       12.25000000000000  
 OBS            18
       1.87564201380365
       2.21086888713023
       1.00000000000000
 17 19 -1
obdef
loc3d
        4.93477042118681              0.68310638816012            118.89588928222661     -1
kind
     25     
    62100          153599     
       12.25000000000000  
 OBS            19
       2.25315795420931
       0.73494132419732
       1.00000000000000
 18 20 -1
obdef
loc3d
        4.93795631029682              0.68276407673392            144.94107055664060     -1
kind
     25     
    62100          153599     
       12.25000000000000  
 OBS            20
       0.40263324590420
       3.03558273737062
       1.00000000000000
 19 21 -1
obdef
loc3d
        4.94001671685736              0.68064929967652             43.67281723022461     -1
kind
     25     
    62100          153599     
       12.25000000000000  
 OBS            21
       7.74423669306146
       3.44355535751043
       1.00000000000000
 20 22 -1
obdef
loc3d
        4.94058460161740              0.67807181314514             70.17810058593750     -1
kind
     25     
    62100          153599     
       12.25000000000000  
 OBS            22
       7.58720170633231
       3.50644139536886
       1.00000000000000
 21 23 -1
obdef
loc3d
        4.95423295419494              0.68033176843505              3.71636104583740     -1
kind
     25     
    62100          153599     
       12.25000000000000  
 OBS            23
       2.55865938588619
       1.56143007052484
       1.00000000000000
 22 24 -1
obdef
loc3d
        4.94926894458696              0.66642585587446             10.91526031494141     -1
kind
     25     
    62100          153599     
       12.25000000000000  
 OBS            24
       5.49460935152390
       3.63538616363309
       1.00000000000000
 23 25 -1
obdef
loc3d
        4.96223480186848              0.66700036066835              5.00000000000000     -1
kind
     25     
    62100          153599     
       12.25000000000000  
 OBS            25
       5.40949401849682
       3.54542193133377
       1.00000000000000
 24 26 -1
obdef
loc3d
        4.95546148971009              0.67729393735082              6.17724800109863     -1
kind
     25     
    62100          153599     
       12.25000000000000  
 OBS            26
      -4.13806271348647
       1.90710025429144
       1.00000000000000
 25 27 -1
obdef
loc3d
        4.92652723985629              0.69051382381431            146.04148864746091     -1
kind
     25     
    62100          153599     
       12.25000000000000  
 OBS            27
       3.18850279717450
       2.97092745173240
       1.00000000000000
 26 28 -1
obdef
loc3d
        4.96366005344362              0.66920346185787              6.00000000000000     -1
kind
     25     
    62100          153599     
       12.25000000000000  
 OBS            28
       3.76723673211199
       0.15230351845590
       1.00000000000000
 27 29 -1
obdef
loc3d
        4.97052949833720              0.66907739847133              8.84140872955322     -1
kind
     25     
    62100          153599     
       12.25000000000000  
 OBS            29
      -1.01598429778473
       2.12547311227926
       1.00000000000000
 28 30 -1
obdef
loc3d
        4.93505853489354              0.69035668900909            163.38452148437500     -1
kind
     25     
    62100          153599     
       12.25000000000000  
 OBS            30
      -0.62296052954512
       1.34522435621771
       1.00000000000000
 29 31 -1
obdef
loc3d
        4.93979773523841              0.67259214116167             45.00000000000000     -1
kind
     25     
    62100          153599     
       12.25000000000000  
 OBS            31
      -7.77370328835346
       1.18079120146101
       1.00000000000000
 30 32 -1
obdef
loc3d
        4.92901815402419              0.68818595396932            126.56063842773440     -1
kind
     25     
    62100          153599     
       12.25000000000000  
 OBS            32
       2.67966426834747
       2.39079249192341
       1.00000000000000
 31 33 -1
obdef
loc3d
        4.92864050752959              0.68988490592333            360.09008789062500     -1
kind
     25     
    62100          153599     
       12.25000000000000  
 OBS            33
       0.92905846198179
       2.98298170742991
       1.00000000000000
 32 34 -1
obdef
loc3d
        4.94071794293451              0.68880476183725            173.77728271484381     -1
kind
     25     
    62100          153599     
       12.25000000000000  
 OBS            34
      -3.92232932123515
      -3.40457499931834
       1.00000000000000
 33 35 -1
obdef
loc3d
        4.94475069255349              0.67936922784321             17.10044860839844     -1
kind
     25     
    62100          153599     
       12.25000000000000  
 OBS            35
       7.31569849526428
       2.54115596268468
       1.00000000000000
 34 36 -1
obdef
loc3d
        4.93040524362615              0.68956958577383            472.38653564453119     -1
kind
     25     
    62100          153599     
       12.25000000000000  
 OBS            36
       3.99802171892232
       1.85315073941453
       1.00000000000000
 35 37 -1
obdef
loc3d
        4.93438788521233              0.68743777381223            157.39462280273440     -1
kind
     25     
    62100          153599     
       12.25000000000000  
 OBS            37
       5.30062137051885
       2.42552014538604
       1.00000000000000
 36 38 -1
obdef
loc3d
        4.93003537520636              0.69083454089469            382.75677490234381     -1
kind
     25     
    62100          153599     
       12.25000000000000  
 OBS            38
       2.65553698829437
       2.52585754508465
       1.00000000000000
 37 39 -1
obdef
loc3d
        4.94262489165251              0.68702513034102            130.29710388183591     -1
kind
     25     
    62100          153599     
       12.25000000000000  
 OBS            39
      -0.29017630975240
       0.37605353989036
       1.00000000000000
 38 40 -1
obdef
loc3d
        4.93100113789334              0.68653549583784             94.66114807128906     -1
kind
     25     
    62100          153599     
       12.25000000000000  
 OBS            40
      -0.45976286348227
       2.58150653747481
       1.00000000000000
 39 41 -1
obdef
loc3d
        4.94000002935902              0.67612888350011             59.69976806640625     -1
kind
     25     
    62100          153599     
       12.25000000000000  
 OBS            41
       1.28350429314931
       3.43415448528205
       1.00000000000000
 40 42 -1
obdef
loc3d
        4.94231604692662              0.69077376274482            190.83442687988281     -1
kind
     25     
    62100          153599     
       12.25000000000000  
 OBS            42
       1.30172663422325
       1.71812906099816
       1.00000000000000
 41 43 -1
obdef
loc3d
        4.93554247635603              0.69268257167582            131.09960937500000     -1
kind
     25     
    62100          153599     
       12.25000000000000  
 OBS            43
      -1.09432586804354
       2.80795349365437
       1.00000000000000
 42 44 -1
obdef
loc3d
        4.94069913477896              0.68279864123905            131.77731323242190     -1
kind
     25     
    62100          153599     
       12.25000000000000  
 OBS            44
       1.73994802312715
       2.19623858373206
       1.00000000000000
 43 45 -1
obdef
loc3d
        4.94367854378329              0.67420565331297             56.55799865722656     -1
kind
     25     
    62100          153599     
       12.25000000000000  
 OBS            45
       2.16413225128554
       2.80501686027608
       1.00000000000000
 44 46 -1
obdef
loc3d
        4.93814984943932              0.67457436016830             39.55386734008789     -1
kind
     25     
    62100          153599     
       12.25000000000000  
 OBS            46
       4.72844789038932
       2.11531516156728
       1.00000000000000
 45 47 -1
obdef
loc3d
        4.94253566982520              0.68065092526894             48.56933593750000     -1
kind
     25     
    62100          153599     
       12.25000000000000  
 OBS            47
       6.83873677457584
       0.74333630655816
       1.00000000000000
 46 48 -1
obdef
loc3d
        4.93593154408741              0.68080949477360             85.35743713378906     -1
kind
     25     
    62100          153599     
       12.25000000000000  
 OBS            48
      -2.34074153734030
       0.25140273122363
       1.00000000000000
 47 49 -1
obdef
loc3d
        4.94758068519446              0.69282395273635            179.51908874511719     -1
kind
     25     
    62100          153599     
       12.25000000000000  
 OBS            49
       4.47416401122279
       1.78631240756459
       1.00000000000000
 48 50 -1
obdef
loc3d
        4.93541634697774              0.67261831698898             21.54207611083984     -1
kind
     25     
    62100          153599     
       12.25000000000000  
 OBS            50
       8.96836461379374
       1.67142443483625
       1.00000000000000
 49 51 -1
obdef
loc3d
        4.93342752395137              0.68533697059699            120.48287200927730     -1
kind
     25     
    62100          153599     
       12.25000000000000  
 OBS            51
       3.74804544715876
       1.61583090951640
       1.00000000000000
 50 52 -1
obdef
loc3d
        4.92811551620144              0.69141391763145            189.00242614746091     -1
kind
     25     
    62100          153599     
       12.25000000000000  
 OBS            52
       0.39777237639491
       1.71699733996500
       1.00000000000000
 51 53 -1
obdef
loc3d
        4.94328780634786              0.67761918906629             21.61136627197266     -1
kind
     25     
    62100          153599     
       12.25000000000000  
 OBS            53
       3.52986712596721
       2.95104270731978
       1.00000000000000
 52 54 -1
obdef
loc3d
        4.93617130041664              0.68578341426755            199.41349792480469     -1
kind
     25     
    62100          153599     
       12.25000000000000  
 OBS            54
      -5.54347670267026
      -5.79902677638731
       1.00000000000000
 53 55 -1
obdef
loc3d
        4.94488890698391              0.68151038983677             42.34177017211914     -1
kind
     25     
    62100          153599     
       12.25000000000000  
 OBS            55
      -1.39200060656573
       1.98678121143281
       1.00000000000000
 54 56 -1
obdef
loc3d
        4.94610769319308              0.67540343249948             44.88281250000000     -1
kind
     25     
    62100          153599     
       12.25000000000000  
 OBS            56
      -1.09704753543811
       2.83171532273997
       1.00000000000000
 55 57 -1
obdef
loc3d
        4.93098289428918              0.69278368564599            411.59194946289062     -1
kind
     25     
    62100          153599     
       12.25000000000000  
 OBS            57
       1.55790498553592
       1.99553785485675
       1.00000000000000
 56 58 -1
obdef
loc3d
        4.93746284305807              0.67295620864423             44.45593643188477     -1
kind
     25     
    62100          153599     
       12.25000000000000  
 OBS            58
       3.51875494918441
       2.96607555409947
       1.00000000000000
 57 59 -1
obdef
loc3d
        4.93742549337872              0.68866580079864            241.84100341796881     -1
kind
     25     
    62100          153599     
       12.25000000000000  
 OBS            59
       9.82968294914222
       1.82252670871832
       1.00000000000000
 58 60 -1
obdef
loc3d
        4.94310367286119              0.67063823067780             37.30942153930664     -1
kind
     25     
    62100          153599     
       12.25000000000000  
 OBS            60
       9.16857377432752
       3.34097148239306
       1.00000000000000
 59 61 -1
obdef
loc3d
        4.94312354358950              0.69286317278749            201.84664916992190     -1
kind
     25     
    62100          153599     
       12.25000000000000  
 OBS            61
       3.38061303572608
       2.61423846822520
       1.00000000000000
 60 62 -1
obdef
loc3d
        4.93202293942753              0.69056809921756            124.38476562500000     -1
kind
     25     
    62100          153599     
       12.25000000000000  
 OBS            62
       7.66150442448545
       3.07647768941333
       1.00000000000000
 61 63 -1
obdef
loc3d
        4.93852899085493              0.69282303339671            210.85327148437500     -1
kind
     25     
    62100          153599     
       12.25000000000000  
 OBS            63
       3.59899676469394
       2.86163147463259
       1.00000000000000
 62 64 -1
obdef
loc3d
        4.93925110381924              0.68654477021234            169.40324401855469     -1
kind
     25     
    62100          153599     
       12.25000000000000  
 OBS            64
       1.03950697068831
      -2.79545340650606
       1.00000000000000
 63 65 -1
obdef
loc3d
        4.94561300163474              0.69021407942450            101.67103576660161     -1
kind
     25     
    62100          153599     
       12.25000000000000  
 OBS            65
       1.82303519467832
       2.18234191774764
       1.00000000000000
 64 66 -1
obdef
loc3d
        4.94677761419795              0.66921213830349             30.00000000000000     -1
kind
     25     
    62100          153599     
       12.25000000000000  
 OBS            66
       0.87435729046473
       0.92832612553980
       1.00000000000000
 65 67 -1
obdef
loc3d
        4.91464000802058              0.69220313236118            256.98049926757812     -1
kind
     25     
    62100          153599     
       12.25000000000000  
 OBS            67
       8.41773657676860
       1.78792752901039
       1.00000000000000
 66 68 -1
obdef
loc3d
        4.91222840493483              0.69213090540308            311.66015625000000     -1
kind
     25     
    62100          153599     
       12.25000000000000  
 OBS            68
       4.75154593522746
       4.82504296443871
       1.00000000000000
 67 69 -1
obdef
loc3d
        4.90319820253832              0.69077085029214            558.21520996093750     -1
kind
     25     
    62100          153599     
       12.25000000000000  
 OBS            69
      -2.90534655583999
       1.39279154941860
       1.00000000000000
 68 70 -1
obdef
loc3d
        4.90548367400941              0.68961427180382            340.45385742187500     -1
kind
     25     
    62100          153599     
       12.25000000000000  
 OBS            70
       6.88763120561289
       4.30507568170560
       1.00000000000000
 69 71 -1
obdef
loc3d
        4.90182808691748              0.69286665451088            711.58941650390625     -1
kind
     25     
    62100          153599     
       12.25000000000000  
 OBS            71
       0.62080996549270
       1.71045022882301
       1.00000000000000
 70 72 -1
obdef
loc3d
        4.92199514385413              0.69211089395115            185.84292602539060     -1
kind
     25     
    62100          153599     
       12.25000000000000  
 OBS            72
      -3.24379893336801
       0.90954221281174
       1.00000000000000
 71 73 -1
obdef
loc3d
        4.91709198426003              0.69266703903771            205.88345336914060     -1
kind
     25     
    62100          153599     
       12.25000000000000  
 OBS            73
       6.76041865618722
       2.14649555426631
       1.00000000000000
 72 74 -1
obdef
loc3d
        4.91305125126208              0.69031483822850            320.48217773437500     -1
kind
     25     
    62100          153599     
       12.25000000000000  
 OBS            74
       1.45339122471915
       0.79436405801189
       1.00000000000000
 73 75 -1
obdef
loc3d
        4.90918301095293              0.69233086407935            229.95614624023440     -1
kind
     25     
    62100          153599     
       12.25000000000000  
 OBS            75
       4.56313562603855
       3.70387536404994
       1.00000000000000
 74 76 -1
obdef
loc3d
        4.90002894620424              0.69031812013417            840.25653076171875     -1
kind
     25     
    62100          153599     
       12.25000000000000  
 OBS            76
       5.26301492218137
       3.70979940336555
       1.00000000000000
 75 77 -1
obdef
loc3d
        4.90540352515539              0.69194112440599            606.33142089843750     -1
kind
     26     
    62100          153599     
       12.25000000000000  
 OBS            77
      10.32688651902651
       4.66801241589273
       1.00000000000000
 76 78 -1
obdef
loc3d
        4.94546412681761              0.68348353984884             17.75631332397461     -1
kind
     26     
    62100          153599     
       12.25000000000000  
 OBS            78
       7.03860226419759
       5.41390930589372
       1.00000000000000
 77 79 -1
obdef
loc3d
        4.94660974174000              0.67744857875853             29.35406684875488     -1
kind
     26     
    62100          153599     
       12.25000000000000  
 OBS            79
       2.16046785584192
       5.39724767284339
       1.00000000000000
 78 80 -1
obdef
loc3d
        4.94648126630843              0.68652865419204             54.82812500000000     -1
kind
     26     
    62100          153599     
       12.25000000000000  
 OBS            80
       4.25803041023330
       6.77603328864673
       1.00000000000000
 79 81 -1
obdef
loc3d
        4.94445426011379              0.68507566758975             62.61011505126953     -1
kind
     26     
    62100          153599     
       12.25000000000000  
 OBS            81
      15.75101505385134
       4.57225218645031
       1.00000000000000
 80 82 -1
obdef
loc3d
        4.94602055174578              0.68752162087271            134.15721130371091     -1
kind
     26     
    62100          153599     
       12.25000000000000  
 OBS            82
       2.91854936240610
       4.58720303560934
       1.00000000000000
 81 83 -1
obdef
loc3d
        4.94603912728501              0.67254511985829             35.00297546386719     -1
kind
     26     
    62100          153599     
       12.25000000000000  
 OBS            83
       6.16759537898971
       5.01538069873987
       1.00000000000000
 82 84 -1
obdef
loc3d
        4.95877904994953              0.67986585977255             17.04111671447754     -1
kind
     26     
    62100          153599     
       12.25000000000000  
 OBS            84
       5.02505193960264
       2.83483879359695
       1.00000000000000
 83 85 -1
obdef
loc3d
        4.93958042817759              0.69095160998657            226.13127136230469     -1
kind
     26     
    62100          153599     
       12.25000000000000  
 OBS            85
       7.46680550166531
       4.70683776683225
       1.00000000000000
 84 86 -1
obdef
loc3d
        4.95756313665553              0.69181797222864             89.84997558593750     -1
kind
     26     
    62100          153599     
       12.25000000000000  
 OBS            86
       2.31612482490979
       4.73453203605121
       1.00000000000000
 85 87 -1
obdef
loc3d
        4.94078657111844              0.67409210989409             60.81152343750000     -1
kind
     26     
    62100          153599     
       12.25000000000000  
 OBS            87
       6.81796049771790
       5.37575881107351
       1.00000000000000
 86 88 -1
obdef
loc3d
        4.95557846691255              0.67267262139613              1.00000000000000     -1
kind
     26     
    62100          153599     
       12.25000000000000  
 OBS            88
       4.42382451521688
       2.77457992005980
       1.00000000000000
 87 89 -1
obdef
loc3d
        4.93193348448080              0.68856418981073            106.00000000000000     -1
kind
     26     
    62100          153599     
       12.25000000000000  
 OBS            89
       6.09564200408563
       3.68045124167811
       1.00000000000000
 88 90 -1
obdef
loc3d
        4.89970838141578              0.68765245249877            785.09423828125000     -1
kind
     26     
    62100          153599     
       12.25000000000000  
 OBS            90
       7.50568285404112
       5.01205928744005
       1.00000000000000
 89 91 -1
obdef
loc3d
        4.95026814558372              0.68993059237416             93.11567687988281     -1
kind
     26     
    62100          153599     
       12.25000000000000  
 OBS            91
       2.63701068552047
       4.66382164926137
       1.00000000000000
 90 92 -1
obdef
loc3d
        4.94174512165160              0.68484635226999            116.56585693359381     -1
kind
     26     
    62100          153599     
       12.25000000000000  
 OBS            92
       9.61473470171642
       5.65440614409665
       1.00000000000000
 91 93 -1
obdef
loc3d
        4.95420735021482              0.68473663912788             15.00000000000000     -1
kind
     26     
    62100          153599     
       12.25000000000000  
 OBS            93
       8.40675957811698
       3.20659011872107
       1.00000000000000
 92 94 -1
obdef
loc3d
        4.93477042118681              0.68310638816012            118.89588928222661     -1
kind
     26     
    62100          153599     
       12.25000000000000  
 OBS            94
       6.12938098799904
       4.70585487437594
       1.00000000000000
 93 95 -1
obdef
loc3d
        4.93795631029682              0.68276407673392            144.94107055664060     -1
kind
     26     
    62100          153599     
       12.25000000000000  
 OBS            95
       6.67836815488575
       2.85924442217801
       1.00000000000000
 94 96 -1
obdef
loc3d
        4.94001671685736              0.68064929967652             43.67281723022461     -1
kind
     26     
    62100          153599     
       12.25000000000000  
 OBS            96
      -1.03248198873143
       3.20820706623655
       1.00000000000000
 95 97 -1
obdef
loc3d
        4.94058460161740              0.67807181314514             70.17810058593750     -1
kind
     26     
    62100          153599     
       12.25000000000000  
 OBS            97
       1.67958898512846
       4.80770621517929
       1.00000000000000
 96 98 -1
obdef
loc3d
        4.95423295419494              0.68033176843505              3.71636104583740     -1
kind
     26     
    62100          153599     
       12.25000000000000  
 OBS            98
       5.87628049153716
       4.18208057440428
       1.00000000000000
 97 99 -1
obdef
loc3d
        4.94926894458696              0.66642585587446             10.91526031494141     -1
kind
     26     
    62100          153599     
       12.25000000000000  
 OBS            99
       5.66560877547412
       4.40960839303123
       1.00000000000000
 98 100 -1
obdef
loc3d
        4.96223480186848              0.66700036066835              5.00000000000000     -1
kind
     26     
    62100          153599     
       12.25000000000000  
 OBS            100
       4.04987113163559
       4.64804121791340
       1.00000000000000
 99 101 -1
obdef
loc3d
        4.95546148971009              0.67729393735082              6.17724800109863     -1
kind
     26     
    62100          153599     
       12.25000000000000  
 OBS            101
      -1.13237072460017
       2.87292926193723
       1.00000000000000
 100 102 -1
obdef
loc3d
        4.92652723985629              0.69051382381431            146.04148864746091     -1
kind
     26     
    62100          153599     
       12.25000000000000  
 OBS            102
       3.65213438765520
       3.65434076926489
       1.00000000000000
 101 103 -1
obdef
loc3d
        4.96366005344362              0.66920346185787              6.00000000000000     -1
kind
     26     
    62100          153599     
       12.25000000000000  
 OBS            103
       8.60629088064521
       6.35172025060398
       1.00000000000000
 102 104 -1
obdef
loc3d
        4.97052949833720              0.66907739847133              8.84140872955322     -1
kind
     26     
    62100          153599     
       12.25000000000000  
 OBS            104
       2.66025860250125
       3.61499669226358
       1.00000000000000
 103 105 -1
obdef
loc3d
        4.93505853489354              0.69035668900909            163.38452148437500     -1
kind
     26     
    62100          153599     
       12.25000000000000  
 OBS            105
       5.75743651351776
       4.90760232685246
       1.00000000000000
 104 106 -1
obdef
loc3d
        4.93979773523841              0.67259214116167             45.00000000000000     -1
kind
     26     
    62100          153599     
       12.25000000000000  
 OBS            106
       1.30172214875644
       3.22109150930145
       1.00000000000000
 105 107 -1
obdef
loc3d
        4.92901815402419              0.68818595396932            126.56063842773440     -1
kind
     26     
    62100          153599     
       12.25000000000000  
 OBS            107
      -0.07478138276476
       1.90982595122888
       1.00000000000000
 106 108 -1
obdef
loc3d
        4.92864050752959              0.68988490592333            360.09008789062500     -1
kind
     26     
    62100          153599     
       12.25000000000000  
 OBS            108
       5.14248909196235
       3.09538815574822
       1.00000000000000
 107 109 -1
obdef
loc3d
        4.94071794293451              0.68880476183725            173.77728271484381     -1
kind
     26     
    62100          153599     
       12.25000000000000  
 OBS            109
      -3.47028249156420
      -3.51584569881181
       1.00000000000000
 108 110 -1
obdef
loc3d
        4.94475069255349              0.67936922784321             17.10044860839844     -1
kind
     26     
    62100          153599     
       12.25000000000000  
 OBS            110
       4.82261786432563
       3.04702188846978
       1.00000000000000
 109 111 -1
obdef
loc3d
        4.93040524362615              0.68956958577383            472.38653564453119     -1
kind
     26     
    62100          153599     
       12.25000000000000  
 OBS            111
       4.06447696533700
       2.62486884053222
       1.00000000000000
 110 112 -1
obdef
loc3d
        4.93438788521233              0.68743777381223            157.39462280273440     -1
kind
     26     
    62100          153599     
       12.25000000000000  
 OBS            112
       5.73282863193586
       2.25861908066299
       1.00000000000000
 111 113 -1
obdef
loc3d
        4.93003537520636              0.69083454089469            382.75677490234381     -1
kind
     26     
    62100          153599     
       12.25000000000000  
 OBS            113
       3.91440091487977
       3.86938124424614
       1.00000000000000
 112 114 -1
obdef
loc3d
        4.94262489165251              0.68702513034102            130.29710388183591     -1
kind
     26     
    62100          153599     
       12.25000000000000  
 OBS            114
       3.78961945891153
       3.96019713087202
       1.00000000000000
 113 115 -1
obdef
loc3d
        4.93100113789334              0.68653549583784             94.66114807128906     -1
kind
     26     
    62100          153599     
       12.25000000000000  
 OBS            115
       2.83353581625613
       3.97855628923383
       1.00000000000000
 114 116 -1
obdef
loc3d
        4.94000002935902              0.67612888350011             59.69976806640625     -1
kind
     26     
    62100          153599     
       12.25000000000000  
 OBS            116
       7.73692494642580
       3.28507682209536
       1.00000000000000
 115 117 -1
obdef
loc3d
        4.94231604692662              0.69077376274482            190.83442687988281     -1
kind
     26     
    62100          153599     
       12.25000000000000  
 OBS            117
       8.24428511756816
       4.24721304418681
       1.00000000000000
 116 118 -1
obdef
loc3d
        4.93554247635603              0.69268257167582            131.09960937500000     -1
kind
     26     
    62100          153599     
       12.25000000000000  
 OBS            118
       2.72603014951871
       3.55339498213303
       1.00000000000000
 117 119 -1
obdef
loc3d
        4.94069913477896              0.68279864123905            131.77731323242190     -1
kind
     26     
    62100          153599     
       12.25000000000000  
 OBS            119
       2.05216110482489
       4.53190482814267
       1.00000000000000
 118 120 -1
obdef
loc3d
        4.94367854378329              0.67420565331297             56.55799865722656     -1
kind
     26     
    62100          153599     
       12.25000000000000  
 OBS            120
       6.50381493545588
       2.91011373395623
       1.00000000000000
 119 121 -1
obdef
loc3d
        4.93814984943932              0.67457436016830             39.55386734008789     -1
kind
     26     
    62100          153599     
       12.25000000000000  
 OBS            121
      -1.58420177252112
       2.75390715494533
       1.00000000000000
 120 122 -1
obdef
loc3d
        4.94253566982520              0.68065092526894             48.56933593750000     -1
kind
     26     
    62100          153599     
       12.25000000000000  
 OBS            122
       5.48712918515879
       4.30272552461908
       1.00000000000000
 121 123 -1
obdef
loc3d
        4.93593154408741              0.68080949477360             85.35743713378906     -1
kind
     26     
    62100          153599     
       12.25000000000000  
 OBS            123
       4.34092915561817
       8.18471767452518
       1.00000000000000
 122 124 -1
obdef
loc3d
        4.94758068519446              0.69282395273635            179.51908874511719     -1
kind
     26     
    62100          153599     
       12.25000000000000  
 OBS            124
       2.50599964864038
       4.08024949113891
       1.00000000000000
 123 125 -1
obdef
loc3d
        4.93541634697774              0.67261831698898             21.54207611083984     -1
kind
     26     
    62100          153599     
       12.25000000000000  
 OBS            125
       2.21112716120312
       2.98523913056762
       1.00000000000000
 124 126 -1
obdef
loc3d
        4.93342752395137              0.68533697059699            120.48287200927730     -1
kind
     26     
    62100          153599     
       12.25000000000000  
 OBS            126
       5.92509841183159
       2.40963319382968
       1.00000000000000
 125 127 -1
obdef
loc3d
        4.92811551620144              0.69141391763145            189.00242614746091     -1
kind
     26     
    62100          153599     
       12.25000000000000  
 OBS            127
       8.79659805523346
       4.53843793555657
       1.00000000000000
 126 128 -1
obdef
loc3d
        4.94328780634786              0.67761918906629             21.61136627197266     -1
kind
     26     
    62100          153599     
       12.25000000000000  
 OBS            128
       6.29000238144530
       2.77305911265945
       1.00000000000000
 127 129 -1
obdef
loc3d
        4.93617130041664              0.68578341426755            199.41349792480469     -1
kind
     26     
    62100          153599     
       12.25000000000000  
 OBS            129
       2.97780250511250
       2.64608705475159
       1.00000000000000
 128 130 -1
obdef
loc3d
        4.94488890698391              0.68151038983677             42.34177017211914     -1
kind
     26     
    62100          153599     
       12.25000000000000  
 OBS            130
       7.41454596357771
       5.28012316296697
       1.00000000000000
 129 131 -1
obdef
loc3d
        4.94610769319308              0.67540343249948             44.88281250000000     -1
kind
     26     
    62100          153599     
       12.25000000000000  
 OBS            131
       4.15163782385200
       2.16268332972717
       1.00000000000000
 130 132 -1
obdef
loc3d
        4.93098289428918              0.69278368564599            411.59194946289062     -1
kind
     26     
    62100          153599     
       12.25000000000000  
 OBS            132
       2.03623943229974
       3.58853060126901
       1.00000000000000
 131 133 -1
obdef
loc3d
        4.93746284305807              0.67295620864423             44.45593643188477     -1
kind
     26     
    62100          153599     
       12.25000000000000  
 OBS            133
       0.28092614276306
       3.06896394075979
       1.00000000000000
 132 134 -1
obdef
loc3d
        4.93742549337872              0.68866580079864            241.84100341796881     -1
kind
     26     
    62100          153599     
       12.25000000000000  
 OBS            134
       5.50273627861669
       4.65335220180525
       1.00000000000000
 133 135 -1
obdef
loc3d
        4.94310367286119              0.67063823067780             37.30942153930664     -1
kind
     26     
    62100          153599     
       12.25000000000000  
 OBS            135
       9.39193903711083
       3.13745294742461
       1.00000000000000
 134 136 -1
obdef
loc3d
        4.94312354358950              0.69286317278749            201.84664916992190     -1
kind
     26     
    62100          153599     
       12.25000000000000  
 OBS            136
       1.66984655477565
       3.57894316994914
       1.00000000000000
 135 137 -1
obdef
loc3d
        4.93202293942753              0.69056809921756            124.38476562500000     -1
kind
     26     
    62100          153599     
       12.25000000000000  
 OBS            137
       1.43721863677215
       3.20479131383695
       1.00000000000000
 136 138 -1
obdef
loc3d
        4.93852899085493              0.69282303339671            210.85327148437500     -1
kind
     26     
    62100          153599     
       12.25000000000000  
 OBS            138
       5.84091918430047
       3.50109748426756
       1.00000000000000
 137 139 -1
obdef
loc3d
        4.93925110381924              0.68654477021234            169.40324401855469     -1
kind
     26     
    62100          153599     
       12.25000000000000  
 OBS            139
       6.41349005153451
       5.34407974308546
       1.00000000000000
 138 140 -1
obdef
loc3d
        4.94561300163474              0.69021407942450            101.67103576660161     -1
kind
     26     
    62100          153599     
       12.25000000000000  
 OBS            140
       0.12743784982123
       3.94155145920204
       1.00000000000000
 139 141 -1
obdef
loc3d
        4.94677761419795              0.66921213830349             30.00000000000000     -1
kind
     26     
    62100          153599     
       12.25000000000000  
 OBS            141
       3.63086700605776
       3.95358718520261
       1.00000000000000
 140 142 -1
obdef
loc3d
        4.91464000802058              0.69220313236118            256.98049926757812     -1
kind
     26     
    62100          153599     
       12.25000000000000  
 OBS            142
       1.92296402048566
       4.15474469221626
       1.00000000000000
 141 143 -1
obdef
loc3d
        4.91222840493483              0.69213090540308            311.66015625000000     -1
kind
     26     
    62100          153599     
       12.25000000000000  
 OBS            143
       3.12629658967237
       2.61463634907904
       1.00000000000000
 142 144 -1
obdef
loc3d
        4.90319820253832              0.69077085029214            558.21520996093750     -1
kind
     26     
    62100          153599     
       12.25000000000000  
 OBS            144
       6.23910833783795
       2.36064847462029
       1.00000000000000
 143 145 -1
obdef
loc3d
        4.90548367400941              0.68961427180382            340.45385742187500     -1
kind
     26     
    62100          153599     
       12.25000000000000  
 OBS            145
       2.96458527224349
       3.28942259364949
       1.00000000000000
 144 146 -1
obdef
loc3d
        4.90182808691748              0.69286665451088            711.58941650390625     -1
kind
     26     
    62100          153599     
       12.25000000000000  
 OBS            146
      -1.60263803450632
       2.57295655032012
       1.00000000000000
 145 147 -1
obdef
loc3d
        4.92199514385413              0.69211089395115            185.84292602539060     -1
kind
     26     
    62100          153599     
       12.25000000000000  
 OBS            147
       4.33253438611687
       4.21752991452819
       1.00000000000000
 146 148 -1
obdef
loc3d
        4.91709198426003              0.69266703903771            205.88345336914060     -1
kind
     26     
    62100          153599     
       12.25000000000000  
 OBS            148
       4.75105984527985
       3.29328501372831
       1.00000000000000
 147 149 -1
obdef
loc3d
        4.91305125126208              0.69031483822850            320.48217773437500     -1
kind
     26     
    62100          153599     
       12.25000000000000  
 OBS            149
       7.31553703521917
       4.50438680931447
       1.00000000000000
 148 150 -1
obdef
loc3d
        4.90918301095293              0.69233086407935            229.95614624023440     -1
kind
     26     
    62100          153599     
       12.25000000000000  
 OBS            150
      -4.43245438961895
       3.49398184863820
       1.00000000000000
 149 151 -1
obdef
loc3d
        4.90002894620424              0.69031812013417            840.25653076171875     -1
kind
     26     
    62100          153599     
       12.25000000000000  
 OBS            151
     303.49010530777076
     303.89998284737499
       1.00000000000000
 150 152 -1
obdef
loc3d
        4.90540352515539              0.69194112440599            606.33142089843750     -1
kind
     27     
    62100          153599     
        6.25000000000000  
 OBS            152
     308.44338364631403
     306.63990201681099
       1.00000000000000
 151 153 -1
obdef
loc3d
        4.94546412681761              0.68348353984884             17.75631332397461     -1
kind
     27     
    62100          153599     
        6.25000000000000  
 OBS            153
     308.97502178346758
     308.58972234651498
       1.00000000000000
 152 154 -1
obdef
loc3d
        4.94660974174000              0.67744857875853             29.35406684875488     -1
kind
     27     
    62100          153599     
        6.25000000000000  
 OBS            154
     308.87831842058648
     309.31982252865902
       1.00000000000000
 153 155 -1
obdef
loc3d
        4.94648126630843              0.68652865419204             54.82812500000000     -1
kind
     27     
    62100          153599     
        6.25000000000000  
 OBS            155
     307.49677206427361
     307.55043517162602
       1.00000000000000
 154 156 -1
obdef
loc3d
        4.94445426011379              0.68507566758975             62.61011505126953     -1
kind
     27     
    62100          153599     
        6.25000000000000  
 OBS            156
     306.41996101126983
     307.00206145816998
       1.00000000000000
 155 157 -1
obdef
loc3d
        4.94602055174578              0.68752162087271            134.15721130371091     -1
kind
     27     
    62100          153599     
        6.25000000000000  
 OBS            157
     308.41521677367365
     308.26330384789298
       1.00000000000000
 156 158 -1
obdef
loc3d
        4.94603912728501              0.67254511985829             35.00297546386719     -1
kind
     27     
    62100          153599     
        6.25000000000000  
 OBS            158
     308.89447085831085
     308.55254776097303
       1.00000000000000
 157 159 -1
obdef
loc3d
        4.95877904994953              0.67986585977255             17.04111671447754     -1
kind
     27     
    62100          153599     
        6.25000000000000  
 OBS            159
     308.79812700103457
     308.69624840100499
       1.00000000000000
 158 160 -1
obdef
loc3d
        4.93958042817759              0.69095160998657            226.13127136230469     -1
kind
     27     
    62100          153599     
        6.25000000000000  
 OBS            160
     306.11093338220064
     306.21415380060603
       1.00000000000000
 159 161 -1
obdef
loc3d
        4.95756313665553              0.69181797222864             89.84997558593750     -1
kind
     27     
    62100          153599     
        6.25000000000000  
 OBS            161
     307.68987889108138
     308.71880515971901
       1.00000000000000
 160 162 -1
obdef
loc3d
        4.94078657111844              0.67409210989409             60.81152343750000     -1
kind
     27     
    62100          153599     
        6.25000000000000  
 OBS            162
     308.29257341892333
     307.52975790181699
       1.00000000000000
 161 163 -1
obdef
loc3d
        4.95557846691255              0.67267262139613              1.00000000000000     -1
kind
     27     
    62100          153599     
        6.25000000000000  
 OBS            163
     310.65694289155971
     309.80477403665901
       1.00000000000000
 162 164 -1
obdef
loc3d
        4.93193348448080              0.68856418981073            106.00000000000000     -1
kind
     27     
    62100          153599     
        6.25000000000000  
 OBS            164
     302.22087182207639
     302.51422818866001
       1.00000000000000
 163 165 -1
obdef
loc3d
        4.89970838141578              0.68765245249877            785.09423828125000     -1
kind
     27     
    62100          153599     
        6.25000000000000  
 OBS            165
     305.37123120933205
     305.84741909905398
       1.00000000000000
 164 166 -1
obdef
loc3d
        4.95026814558372              0.68993059237416             93.11567687988281     -1
kind
     27     
    62100          153599     
        6.25000000000000  
 OBS            166
     310.00739492430552
     309.65983635125701
       1.00000000000000
 165 167 -1
obdef
loc3d
        4.94174512165160              0.68484635226999            116.56585693359381     -1
kind
     27     
    62100          153599     
        6.25000000000000  
 OBS            167
     307.67249743139678
     307.45260935960499
       1.00000000000000
 166 168 -1
obdef
loc3d
        4.95420735021482              0.68473663912788             15.00000000000000     -1
kind
     27     
    62100          153599     
        6.25000000000000  
 OBS            168
     308.48537374532543
     309.20083712289102
       1.00000000000000
 167 169 -1
obdef
loc3d
        4.93477042118681              0.68310638816012            118.89588928222661     -1
kind
     27     
    62100          153599     
        6.25000000000000  
 OBS            169
     308.80178531379369
     309.03897038265802
       1.00000000000000
 168 170 -1
obdef
loc3d
        4.93795631029682              0.68276407673392            144.94107055664060     -1
kind
     27     
    62100          153599     
        6.25000000000000  
 OBS            170
     308.67226690473422
     308.66025449607099
       1.00000000000000
 169 171 -1
obdef
loc3d
        4.94001671685736              0.68064929967652             43.67281723022461     -1
kind
     27     
    62100          153599     
        6.25000000000000  
 OBS            171
     309.18819223347026
     308.54658044952902
       1.00000000000000
 170 172 -1
obdef
loc3d
        4.94058460161740              0.67807181314514             70.17810058593750     -1
kind
     27     
    62100          153599     
        6.25000000000000  
 OBS            172
     308.26767656074998
     308.13533094095902
       1.00000000000000
 171 173 -1
obdef
loc3d
        4.95423295419494              0.68033176843505              3.71636104583740     -1
kind
     27     
    62100          153599     
        6.25000000000000  
 OBS            173
     306.00928762083868
     306.68536845353702
       1.00000000000000
 172 174 -1
obdef
loc3d
        4.94926894458696              0.66642585587446             10.91526031494141     -1
kind
     27     
    62100          153599     
        6.25000000000000  
 OBS            174
     306.86476836948043
     307.38946050541500
       1.00000000000000
 173 175 -1
obdef
loc3d
        4.96223480186848              0.66700036066835              5.00000000000000     -1
kind
     27     
    62100          153599     
        6.25000000000000  
 OBS            175
     309.19728316329082
     308.55416901686999
       1.00000000000000
 174 176 -1
obdef
loc3d
        4.95546148971009              0.67729393735082              6.17724800109863     -1
kind
     27     
    62100          153599     
        6.25000000000000  
 OBS            176
     309.92105213365761
     308.52553502934097
       1.00000000000000
 175 177 -1
obdef
loc3d
        4.92652723985629              0.69051382381431            146.04148864746091     -1
kind
     27     
    62100          153599     
        6.25000000000000  
 OBS            177
     304.72416293395213
     306.08988153654400
       1.00000000000000
 176 178 -1
obdef
loc3d
        4.96366005344362              0.66920346185787              6.00000000000000     -1
kind
     27     
    62100          153599     
        6.25000000000000  
 OBS            178
     305.01463164062403
     306.40944011666897
       1.00000000000000
 177 179 -1
obdef
loc3d
        4.97052949833720              0.66907739847133              8.84140872955322     -1
kind
     27     
    62100          153599     
        6.25000000000000  
 OBS            179
     308.69984472768363
     308.72713144873200
       1.00000000000000
 178 180 -1
obdef
loc3d
        4.93505853489354              0.69035668900909            163.38452148437500     -1
kind
     27     
    62100          153599     
        6.25000000000000  
 OBS            180
     309.09289024045785
     308.06240481427301
       1.00000000000000
 179 181 -1
obdef
loc3d
        4.93979773523841              0.67259214116167             45.00000000000000     -1
kind
     27     
    62100          153599     
        6.25000000000000  
 OBS            181
     310.06551677245506
     308.84253634333697
       1.00000000000000
 180 182 -1
obdef
loc3d
        4.92901815402419              0.68818595396932            126.56063842773440     -1
kind
     27     
    62100          153599     
        6.25000000000000  
 OBS            182
     308.04800322133093
     306.21560690422001
       1.00000000000000
 181 183 -1
obdef
loc3d
        4.92864050752959              0.68988490592333            360.09008789062500     -1
kind
     27     
    62100          153599     
        6.25000000000000  
 OBS            183
     310.32498762209900
     309.28653676183802
       1.00000000000000
 182 184 -1
obdef
loc3d
        4.94071794293451              0.68880476183725            173.77728271484381     -1
kind
     27     
    62100          153599     
        6.25000000000000  
 OBS            184
     305.12671835903370
     303.69924855878401
       1.00000000000000
 183 185 -1
obdef
loc3d
        4.94475069255349              0.67936922784321             17.10044860839844     -1
kind
     27     
    62100          153599     
        6.25000000000000  
 OBS            185
     305.97591102256149
     306.21445437904799
       1.00000000000000
 184 186 -1
obdef
loc3d
        4.93040524362615              0.68956958577383            472.38653564453119     -1
kind
     27     
    62100          153599     
        6.25000000000000  
 OBS            186
     309.60291077704397
     309.02867107939198
       1.00000000000000
 185 187 -1
obdef
loc3d
        4.93438788521233              0.68743777381223            157.39462280273440     -1
kind
     27     
    62100          153599     
        6.25000000000000  
 OBS            187
     303.85773872141658
     305.55372586267202
       1.00000000000000
 186 188 -1
obdef
loc3d
        4.93003537520636              0.69083454089469            382.75677490234381     -1
kind
     27     
    62100          153599     
        6.25000000000000  
 OBS            188
     308.98356945083981
     309.26574089298703
       1.00000000000000
 187 189 -1
obdef
loc3d
        4.94262489165251              0.68702513034102            130.29710388183591     -1
kind
     27     
    62100          153599     
        6.25000000000000  
 OBS            189
     309.17814907546563
     309.74071873426101
       1.00000000000000
 188 190 -1
obdef
loc3d
        4.93100113789334              0.68653549583784             94.66114807128906     -1
kind
     27     
    62100          153599     
        6.25000000000000  
 OBS            190
     307.77771939467380
     310.03980558388099
       1.00000000000000
 189 191 -1
obdef
loc3d
        4.94000002935902              0.67612888350011             59.69976806640625     -1
kind
     27     
    62100          153599     
        6.25000000000000  
 OBS            191
     310.08297044958971
     309.00090016111199
       1.00000000000000
 190 192 -1
obdef
loc3d
        4.94231604692662              0.69077376274482            190.83442687988281     -1
kind
     27     
    62100          153599     
        6.25000000000000  
 OBS            192
     310.52461501294908
     308.89414446069799
       1.00000000000000
 191 193 -1
obdef
loc3d
        4.93554247635603              0.69268257167582            131.09960937500000     -1
kind
     27     
    62100          153599     
        6.25000000000000  
 OBS            193
     309.16389140302601
     308.91258743958701
       1.00000000000000
 192 194 -1
obdef
loc3d
        4.94069913477896              0.68279864123905            131.77731323242190     -1
kind
     27     
    62100          153599     
        6.25000000000000  
 OBS            194
     309.61055057662776
     309.03835530140299
       1.00000000000000
 193 195 -1
obdef
loc3d
        4.94367854378329              0.67420565331297             56.55799865722656     -1
kind
     27     
    62100          153599     
        6.25000000000000  
 OBS            195
     310.38887117605350
     309.30060638279002
       1.00000000000000
 194 196 -1
obdef
loc3d
        4.93814984943932              0.67457436016830             39.55386734008789     -1
kind
     27     
    62100          153599     
        6.25000000000000  
 OBS            196
     308.78552677398505
     308.12321457336202
       1.00000000000000
 195 197 -1
obdef
loc3d
        4.94253566982520              0.68065092526894             48.56933593750000     -1
kind
     27     
    62100          153599     
        6.25000000000000  
 OBS            197
     308.74812817774119
     309.53768195988999
       1.00000000000000
 196 198 -1
obdef
loc3d
        4.93593154408741              0.68080949477360             85.35743713378906     -1
kind
     27     
    62100          153599     
        6.25000000000000  
 OBS            198
     304.23976847193717
     305.42145710175100
       1.00000000000000
 197 199 -1
obdef
loc3d
        4.94758068519446              0.69282395273635            179.51908874511719     -1
kind
     27     
    62100          153599     
        6.25000000000000  
 OBS            199
     308.83271973255194
     309.10762399321902
       1.00000000000000
 198 200 -1
obdef
loc3d
        4.93541634697774              0.67261831698898             21.54207611083984     -1
kind
     27     
    62100          153599     
        6.25000000000000  
 OBS            200
     308.94091497074447
     309.16101630958599
       1.00000000000000
 199 201 -1
obdef
loc3d
        4.93342752395137              0.68533697059699            120.48287200927730     -1
kind
     27     
    62100          153599     
        6.25000000000000  
 OBS            201
     306.86580255741359
     307.54084612261300
       1.00000000000000
 200 202 -1
obdef
loc3d
        4.92811551620144              0.69141391763145            189.00242614746091     -1
kind
     27     
    62100          153599     
        6.25000000000000  
 OBS            202
     310.00884694744389
     309.75986602248298
       1.00000000000000
 201 203 -1
obdef
loc3d
        4.94328780634786              0.67761918906629             21.61136627197266     -1
kind
     27     
    62100          153599     
        6.25000000000000  
 OBS            203
     308.17676542081711
     308.63294099577899
       1.00000000000000
 202 204 -1
obdef
loc3d
        4.93617130041664              0.68578341426755            199.41349792480469     -1
kind
     27     
    62100          153599     
        6.25000000000000  
 OBS            204
     305.55990760480535
     305.15984234264101
       1.00000000000000
 203 205 -1
obdef
loc3d
        4.94488890698391              0.68151038983677             42.34177017211914     -1
kind
     27     
    62100          153599     
        6.25000000000000  
 OBS            205
     309.26037212464985
     308.53601017819898
       1.00000000000000
 204 206 -1
obdef
loc3d
        4.94610769319308              0.67540343249948             44.88281250000000     -1
kind
     27     
    62100          153599     
        6.25000000000000  
 OBS            206
     303.24053889232681
     304.02452236085799
       1.00000000000000
 205 207 -1
obdef
loc3d
        4.93098289428918              0.69278368564599            411.59194946289062     -1
kind
     27     
    62100          153599     
        6.25000000000000  
 OBS            207
     309.75924619837923
     309.22016669050703
       1.00000000000000
 206 208 -1
obdef
loc3d
        4.93746284305807              0.67295620864423             44.45593643188477     -1
kind
     27     
    62100          153599     
        6.25000000000000  
 OBS            208
     310.40353151823626
     308.33043277607300
       1.00000000000000
 207 209 -1
obdef
loc3d
        4.93742549337872              0.68866580079864            241.84100341796881     -1
kind
     27     
    62100          153599     
        6.25000000000000  
 OBS            209
     306.79822374943689
     307.23185327029898
       1.00000000000000
 208 210 -1
obdef
loc3d
        4.94310367286119              0.67063823067780             37.30942153930664     -1
kind
     27     
    62100          153599     
        6.25000000000000  
 OBS            210
     307.56299937915389
     307.72889130681602
       1.00000000000000
 209 211 -1
obdef
loc3d
        4.94312354358950              0.69286317278749            201.84664916992190     -1
kind
     27     
    62100          153599     
        6.25000000000000  
 OBS            211
     309.49239872118227
     309.71650645323803
       1.00000000000000
 210 212 -1
obdef
loc3d
        4.93202293942753              0.69056809921756            124.38476562500000     -1
kind
     27     
    62100          153599     
        6.25000000000000  
 OBS            212
     309.36246804988849
     308.18465885667399
       1.00000000000000
 211 213 -1
obdef
loc3d
        4.93852899085493              0.69282303339671            210.85327148437500     -1
kind
     27     
    62100          153599     
        6.25000000000000  
 OBS            213
     307.29993557231228
     306.87789859774603
       1.00000000000000
 212 214 -1
obdef
loc3d
        4.93925110381924              0.68654477021234            169.40324401855469     -1
kind
     27     
    62100          153599     
        6.25000000000000  
 OBS            214
     306.18853960219724
     307.28556417359499
       1.00000000000000
 213 215 -1
obdef
loc3d
        4.94561300163474              0.69021407942450            101.67103576660161     -1
kind
     27     
    62100          153599     
        6.25000000000000  
 OBS            215
     306.91440344092501
     307.43575885335599
       1.00000000000000
 214 216 -1
obdef
loc3d
        4.94677761419795              0.66921213830349             30.00000000000000     -1
kind
     27     
    62100          153599     
        6.25000000000000  
 OBS            216
     308.89624158676850
     307.90656703835202
       1.00000000000000
 215 217 -1
obdef
loc3d
        4.91464000802058              0.69220313236118            256.98049926757812     -1
kind
     27     
    62100          153599     
        6.25000000000000  
 OBS            217
     308.62778726189327
     308.63789356621697
       1.00000000000000
 216 218 -1
obdef
loc3d
        4.91222840493483              0.69213090540308            311.66015625000000     -1
kind
     27     
    62100          153599     
        6.25000000000000  
 OBS            218
     304.25397638168084
     303.27260273754803
       1.00000000000000
 217 219 -1
obdef
loc3d
        4.90319820253832              0.69077085029214            558.21520996093750     -1
kind
     27     
    62100          153599     
        6.25000000000000  
 OBS            219
     303.99597739019418
     305.07022968331398
       1.00000000000000
 218 220 -1
obdef
loc3d
        4.90548367400941              0.68961427180382            340.45385742187500     -1
kind
     27     
    62100          153599     
        6.25000000000000  
 OBS            220
     303.05786730656126
     303.10824399962502
       1.00000000000000
 219 221 -1
obdef
loc3d
        4.90182808691748              0.69286665451088            711.58941650390625     -1
kind
     27     
    62100          153599     
        6.25000000000000  
 OBS            221
     308.31844759227670
     307.11619456490098
       1.00000000000000
 220 222 -1
obdef
loc3d
        4.92199514385413              0.69211089395115            185.84292602539060     -1
kind
     27     
    62100          153599     
        6.25000000000000  
 OBS            222
     306.37599725707821
     307.71989503110802
       1.00000000000000
 221 223 -1
obdef
loc3d
        4.91709198426003              0.69266703903771            205.88345336914060     -1
kind
     27     
    62100          153599     
        6.25000000000000  
 OBS            223
     308.27823445194861
     307.92698955499901
       1.00000000000000
 222 224 -1
obdef
loc3d
        4.91305125126208              0.69031483822850            320.48217773437500     -1
kind
     27     
    62100          153599     
        6.25000000000000  
 OBS            224
     309.55669664272489
     309.25289887096602
       1.00000000000000
 223 225 -1
obdef
loc3d
        4.90918301095293              0.69233086407935            229.95614624023440     -1
kind
     27     
    62100          153599     
        6.25000000000000  
 OBS            225
     302.92278486643050
     302.70939544541699
       1.00000000000000
 224 -1 -1
obdef
loc3d
        4.90002894620424              0.69031812013417            840.25653076171875     -1
kind
     27     
    62100          153599     
        6.25000000000000  
